list_num_white = [0.9999877007846899, 0.9998770078468994, 0.9987946768996138, 0.9947236366319829, 0.9781688928246378, 0.9396108528275896, 0.8861338646594348, 0.8103583991341352, 0.7108577472757238, 0.6194007822300938, 0.5459867660443264, 0.49656851892849235, 0.46794824490197523, 0.45037266622389494, 0.4387745061865053, 0.4310997958330259, 0.4255159520822572, 0.42107593535532434, 0.41765675349912673, 0.4151354143605638, 0.4134996187243254, 0.41214670504021844, 0.4108552874326618, 0.410117334514058, 0.4097114604088259, 0.4091825941504932, 0.4077189875285957, 0.4072270189161932, 0.40703023147123213, 0.4069195385334416, 0.40675964873441073, 0.4067104518731705, 0.4066981526578604, 0.4066981526578604, 0.40668585344255037, 0.40668585344255037, 0.40668585344255037, 0.40668585344255037, 0.40668585344255037, 0.40668585344255037, 0.40668585344255037, 0.40668585344255037, 0.40668585344255037]
list_num_red = [1.2299215310063217e-05, 0.00012299215310063218, 0.0012053231003861953, 0.00527636336801712, 0.021831107175362213, 0.060376847957100334, 0.11374314318746465, 0.18843627776547855, 0.28386588935625906, 0.35876811059454405, 0.3936240867832632, 0.38956534573094237, 0.34241015423216, 0.2604850810518289, 0.1806262760435884, 0.11488697021130052, 0.0710525668462352, 0.04687230954665093, 0.03271591272476816, 0.023639091825941504, 0.017600177108700463, 0.013369247042038719, 0.010220647922662534, 0.007539418985068752, 0.005423953951737879, 0.004317024573832189, 0.004427717511622758, 0.003628268516468649, 0.0030871030428258677, 0.0027919218753843507, 0.0024229454160824538, 0.0010085356554251838, 0.0005288662583327184, 0.0003320788133717069, 0.00023368509089120114, 7.379529186037931e-05, 2.4598430620126434e-05, 1.2299215310063217e-05, 1.2299215310063217e-05, 0.0, 0.0, 0.0, 0.0]
list_num_orange = [0.0, 0.0, 0.0, 0.0, 0.0, 1.2299215310063217e-05, 0.00012299215310063218, 0.0012053231003861953, 0.00527636336801712, 0.021831107175362213, 0.0603891471724104, 0.11386613534056528, 0.18964160086586476, 0.2891422527242762, 0.3805992177699063, 0.4540132339556736, 0.5034314810715076, 0.5320517550980247, 0.5496273337761051, 0.5612254938134947, 0.5689002041669742, 0.5744840479177429, 0.5789240646446757, 0.5823432465008732, 0.5848645856394362, 0.5865003812756746, 0.5878532949597816, 0.5891447125673382, 0.589882665485942, 0.5902885395911741, 0.5908174058495068, 0.5922810124714043, 0.5927729810838068, 0.5929697685287678, 0.5930804614665585, 0.5932403512655893, 0.5932895481268295, 0.5933018473421395, 0.5933018473421395, 0.5933141465574496, 0.5933141465574496, 0.5933141465574496, 0.5933141465574496]
list_num_green = [0.0, 0.0, 0.0, 0.0, 0.0, 0.0, 0.0, 0.0, 0.0, 0.0, 0.0, 0.0, 0.0, 0.0, 0.0, 0.0, 0.0, 0.0, 0.0, 0.0, 0.0, 0.0, 0.0, 0.0, 0.0, 0.0, 0.0, 0.0, 0.0, 0.0, 0.0, 0.0, 0.0, 0.0, 0.0, 0.0, 0.0, 0.0, 0.0, 0.0, 0.0, 0.0, 0.0]
------------------------------------------- 
list_num_white = [0.9999877007846899, 0.9998770078468994, 0.9987946768996138, 0.9947236366319829, 0.9781688928246378, 0.9396108528275896, 0.8861338646594348, 0.8103583991341352, 0.7108577472757238, 0.6194007822300938, 0.5459867660443264, 0.49656851892849235, 0.46794824490197523, 0.45037266622389494, 0.4387745061865053, 0.4310997958330259, 0.4255159520822572, 0.42107593535532434, 0.41765675349912673, 0.4151354143605638, 0.4134996187243254, 0.41214670504021844, 0.4108552874326618, 0.410117334514058, 0.4097114604088259, 0.4091825941504932, 0.4077189875285957, 0.4072270189161932, 0.40703023147123213, 0.4069195385334416, 0.40675964873441073, 0.4067104518731705, 0.4066981526578604, 0.4066981526578604, 0.40668585344255037, 0.40668585344255037, 0.40668585344255037, 0.40668585344255037, 0.40668585344255037, 0.40668585344255037, 0.40668585344255037, 0.40668585344255037, 0.40668585344255037]
list_num_red = [1.2299215310063217e-05, 0.00012299215310063218, 0.0012053231003861953, 0.00527636336801712, 0.021831107175362213, 0.060376847957100334, 0.11374314318746465, 0.18843627776547855, 0.28386588935625906, 0.35876811059454405, 0.3936240867832632, 0.38956534573094237, 0.34241015423216, 0.2604850810518289, 0.1806262760435884, 0.11488697021130052, 0.0710525668462352, 0.04687230954665093, 0.03271591272476816, 0.023639091825941504, 0.017600177108700463, 0.013369247042038719, 0.010220647922662534, 0.007539418985068752, 0.005423953951737879, 0.004317024573832189, 0.004427717511622758, 0.003628268516468649, 0.0030871030428258677, 0.0027919218753843507, 0.0024229454160824538, 0.0010085356554251838, 0.0005288662583327184, 0.0003320788133717069, 0.00023368509089120114, 7.379529186037931e-05, 2.4598430620126434e-05, 1.2299215310063217e-05, 1.2299215310063217e-05, 0.0, 0.0, 0.0, 0.0]
list_num_orange = [0.0, 0.0, 0.0, 0.0, 0.0, 1.2299215310063217e-05, 0.00012299215310063218, 0.0012053231003861953, 0.00527636336801712, 0.021831107175362213, 0.0603891471724104, 0.11386613534056528, 0.18964160086586476, 0.2891422527242762, 0.3805992177699063, 0.4540132339556736, 0.5034314810715076, 0.5320517550980247, 0.5496273337761051, 0.5612254938134947, 0.5689002041669742, 0.5744840479177429, 0.5789240646446757, 0.5823432465008732, 0.5848645856394362, 0.5865003812756746, 0.5878532949597816, 0.5891447125673382, 0.589882665485942, 0.5902885395911741, 0.5908174058495068, 0.5922810124714043, 0.5927729810838068, 0.5929697685287678, 0.5930804614665585, 0.5932403512655893, 0.5932895481268295, 0.5933018473421395, 0.5933018473421395, 0.5933141465574496, 0.5933141465574496, 0.5933141465574496, 0.5933141465574496]
list_num_green = [0.0, 0.0, 0.0, 0.0, 0.0, 0.0, 0.0, 0.0, 0.0, 0.0, 0.0, 0.0, 0.0, 0.0, 0.0, 0.0, 0.0, 0.0, 0.0, 0.0, 0.0, 0.0, 0.0, 0.0, 0.0, 0.0, 0.0, 0.0, 0.0, 0.0, 0.0, 0.0, 0.0, 0.0, 0.0, 0.0, 0.0, 0.0, 0.0, 0.0, 0.0, 0.0, 0.0]
------------------------------------------- 
list_num_white = [0.9999877007846899, 0.9998770078468994, 0.9987946768996138, 0.9947236366319829, 0.9781688928246378, 0.9396108528275896, 0.8861338646594348, 0.8103583991341352, 0.7108577472757238, 0.6194007822300938, 0.5459867660443264, 0.49656851892849235, 0.46794824490197523, 0.45037266622389494, 0.4387745061865053, 0.4310997958330259, 0.4255159520822572, 0.42107593535532434, 0.41765675349912673, 0.4151354143605638, 0.4134996187243254, 0.41214670504021844, 0.4108552874326618, 0.410117334514058, 0.4097114604088259, 0.4091825941504932, 0.4077189875285957, 0.4072270189161932, 0.40703023147123213, 0.4069195385334416, 0.40675964873441073, 0.4067104518731705, 0.4066981526578604, 0.4066981526578604, 0.40668585344255037, 0.40668585344255037, 0.40668585344255037, 0.40668585344255037, 0.40668585344255037, 0.40668585344255037, 0.40668585344255037, 0.40668585344255037, 0.40668585344255037]
list_num_red = [1.2299215310063217e-05, 0.00012299215310063218, 0.0012053231003861953, 0.00527636336801712, 0.021831107175362213, 0.060376847957100334, 0.11374314318746465, 0.18843627776547855, 0.28386588935625906, 0.35876811059454405, 0.3936240867832632, 0.38956534573094237, 0.34241015423216, 0.2604850810518289, 0.1806262760435884, 0.11488697021130052, 0.0710525668462352, 0.04687230954665093, 0.03271591272476816, 0.023639091825941504, 0.017600177108700463, 0.013369247042038719, 0.010220647922662534, 0.007539418985068752, 0.005423953951737879, 0.004317024573832189, 0.004427717511622758, 0.003628268516468649, 0.0030871030428258677, 0.0027919218753843507, 0.0024229454160824538, 0.0010085356554251838, 0.0005288662583327184, 0.0003320788133717069, 0.00023368509089120114, 7.379529186037931e-05, 2.4598430620126434e-05, 1.2299215310063217e-05, 1.2299215310063217e-05, 0.0, 0.0, 0.0, 0.0]
list_num_orange = [0.0, 0.0, 0.0, 0.0, 0.0, 1.2299215310063217e-05, 0.00012299215310063218, 0.0012053231003861953, 0.00527636336801712, 0.021831107175362213, 0.0603891471724104, 0.11386613534056528, 0.18964160086586476, 0.2891422527242762, 0.3805992177699063, 0.4540132339556736, 0.5034314810715076, 0.5320517550980247, 0.5496273337761051, 0.5612254938134947, 0.5689002041669742, 0.5744840479177429, 0.5789240646446757, 0.5823432465008732, 0.5848645856394362, 0.5865003812756746, 0.5878532949597816, 0.5891447125673382, 0.589882665485942, 0.5902885395911741, 0.5908174058495068, 0.5922810124714043, 0.5927729810838068, 0.5929697685287678, 0.5930804614665585, 0.5932403512655893, 0.5932895481268295, 0.5933018473421395, 0.5933018473421395, 0.5933141465574496, 0.5933141465574496, 0.5933141465574496, 0.5933141465574496]
list_num_green = [0.0, 0.0, 0.0, 0.0, 0.0, 0.0, 0.0, 0.0, 0.0, 0.0, 0.0, 0.0, 0.0, 0.0, 0.0, 0.0, 0.0, 0.0, 0.0, 0.0, 0.0, 0.0, 0.0, 0.0, 0.0, 0.0, 0.0, 0.0, 0.0, 0.0, 0.0, 0.0, 0.0, 0.0, 0.0, 0.0, 0.0, 0.0, 0.0, 0.0, 0.0, 0.0, 0.0]
------------------------------------------- 
list_num_white = [0.9999877007846899, 0.9998770078468994, 0.9987946768996138, 0.9947236366319829, 0.9781688928246378, 0.9396108528275896, 0.8861338646594348, 0.8103583991341352, 0.7108577472757238, 0.6194007822300938, 0.5459867660443264, 0.49656851892849235, 0.46794824490197523, 0.45037266622389494, 0.4387745061865053, 0.4310997958330259, 0.4255159520822572, 0.42107593535532434, 0.41765675349912673, 0.4151354143605638, 0.4134996187243254, 0.41214670504021844, 0.4108552874326618, 0.410117334514058, 0.4097114604088259, 0.4091825941504932, 0.4077189875285957, 0.4072270189161932, 0.40703023147123213, 0.4069195385334416, 0.40675964873441073, 0.4067104518731705, 0.4066981526578604, 0.4066981526578604, 0.40668585344255037, 0.40668585344255037, 0.40668585344255037, 0.40668585344255037, 0.40668585344255037, 0.40668585344255037, 0.40668585344255037, 0.40668585344255037, 0.40668585344255037]
list_num_red = [1.2299215310063217e-05, 0.00012299215310063218, 0.0012053231003861953, 0.00527636336801712, 0.021831107175362213, 0.060376847957100334, 0.11374314318746465, 0.18843627776547855, 0.28386588935625906, 0.35876811059454405, 0.3936240867832632, 0.38956534573094237, 0.34241015423216, 0.2604850810518289, 0.1806262760435884, 0.11488697021130052, 0.0710525668462352, 0.04687230954665093, 0.03271591272476816, 0.023639091825941504, 0.017600177108700463, 0.013369247042038719, 0.010220647922662534, 0.007539418985068752, 0.005423953951737879, 0.004317024573832189, 0.004427717511622758, 0.003628268516468649, 0.0030871030428258677, 0.0027919218753843507, 0.0024229454160824538, 0.0010085356554251838, 0.0005288662583327184, 0.0003320788133717069, 0.00023368509089120114, 7.379529186037931e-05, 2.4598430620126434e-05, 1.2299215310063217e-05, 1.2299215310063217e-05, 0.0, 0.0, 0.0, 0.0]
list_num_orange = [0.0, 0.0, 0.0, 0.0, 0.0, 1.2299215310063217e-05, 0.00012299215310063218, 0.0012053231003861953, 0.00527636336801712, 0.021831107175362213, 0.0603891471724104, 0.11386613534056528, 0.18964160086586476, 0.2891422527242762, 0.3805992177699063, 0.4540132339556736, 0.5034314810715076, 0.5320517550980247, 0.5496273337761051, 0.5612254938134947, 0.5689002041669742, 0.5744840479177429, 0.5789240646446757, 0.5823432465008732, 0.5848645856394362, 0.5865003812756746, 0.5878532949597816, 0.5891447125673382, 0.589882665485942, 0.5902885395911741, 0.5908174058495068, 0.5922810124714043, 0.5927729810838068, 0.5929697685287678, 0.5930804614665585, 0.5932403512655893, 0.5932895481268295, 0.5933018473421395, 0.5933018473421395, 0.5933141465574496, 0.5933141465574496, 0.5933141465574496, 0.5933141465574496]
list_num_green = [0.0, 0.0, 0.0, 0.0, 0.0, 0.0, 0.0, 0.0, 0.0, 0.0, 0.0, 0.0, 0.0, 0.0, 0.0, 0.0, 0.0, 0.0, 0.0, 0.0, 0.0, 0.0, 0.0, 0.0, 0.0, 0.0, 0.0, 0.0, 0.0, 0.0, 0.0, 0.0, 0.0, 0.0, 0.0, 0.0, 0.0, 0.0, 0.0, 0.0, 0.0, 0.0, 0.0]
------------------------------------------- 
list_num_white = [0.9999877007846899, 0.9998770078468994, 0.9987946768996138, 0.9947236366319829, 0.9781688928246378, 0.9396108528275896, 0.8861338646594348, 0.8103583991341352, 0.7108577472757238, 0.6194007822300938, 0.5459867660443264, 0.49656851892849235, 0.46794824490197523, 0.45037266622389494, 0.4387745061865053, 0.4310997958330259, 0.4255159520822572, 0.42107593535532434, 0.41765675349912673, 0.4151354143605638, 0.4134996187243254, 0.41214670504021844, 0.4108552874326618, 0.410117334514058, 0.4097114604088259, 0.4091825941504932, 0.4077189875285957, 0.4072270189161932, 0.40703023147123213, 0.4069195385334416, 0.40675964873441073, 0.4067104518731705, 0.4066981526578604, 0.4066981526578604, 0.40668585344255037, 0.40668585344255037, 0.40668585344255037, 0.40668585344255037, 0.40668585344255037, 0.40668585344255037, 0.40668585344255037, 0.40668585344255037, 0.40668585344255037]
list_num_red = [1.2299215310063217e-05, 0.00012299215310063218, 0.0012053231003861953, 0.00527636336801712, 0.021831107175362213, 0.060376847957100334, 0.11374314318746465, 0.18843627776547855, 0.28386588935625906, 0.35876811059454405, 0.3936240867832632, 0.38956534573094237, 0.34241015423216, 0.2604850810518289, 0.1806262760435884, 0.11488697021130052, 0.0710525668462352, 0.04687230954665093, 0.03271591272476816, 0.023639091825941504, 0.017600177108700463, 0.013369247042038719, 0.010220647922662534, 0.007539418985068752, 0.005423953951737879, 0.004317024573832189, 0.004427717511622758, 0.003628268516468649, 0.0030871030428258677, 0.0027919218753843507, 0.0024229454160824538, 0.0010085356554251838, 0.0005288662583327184, 0.0003320788133717069, 0.00023368509089120114, 7.379529186037931e-05, 2.4598430620126434e-05, 1.2299215310063217e-05, 1.2299215310063217e-05, 0.0, 0.0, 0.0, 0.0]
list_num_orange = [0.0, 0.0, 0.0, 0.0, 0.0, 1.2299215310063217e-05, 0.00012299215310063218, 0.0012053231003861953, 0.00527636336801712, 0.021831107175362213, 0.0603891471724104, 0.11386613534056528, 0.18964160086586476, 0.2891422527242762, 0.3805992177699063, 0.4540132339556736, 0.5034314810715076, 0.5320517550980247, 0.5496273337761051, 0.5612254938134947, 0.5689002041669742, 0.5744840479177429, 0.5789240646446757, 0.5823432465008732, 0.5848645856394362, 0.5865003812756746, 0.5878532949597816, 0.5891447125673382, 0.589882665485942, 0.5902885395911741, 0.5908174058495068, 0.5922810124714043, 0.5927729810838068, 0.5929697685287678, 0.5930804614665585, 0.5932403512655893, 0.5932895481268295, 0.5933018473421395, 0.5933018473421395, 0.5933141465574496, 0.5933141465574496, 0.5933141465574496, 0.5933141465574496]
list_num_green = [0.0, 0.0, 0.0, 0.0, 0.0, 0.0, 0.0, 0.0, 0.0, 0.0, 0.0, 0.0, 0.0, 0.0, 0.0, 0.0, 0.0, 0.0, 0.0, 0.0, 0.0, 0.0, 0.0, 0.0, 0.0, 0.0, 0.0, 0.0, 0.0, 0.0, 0.0, 0.0, 0.0, 0.0, 0.0, 0.0, 0.0, 0.0, 0.0, 0.0, 0.0, 0.0, 0.0]
------------------------------------------- 
list_num_white = [0.9999877007846899, 0.9998770078468994, 0.9987946768996138, 0.9947236366319829, 0.9781688928246378, 0.9396108528275896, 0.8861338646594348, 0.8103583991341352, 0.7108577472757238, 0.6194007822300938, 0.5459867660443264, 0.49656851892849235, 0.46794824490197523, 0.45037266622389494, 0.4387745061865053, 0.4310997958330259, 0.4255159520822572, 0.42107593535532434, 0.41765675349912673, 0.4151354143605638, 0.4134996187243254, 0.41214670504021844, 0.4108552874326618, 0.410117334514058, 0.4097114604088259, 0.4091825941504932, 0.4077189875285957, 0.4072270189161932, 0.40703023147123213, 0.4069195385334416, 0.40675964873441073, 0.4067104518731705, 0.4066981526578604, 0.4066981526578604, 0.40668585344255037, 0.40668585344255037, 0.40668585344255037, 0.40668585344255037, 0.40668585344255037, 0.40668585344255037, 0.40668585344255037, 0.40668585344255037, 0.40668585344255037]
list_num_red = [1.2299215310063217e-05, 0.00012299215310063218, 0.0012053231003861953, 0.00527636336801712, 0.021831107175362213, 0.060376847957100334, 0.11374314318746465, 0.18843627776547855, 0.28386588935625906, 0.35876811059454405, 0.3936240867832632, 0.38956534573094237, 0.34241015423216, 0.2604850810518289, 0.1806262760435884, 0.11488697021130052, 0.0710525668462352, 0.04687230954665093, 0.03271591272476816, 0.023639091825941504, 0.017600177108700463, 0.013369247042038719, 0.010220647922662534, 0.007539418985068752, 0.005423953951737879, 0.004317024573832189, 0.004427717511622758, 0.003628268516468649, 0.0030871030428258677, 0.0027919218753843507, 0.0024229454160824538, 0.0010085356554251838, 0.0005288662583327184, 0.0003320788133717069, 0.00023368509089120114, 7.379529186037931e-05, 2.4598430620126434e-05, 1.2299215310063217e-05, 1.2299215310063217e-05, 0.0, 0.0, 0.0, 0.0]
list_num_orange = [0.0, 0.0, 0.0, 0.0, 0.0, 1.2299215310063217e-05, 0.00012299215310063218, 0.0012053231003861953, 0.00527636336801712, 0.021831107175362213, 0.0603891471724104, 0.11386613534056528, 0.18964160086586476, 0.2891422527242762, 0.3805992177699063, 0.4540132339556736, 0.5034314810715076, 0.5320517550980247, 0.5496273337761051, 0.5612254938134947, 0.5689002041669742, 0.5744840479177429, 0.5789240646446757, 0.5823432465008732, 0.5848645856394362, 0.5865003812756746, 0.5878532949597816, 0.5891447125673382, 0.589882665485942, 0.5902885395911741, 0.5908174058495068, 0.5922810124714043, 0.5927729810838068, 0.5929697685287678, 0.5930804614665585, 0.5932403512655893, 0.5932895481268295, 0.5933018473421395, 0.5933018473421395, 0.5933141465574496, 0.5933141465574496, 0.5933141465574496, 0.5933141465574496]
list_num_green = [0.0, 0.0, 0.0, 0.0, 0.0, 0.0, 0.0, 0.0, 0.0, 0.0, 0.0, 0.0, 0.0, 0.0, 0.0, 0.0, 0.0, 0.0, 0.0, 0.0, 0.0, 0.0, 0.0, 0.0, 0.0, 0.0, 0.0, 0.0, 0.0, 0.0, 0.0, 0.0, 0.0, 0.0, 0.0, 0.0, 0.0, 0.0, 0.0, 0.0, 0.0, 0.0, 0.0]
------------------------------------------- 
list_num_white = [0.9999877007846899, 0.9998770078468994, 0.9987946768996138, 0.9947236366319829, 0.9781688928246378, 0.9396108528275896, 0.8861338646594348, 0.8103583991341352, 0.7108577472757238, 0.6194007822300938, 0.5459867660443264, 0.49656851892849235, 0.46794824490197523, 0.45037266622389494, 0.4387745061865053, 0.4310997958330259, 0.4255159520822572, 0.42107593535532434, 0.41765675349912673, 0.4151354143605638, 0.4134996187243254, 0.41214670504021844, 0.4108552874326618, 0.410117334514058, 0.4097114604088259, 0.4091825941504932, 0.4077189875285957, 0.4072270189161932, 0.40703023147123213, 0.4069195385334416, 0.40675964873441073, 0.4067104518731705, 0.4066981526578604, 0.4066981526578604, 0.40668585344255037, 0.40668585344255037, 0.40668585344255037, 0.40668585344255037, 0.40668585344255037, 0.40668585344255037, 0.40668585344255037, 0.40668585344255037, 0.40668585344255037]
list_num_red = [1.2299215310063217e-05, 0.00012299215310063218, 0.0012053231003861953, 0.00527636336801712, 0.021831107175362213, 0.060376847957100334, 0.11374314318746465, 0.18843627776547855, 0.28386588935625906, 0.35876811059454405, 0.3936240867832632, 0.38956534573094237, 0.34241015423216, 0.2604850810518289, 0.1806262760435884, 0.11488697021130052, 0.0710525668462352, 0.04687230954665093, 0.03271591272476816, 0.023639091825941504, 0.017600177108700463, 0.013369247042038719, 0.010220647922662534, 0.007539418985068752, 0.005423953951737879, 0.004317024573832189, 0.004427717511622758, 0.003628268516468649, 0.0030871030428258677, 0.0027919218753843507, 0.0024229454160824538, 0.0010085356554251838, 0.0005288662583327184, 0.0003320788133717069, 0.00023368509089120114, 7.379529186037931e-05, 2.4598430620126434e-05, 1.2299215310063217e-05, 1.2299215310063217e-05, 0.0, 0.0, 0.0, 0.0]
list_num_orange = [0.0, 0.0, 0.0, 0.0, 0.0, 1.2299215310063217e-05, 0.00012299215310063218, 0.0012053231003861953, 0.00527636336801712, 0.021831107175362213, 0.0603891471724104, 0.11386613534056528, 0.18964160086586476, 0.2891422527242762, 0.3805992177699063, 0.4540132339556736, 0.5034314810715076, 0.5320517550980247, 0.5496273337761051, 0.5612254938134947, 0.5689002041669742, 0.5744840479177429, 0.5789240646446757, 0.5823432465008732, 0.5848645856394362, 0.5865003812756746, 0.5878532949597816, 0.5891447125673382, 0.589882665485942, 0.5902885395911741, 0.5908174058495068, 0.5922810124714043, 0.5927729810838068, 0.5929697685287678, 0.5930804614665585, 0.5932403512655893, 0.5932895481268295, 0.5933018473421395, 0.5933018473421395, 0.5933141465574496, 0.5933141465574496, 0.5933141465574496, 0.5933141465574496]
list_num_green = [0.0, 0.0, 0.0, 0.0, 0.0, 0.0, 0.0, 0.0, 0.0, 0.0, 0.0, 0.0, 0.0, 0.0, 0.0, 0.0, 0.0, 0.0, 0.0, 0.0, 0.0, 0.0, 0.0, 0.0, 0.0, 0.0, 0.0, 0.0, 0.0, 0.0, 0.0, 0.0, 0.0, 0.0, 0.0, 0.0, 0.0, 0.0, 0.0, 0.0, 0.0, 0.0, 0.0]
------------------------------------------- 
list_num_white = [0.9999877007846899, 0.9998770078468994, 0.9987946768996138, 0.9947236366319829, 0.9781688928246378, 0.9396108528275896, 0.8861338646594348, 0.8103583991341352, 0.7108577472757238, 0.6194007822300938, 0.5459867660443264, 0.49656851892849235, 0.46794824490197523, 0.45037266622389494, 0.4387745061865053, 0.4310997958330259, 0.4255159520822572, 0.42107593535532434, 0.41765675349912673, 0.4151354143605638, 0.4134996187243254, 0.41214670504021844, 0.4108552874326618, 0.410117334514058, 0.4097114604088259, 0.4091825941504932, 0.4077189875285957, 0.4072270189161932, 0.40703023147123213, 0.4069195385334416, 0.40675964873441073, 0.4067104518731705, 0.4066981526578604, 0.4066981526578604, 0.40668585344255037, 0.40668585344255037, 0.40668585344255037, 0.40668585344255037, 0.40668585344255037, 0.40668585344255037, 0.40668585344255037, 0.40668585344255037, 0.40668585344255037]
list_num_red = [1.2299215310063217e-05, 0.00012299215310063218, 0.0012053231003861953, 0.00527636336801712, 0.021831107175362213, 0.060376847957100334, 0.11374314318746465, 0.18843627776547855, 0.28386588935625906, 0.35876811059454405, 0.3936240867832632, 0.38956534573094237, 0.34241015423216, 0.2604850810518289, 0.1806262760435884, 0.11488697021130052, 0.0710525668462352, 0.04687230954665093, 0.03271591272476816, 0.023639091825941504, 0.017600177108700463, 0.013369247042038719, 0.010220647922662534, 0.007539418985068752, 0.005423953951737879, 0.004317024573832189, 0.004427717511622758, 0.003628268516468649, 0.0030871030428258677, 0.0027919218753843507, 0.0024229454160824538, 0.0010085356554251838, 0.0005288662583327184, 0.0003320788133717069, 0.00023368509089120114, 7.379529186037931e-05, 2.4598430620126434e-05, 1.2299215310063217e-05, 1.2299215310063217e-05, 0.0, 0.0, 0.0, 0.0]
list_num_orange = [0.0, 0.0, 0.0, 0.0, 0.0, 1.2299215310063217e-05, 0.00012299215310063218, 0.0012053231003861953, 0.00527636336801712, 0.021831107175362213, 0.0603891471724104, 0.11386613534056528, 0.18964160086586476, 0.2891422527242762, 0.3805992177699063, 0.4540132339556736, 0.5034314810715076, 0.5320517550980247, 0.5496273337761051, 0.5612254938134947, 0.5689002041669742, 0.5744840479177429, 0.5789240646446757, 0.5823432465008732, 0.5848645856394362, 0.5865003812756746, 0.5878532949597816, 0.5891447125673382, 0.589882665485942, 0.5902885395911741, 0.5908174058495068, 0.5922810124714043, 0.5927729810838068, 0.5929697685287678, 0.5930804614665585, 0.5932403512655893, 0.5932895481268295, 0.5933018473421395, 0.5933018473421395, 0.5933141465574496, 0.5933141465574496, 0.5933141465574496, 0.5933141465574496]
list_num_green = [0.0, 0.0, 0.0, 0.0, 0.0, 0.0, 0.0, 0.0, 0.0, 0.0, 0.0, 0.0, 0.0, 0.0, 0.0, 0.0, 0.0, 0.0, 0.0, 0.0, 0.0, 0.0, 0.0, 0.0, 0.0, 0.0, 0.0, 0.0, 0.0, 0.0, 0.0, 0.0, 0.0, 0.0, 0.0, 0.0, 0.0, 0.0, 0.0, 0.0, 0.0, 0.0, 0.0]
------------------------------------------- 
list_num_white = [0.9999877007846899, 0.9998770078468994, 0.9987946768996138, 0.9947236366319829, 0.9781688928246378, 0.9396108528275896, 0.8861338646594348, 0.8103583991341352, 0.7108577472757238, 0.6194007822300938, 0.5459867660443264, 0.49656851892849235, 0.46794824490197523, 0.45037266622389494, 0.4387745061865053, 0.4310997958330259, 0.4255159520822572, 0.42107593535532434, 0.41765675349912673, 0.4151354143605638, 0.4134996187243254, 0.41214670504021844, 0.4108552874326618, 0.410117334514058, 0.4097114604088259, 0.4091825941504932, 0.4077189875285957, 0.4072270189161932, 0.40703023147123213, 0.4069195385334416, 0.40675964873441073, 0.4067104518731705, 0.4066981526578604, 0.4066981526578604, 0.40668585344255037, 0.40668585344255037, 0.40668585344255037, 0.40668585344255037, 0.40668585344255037, 0.40668585344255037, 0.40668585344255037, 0.40668585344255037, 0.40668585344255037]
list_num_red = [1.2299215310063217e-05, 0.00012299215310063218, 0.0012053231003861953, 0.00527636336801712, 0.021831107175362213, 0.060376847957100334, 0.11374314318746465, 0.18843627776547855, 0.28386588935625906, 0.35876811059454405, 0.3936240867832632, 0.38956534573094237, 0.34241015423216, 0.2604850810518289, 0.1806262760435884, 0.11488697021130052, 0.0710525668462352, 0.04687230954665093, 0.03271591272476816, 0.023639091825941504, 0.017600177108700463, 0.013369247042038719, 0.010220647922662534, 0.007539418985068752, 0.005423953951737879, 0.004317024573832189, 0.004427717511622758, 0.003628268516468649, 0.0030871030428258677, 0.0027919218753843507, 0.0024229454160824538, 0.0010085356554251838, 0.0005288662583327184, 0.0003320788133717069, 0.00023368509089120114, 7.379529186037931e-05, 2.4598430620126434e-05, 1.2299215310063217e-05, 1.2299215310063217e-05, 0.0, 0.0, 0.0, 0.0]
list_num_orange = [0.0, 0.0, 0.0, 0.0, 0.0, 1.2299215310063217e-05, 0.00012299215310063218, 0.0012053231003861953, 0.00527636336801712, 0.021831107175362213, 0.0603891471724104, 0.11386613534056528, 0.18964160086586476, 0.2891422527242762, 0.3805992177699063, 0.4540132339556736, 0.5034314810715076, 0.5320517550980247, 0.5496273337761051, 0.5612254938134947, 0.5689002041669742, 0.5744840479177429, 0.5789240646446757, 0.5823432465008732, 0.5848645856394362, 0.5865003812756746, 0.5878532949597816, 0.5891447125673382, 0.589882665485942, 0.5902885395911741, 0.5908174058495068, 0.5922810124714043, 0.5927729810838068, 0.5929697685287678, 0.5930804614665585, 0.5932403512655893, 0.5932895481268295, 0.5933018473421395, 0.5933018473421395, 0.5933141465574496, 0.5933141465574496, 0.5933141465574496, 0.5933141465574496]
list_num_green = [0.0, 0.0, 0.0, 0.0, 0.0, 0.0, 0.0, 0.0, 0.0, 0.0, 0.0, 0.0, 0.0, 0.0, 0.0, 0.0, 0.0, 0.0, 0.0, 0.0, 0.0, 0.0, 0.0, 0.0, 0.0, 0.0, 0.0, 0.0, 0.0, 0.0, 0.0, 0.0, 0.0, 0.0, 0.0, 0.0, 0.0, 0.0, 0.0, 0.0, 0.0, 0.0, 0.0]
------------------------------------------- 
list_num_white = [0.9999877007846899, 0.9998770078468994, 0.9987946768996138, 0.9947236366319829, 0.9781688928246378, 0.9396108528275896, 0.8861338646594348, 0.8103583991341352, 0.7108577472757238, 0.6194007822300938, 0.5459867660443264, 0.49656851892849235, 0.46794824490197523, 0.45037266622389494, 0.4387745061865053, 0.4310997958330259, 0.4255159520822572, 0.42107593535532434, 0.41765675349912673, 0.4151354143605638, 0.4134996187243254, 0.41214670504021844, 0.4108552874326618, 0.410117334514058, 0.4097114604088259, 0.4091825941504932, 0.4077189875285957, 0.4072270189161932, 0.40703023147123213, 0.4069195385334416, 0.40675964873441073, 0.4067104518731705, 0.4066981526578604, 0.4066981526578604, 0.40668585344255037, 0.40668585344255037, 0.40668585344255037, 0.40668585344255037, 0.40668585344255037, 0.40668585344255037, 0.40668585344255037, 0.40668585344255037, 0.40668585344255037]
list_num_red = [1.2299215310063217e-05, 0.00012299215310063218, 0.0012053231003861953, 0.00527636336801712, 0.021831107175362213, 0.060376847957100334, 0.11374314318746465, 0.18843627776547855, 0.28386588935625906, 0.35876811059454405, 0.3936240867832632, 0.38956534573094237, 0.34241015423216, 0.2604850810518289, 0.1806262760435884, 0.11488697021130052, 0.0710525668462352, 0.04687230954665093, 0.03271591272476816, 0.023639091825941504, 0.017600177108700463, 0.013369247042038719, 0.010220647922662534, 0.007539418985068752, 0.005423953951737879, 0.004317024573832189, 0.004427717511622758, 0.003628268516468649, 0.0030871030428258677, 0.0027919218753843507, 0.0024229454160824538, 0.0010085356554251838, 0.0005288662583327184, 0.0003320788133717069, 0.00023368509089120114, 7.379529186037931e-05, 2.4598430620126434e-05, 1.2299215310063217e-05, 1.2299215310063217e-05, 0.0, 0.0, 0.0, 0.0]
list_num_orange = [0.0, 0.0, 0.0, 0.0, 0.0, 1.2299215310063217e-05, 0.00012299215310063218, 0.0012053231003861953, 0.00527636336801712, 0.021831107175362213, 0.0603891471724104, 0.11386613534056528, 0.18964160086586476, 0.2891422527242762, 0.3805992177699063, 0.4540132339556736, 0.5034314810715076, 0.5320517550980247, 0.5496273337761051, 0.5612254938134947, 0.5689002041669742, 0.5744840479177429, 0.5789240646446757, 0.5823432465008732, 0.5848645856394362, 0.5865003812756746, 0.5878532949597816, 0.5891447125673382, 0.589882665485942, 0.5902885395911741, 0.5908174058495068, 0.5922810124714043, 0.5927729810838068, 0.5929697685287678, 0.5930804614665585, 0.5932403512655893, 0.5932895481268295, 0.5933018473421395, 0.5933018473421395, 0.5933141465574496, 0.5933141465574496, 0.5933141465574496, 0.5933141465574496]
list_num_green = [0.0, 0.0, 0.0, 0.0, 0.0, 0.0, 0.0, 0.0, 0.0, 0.0, 0.0, 0.0, 0.0, 0.0, 0.0, 0.0, 0.0, 0.0, 0.0, 0.0, 0.0, 0.0, 0.0, 0.0, 0.0, 0.0, 0.0, 0.0, 0.0, 0.0, 0.0, 0.0, 0.0, 0.0, 0.0, 0.0, 0.0, 0.0, 0.0, 0.0, 0.0, 0.0, 0.0]
------------------------------------------- 
avg_list_num_white = [0.99998770078469, 0.9998770078468995, 0.9987946768996137, 0.9947236366319829, 0.9781688928246377, 0.9396108528275897, 0.8861338646594348, 0.8103583991341352, 0.7108577472757238, 0.6194007822300938, 0.5459867660443265, 0.49656851892849235, 0.46794824490197523, 0.45037266622389505, 0.43877450618650526, 0.43109979583302593, 0.42551595208225723, 0.4210759353553243, 0.4176567534991268, 0.4151354143605638, 0.4134996187243254, 0.41214670504021844, 0.41085528743266175, 0.41011733451405796, 0.4097114604088259, 0.4091825941504932, 0.4077189875285957, 0.4072270189161932, 0.4070302314712321, 0.40691953853344154, 0.40675964873441073, 0.40671045187317045, 0.40669815265786047, 0.40669815265786047, 0.40668585344255037, 0.40668585344255037, 0.40668585344255037, 0.40668585344255037, 0.40668585344255037, 0.40668585344255037, 0.40668585344255037, 0.40668585344255037, 0.40668585344255037]
avg_list_num_red = [1.2299215310063217e-05, 0.00012299215310063218, 0.0012053231003861953, 0.005276363368017121, 0.021831107175362213, 0.060376847957100334, 0.11374314318746467, 0.18843627776547853, 0.283865889356259, 0.3587681105945441, 0.3936240867832632, 0.3895653457309423, 0.34241015423216, 0.2604850810518289, 0.1806262760435884, 0.11488697021130052, 0.07105256684623519, 0.046872309546650934, 0.032715912724768155, 0.023639091825941507, 0.017600177108700463, 0.013369247042038717, 0.010220647922662533, 0.007539418985068753, 0.005423953951737879, 0.00431702457383219, 0.0044277175116227575, 0.0036282685164686487, 0.003087103042825868, 0.0027919218753843507, 0.0024229454160824533, 0.001008535655425184, 0.0005288662583327184, 0.0003320788133717068, 0.00023368509089120116, 7.37952918603793e-05, 2.4598430620126434e-05, 1.2299215310063217e-05, 1.2299215310063217e-05, 0.0, 0.0, 0.0, 0.0]
avg_list_num_orange = [0.0, 0.0, 0.0, 0.0, 0.0, 1.2299215310063217e-05, 0.00012299215310063218, 0.0012053231003861953, 0.005276363368017121, 0.021831107175362213, 0.06038914717241041, 0.11386613534056525, 0.18964160086586476, 0.2891422527242762, 0.3805992177699063, 0.4540132339556736, 0.5034314810715077, 0.5320517550980248, 0.549627333776105, 0.5612254938134946, 0.5689002041669742, 0.5744840479177428, 0.5789240646446758, 0.5823432465008731, 0.5848645856394362, 0.5865003812756747, 0.5878532949597817, 0.5891447125673384, 0.589882665485942, 0.5902885395911742, 0.5908174058495067, 0.5922810124714043, 0.5927729810838069, 0.5929697685287678, 0.5930804614665586, 0.5932403512655892, 0.5932895481268295, 0.5933018473421396, 0.5933018473421396, 0.5933141465574497, 0.5933141465574497, 0.5933141465574497, 0.5933141465574497]
avg_list_num_green = [0.0, 0.0, 0.0, 0.0, 0.0, 0.0, 0.0, 0.0, 0.0, 0.0, 0.0, 0.0, 0.0, 0.0, 0.0, 0.0, 0.0, 0.0, 0.0, 0.0, 0.0, 0.0, 0.0, 0.0, 0.0, 0.0, 0.0, 0.0, 0.0, 0.0, 0.0, 0.0, 0.0, 0.0, 0.0, 0.0, 0.0, 0.0, 0.0, 0.0, 0.0, 0.0, 0.0]
------------------------------------------- 
