outputs[ 0 ]=[0.0, 0.0, 0.0, 0.0, 0.0, 0.0002475860361475613, 0.00569447883139391, 0.031691012626887845, 0.04877444912106957, 0.07873235949492449, 0.11686060906164893, 0.1413716266402575, 0.1552364446645209, 0.16984402079722705, 0.22208467442436247, 0.26565981678633327, 0.2896756622926467, 0.3542956177271602, 0.44714038128249567, 0.5407279029462738, 0.5991582074770982, 0.62639267145333, 0.650656102995791, 0.6697202277791533, 0.6796236692250557, 0.6860609061648923, 0.690765040851696, 0.6917553849962862, 0.6917553849962862, 0.6920029710324338, 0.6922505570685813, 0.6922505570685813, 0.6922505570685813, 0.6922505570685813, 0.6922505570685813, 0.6922505570685813, 0.6922505570685813, 0.6922505570685813, 0.6922505570685813, 0.6922505570685813, 0.6922505570685813, 0.6922505570685813, 0.6922505570685813]
outputs_edges[ 0 ]=[0, 0, 0, 0, 0, 0, 0, 0, 0, 0, 0, 0, 0, 0, 4786, 10505, 16224, 20680, 25136, 29592, 29592, 29592, 29592, 29592, 29592, 29592, 29592, 29592, 29592, 29592, 29592, 29592, 29592, 29592, 29592, 29592, 29592, 29592, 29592, 29592, 29592, 29592, 29592]
--------------------------------------------
outputs[ 1 ]=[0.0, 0.0, 0.0, 0.0, 0.0, 0.0002475860361475613, 0.004456548650656103, 0.030453082446150036, 0.06016340678385739, 0.10002475860361476, 0.13963852438722457, 0.16192126764050507, 0.22728398118346124, 0.2572418915573162, 0.31468185194355036, 0.41544936865560783, 0.4657093339935628, 0.49467690022282745, 0.5186927457291409, 0.5345382520425848, 0.539489972765536, 0.5409754889824214, 0.5414706610547165, 0.5424610051993067, 0.5498885862837336, 0.5585540975488983, 0.5590492696211934, 0.5595444416934885, 0.5595444416934885, 0.5595444416934885, 0.5595444416934885, 0.5595444416934885, 0.5595444416934885, 0.5595444416934885, 0.5595444416934885, 0.5595444416934885, 0.5595444416934885, 0.5595444416934885, 0.5595444416934885, 0.5595444416934885, 0.5595444416934885, 0.5595444416934885, 0.5595444416934885]
outputs_edges[ 1 ]=[0, 0, 0, 0, 0, 0, 0, 0, 0, 0, 5555, 11110, 16665, 21421, 26177, 29675, 29675, 29675, 29675, 29675, 29675, 29675, 29675, 29675, 29675, 29675, 29675, 29675, 29675, 29675, 29675, 29675, 29675, 29675, 29675, 29675, 29675, 29675, 29675, 29675, 29675, 29675, 29675]
--------------------------------------------
outputs[ 2 ]=[0.0, 0.0, 0.0, 0.0, 0.0, 0.0002475860361475613, 0.0004951720722951226, 0.0007427581084426838, 0.0014855162168853676, 0.006932409012131715, 0.031691012626887845, 0.050507551374102504, 0.07056202030205497, 0.1042337212181233, 0.12626887843525625, 0.14038128249566725, 0.15226541223075019, 0.20673434018321366, 0.24610051993067592, 0.2720970537261698, 0.34612527853429065, 0.4038128249566724, 0.46818519435503836, 0.5320623916811091, 0.6080713047784105, 0.6491705867789057, 0.6895271106709582, 0.7095815795989107, 0.7249319138400594, 0.7373112156474375, 0.7467194850210448, 0.7546422381777668, 0.7593463728645704, 0.7603367170091607, 0.7603367170091607, 0.7608318890814558, 0.7608318890814558, 0.7608318890814558, 0.7608318890814558, 0.7608318890814558, 0.7608318890814558, 0.7608318890814558, 0.7608318890814558]
outputs_edges[ 2 ]=[0, 0, 0, 0, 0, 0, 0, 0, 0, 0, 0, 0, 0, 0, 0, 0, 3932, 7864, 13111, 18785, 23209, 27685, 32161, 35611, 35611, 35611, 35611, 35611, 35611, 35611, 35611, 35611, 35611, 35611, 35611, 35611, 35611, 35611, 35611, 35611, 35611, 35611, 35611]
--------------------------------------------
outputs[ 3 ]=[0.0, 0.0, 0.0, 0.0, 0.0, 0.0002475860361475613, 0.0012379301807378064, 0.01163654369893538, 0.042089626145085414, 0.08417925229017083, 0.1265164644714038, 0.1463233473632087, 0.15944540727902945, 0.18915573161673682, 0.2500618965090369, 0.3216142609556821, 0.43847487001733104, 0.5449368655607824, 0.6078237187422629, 0.6509036890319386, 0.6838326318395642, 0.7197326070809607, 0.7499381034909631, 0.7672691260212924, 0.7784104976479327, 0.7853429066600643, 0.7907897994553107, 0.7942560039613766, 0.7969794503589998, 0.7982173805397376, 0.7994553107204754, 0.8001980688289181, 0.8001980688289181, 0.8001980688289181, 0.8001980688289181, 0.8001980688289181, 0.8001980688289181, 0.8001980688289181, 0.8001980688289181, 0.8001980688289181, 0.8001980688289181, 0.8001980688289181, 0.8001980688289181]
outputs_edges[ 3 ]=[0, 0, 0, 0, 0, 0, 0, 0, 0, 0, 0, 0, 6705, 13168, 19152, 25181, 31210, 35955, 40451, 40451, 40451, 40451, 40451, 40451, 40451, 40451, 40451, 40451, 40451, 40451, 40451, 40451, 40451, 40451, 40451, 40451, 40451, 40451, 40451, 40451, 40451, 40451, 40451]
--------------------------------------------
outputs[ 4 ]=[0.0, 0.0, 0.0, 0.0, 0.0, 0.0002475860361475613, 0.0014855162168853676, 0.012874473879673186, 0.045060658578856154, 0.0722951225550879, 0.11834612527853429, 0.21861846991829662, 0.28620945778658086, 0.3369645951968309, 0.3976231740529834, 0.45159692993315176, 0.511265164644714, 0.5538499628620945, 0.5714285714285714, 0.5808368408021788, 0.5852933894528348, 0.5885120079227532, 0.5899975241396386, 0.5907402822480812, 0.5909878682842288, 0.5909878682842288, 0.5912354543203764, 0.5917306263926715, 0.5917306263926715, 0.5917306263926715, 0.5917306263926715, 0.5917306263926715, 0.5917306263926715, 0.5917306263926715, 0.5917306263926715, 0.5917306263926715, 0.5917306263926715, 0.5917306263926715, 0.5917306263926715, 0.5917306263926715, 0.5917306263926715, 0.5917306263926715, 0.5917306263926715]
outputs_edges[ 4 ]=[0, 0, 0, 0, 0, 0, 0, 2057, 5384, 10999, 16614, 23070, 29526, 35982, 40407, 40407, 40407, 40407, 40407, 40407, 40407, 40407, 40407, 40407, 40407, 40407, 40407, 40407, 40407, 40407, 40407, 40407, 40407, 40407, 40407, 40407, 40407, 40407, 40407, 40407, 40407, 40407, 40407]
--------------------------------------------
outputs[ 5 ]=[0.0, 0.0, 0.0, 0.0, 0.0, 0.0002475860361475613, 0.0007427581084426838, 0.0024758603614756128, 0.01163654369893538, 0.02352067343401832, 0.028472394156969547, 0.03342411487992077, 0.037137905422134194, 0.038375835602872, 0.03986135181975736, 0.04060410992820005, 0.04134686803664273, 0.0415944540727903, 0.041842040108937856, 0.04258479821738054, 0.04629858875959396, 0.05793513245852934, 0.07328546669967814, 0.08442683832631839, 0.10027234463976231, 0.11562267888091111, 0.12998266897746968, 0.15300817033919287, 0.21490467937608318, 0.26838326318395644, 0.32780391185937113, 0.4508541718247091, 0.5617727160188165, 0.6655112651646448, 0.6962119336469423, 0.7115622678880911, 0.7202277791532558, 0.7224560534785838, 0.7236939836593216, 0.7246843278039119, 0.7249319138400594, 0.7249319138400594, 0.7249319138400594]
outputs_edges[ 5 ]=[0, 0, 0, 0, 0, 0, 0, 0, 0, 0, 0, 0, 0, 0, 0, 0, 0, 0, 0, 0, 0, 0, 0, 0, 0, 0, 3979, 9255, 15686, 22117, 28548, 33670, 38446, 38446, 38446, 38446, 38446, 38446, 38446, 38446, 38446, 38446, 38446]
--------------------------------------------
outputs[ 6 ]=[0.0, 0.0, 0.0, 0.0, 0.0, 0.0002475860361475613, 0.0004951720722951226, 0.0019806882891804903, 0.004704134686803664, 0.01386481802426343, 0.04803169101262689, 0.086902698687794, 0.12923991086902697, 0.1463233473632087, 0.15696954691755385, 0.17504332755632582, 0.2391681109185442, 0.27011636543698936, 0.31418667987125526, 0.4043079970289676, 0.4597672691260213, 0.5313196335726665, 0.5781133944045556, 0.6422381777667739, 0.6724436741767764, 0.6860609061648923, 0.6939836593216142, 0.6967071057192374, 0.6981926219361227, 0.7021539985144838, 0.7033919286952216, 0.7036395147313691, 0.7043822728398118, 0.7046298588759594, 0.7048774449121069, 0.7056202030205496, 0.7056202030205496, 0.7056202030205496, 0.7056202030205496, 0.7056202030205496, 0.7056202030205496, 0.7056202030205496, 0.7056202030205496]
outputs_edges[ 6 ]=[0, 0, 0, 0, 0, 0, 0, 0, 0, 0, 0, 0, 0, 0, 0, 4007, 7535, 12333, 18037, 22483, 26929, 29993, 29993, 29993, 29993, 29993, 29993, 29993, 29993, 29993, 29993, 29993, 29993, 29993, 29993, 29993, 29993, 29993, 29993, 29993, 29993, 29993, 29993]
--------------------------------------------
outputs[ 7 ]=[0.0, 0.0, 0.0, 0.0, 0.0, 0.0002475860361475613, 0.0012379301807378064, 0.009408269373607328, 0.030700668482297598, 0.050507551374102504, 0.07006684822975984, 0.09012131715771231, 0.10844268383263184, 0.18568952711067097, 0.278781876702154, 0.36296112899232486, 0.4364941817281505, 0.5077989601386482, 0.5370141124040604, 0.5590492696211934, 0.5714285714285714, 0.584055459272097, 0.6120326813567715, 0.6412478336221837, 0.666501609309235, 0.7063629611289923, 0.7269126021292399, 0.7343401832136668, 0.737558801683585, 0.7380539737558802, 0.7387967318643228, 0.7402822480812082, 0.7407774201535033, 0.7407774201535033, 0.7407774201535033, 0.7407774201535033, 0.7407774201535033, 0.7407774201535033, 0.7407774201535033, 0.7407774201535033, 0.7407774201535033, 0.7407774201535033, 0.7407774201535033]
outputs_edges[ 7 ]=[0, 0, 0, 0, 0, 0, 0, 0, 0, 0, 3470, 8217, 13870, 19523, 25131, 30412, 35693, 35693, 35693, 35693, 35693, 35693, 35693, 35693, 35693, 35693, 35693, 35693, 35693, 35693, 35693, 35693, 35693, 35693, 35693, 35693, 35693, 35693, 35693, 35693, 35693, 35693, 35693]
--------------------------------------------
outputs[ 8 ]=[0.0, 0.0, 0.0, 0.0, 0.0, 0.0002475860361475613, 0.0004951720722951226, 0.0032186184699182965, 0.03540480316910126, 0.07873235949492449, 0.1329537014112404, 0.254518445159693, 0.3562763060163407, 0.4251052240653627, 0.48749690517454813, 0.5206734340183213, 0.537261698440208, 0.5459272097053726, 0.5508789304283238, 0.5540975488982421, 0.5592968556573409, 0.5855409754889824, 0.5971775191879178, 0.6023768259470166, 0.6048526863084922, 0.60609061648923, 0.6065857885615251, 0.6073285466699678, 0.6073285466699678, 0.6073285466699678, 0.6073285466699678, 0.6073285466699678, 0.6073285466699678, 0.6073285466699678, 0.6073285466699678, 0.6073285466699678, 0.6073285466699678, 0.6073285466699678, 0.6073285466699678, 0.6073285466699678, 0.6073285466699678, 0.6073285466699678, 0.6073285466699678]
outputs_edges[ 8 ]=[0, 0, 0, 0, 0, 0, 0, 5629, 11986, 18343, 24700, 31057, 37414, 37414, 37414, 37414, 37414, 37414, 37414, 37414, 37414, 37414, 37414, 37414, 37414, 37414, 37414, 37414, 37414, 37414, 37414, 37414, 37414, 37414, 37414, 37414, 37414, 37414, 37414, 37414, 37414, 37414, 37414]
--------------------------------------------
outputs[ 9 ]=[0.0, 0.0, 0.0, 0.0, 0.0, 0.0002475860361475613, 0.0002475860361475613, 0.0002475860361475613, 0.0002475860361475613, 0.0002475860361475613, 0.0002475860361475613, 0.0002475860361475613, 0.0002475860361475613, 0.0002475860361475613, 0.0002475860361475613, 0.0002475860361475613, 0.0002475860361475613, 0.0002475860361475613, 0.0002475860361475613, 0.0002475860361475613, 0.0002475860361475613, 0.0002475860361475613, 0.0002475860361475613, 0.0002475860361475613, 0.0002475860361475613, 0.0002475860361475613, 0.0002475860361475613, 0.0002475860361475613, 0.0002475860361475613, 0.0002475860361475613, 0.0002475860361475613, 0.0002475860361475613, 0.0002475860361475613, 0.0002475860361475613, 0.0002475860361475613, 0.0002475860361475613, 0.0002475860361475613, 0.0002475860361475613, 0.0002475860361475613, 0.0002475860361475613, 0.0002475860361475613, 0.0002475860361475613, 0.0002475860361475613]
outputs_edges[ 9 ]=[0, 0, 0, 0, 0, 0, 0, 0, 0, 0, 0, 0, 0, 0, 0, 0, 0, 0, 0, 0, 0, 0, 0, 0, 0, 0, 0, 0, 0, 0, 0, 0, 0, 0, 0, 0, 0, 0, 0, 0, 0, 0, 0]
--------------------------------------------
avg_output=[0.0, 0.0, 0.0, 0.0, 0.0, 0.0002475860361475613, 0.0016588264421886607, 0.01047288932904184, 0.028026739291903933, 0.050903689031938607, 0.08128249566724438, 0.1183956424857638, 0.15300817033919287, 0.1853181480564496, 0.22740777420153502, 0.26942312453577616, 0.31119088883386975, 0.35201782619460265, 0.38353552859618717, 0.41393909383510763, 0.43909383510769995, 0.463852438722456, 0.48611042337212174, 0.5072790294627383, 0.5251299826689775, 0.5384501114137163, 0.5479078979945532, 0.5538499628620946, 0.5623174052983412, 0.5694974003466204, 0.5767269126021293, 0.5900717999504829, 0.6017578608566476, 0.6122555087893043, 0.6153503342411488, 0.6170091606833374, 0.617875711809854, 0.6180985392423868, 0.6182223322604605, 0.6183213666749195, 0.6183461252785343, 0.6183461252785343, 0.6183461252785343]
avg_output_edges=[0.0, 0.0, 0.0, 0.0, 0.0, 0.0, 0.0, 768.6, 1737.0, 2934.2, 5033.9, 7345.4, 10418.0, 12750.8, 15306.7, 17760.1, 20209.0, 22002.1, 23992.4, 25450.0, 26337.0, 27091.0, 27538.6, 27883.6, 27883.6, 27883.6, 28281.5, 28809.1, 29452.2, 30095.3, 30738.4, 31250.6, 31728.2, 31728.2, 31728.2, 31728.2, 31728.2, 31728.2, 31728.2, 31728.2, 31728.2, 31728.2, 31728.2]
