outputs[ 0 ]=[0.0, 0.0, 0.0, 0.0, 0.0, 0.0002475860361475613, 0.003961376578360981, 0.040356523892052486, 0.07922753156721961, 0.11686060906164893, 0.21267640505075514, 0.3025501361723199, 0.35949492448625897, 0.379796979450359, 0.39539489972765535, 0.4043079970289676, 0.4085169596434761, 0.41099282000495174, 0.41322109433027976, 0.4152017826194603, 0.4199059173062639, 0.43624659569200297, 0.4770982916563506, 0.5266154988858628, 0.5592968556573409, 0.5709333993562763, 0.5768754642238177, 0.5810844268383263, 0.5823223570190641, 0.5828175290913592, 0.5830651151275068, 0.5833127011636544, 0.5833127011636544, 0.5833127011636544, 0.5833127011636544, 0.5833127011636544, 0.5833127011636544, 0.5833127011636544, 0.5833127011636544, 0.5833127011636544, 0.5833127011636544, 0.5833127011636544, 0.5833127011636544, 0.5833127011636544, 0.5833127011636544, 0.5833127011636544, 0.5833127011636544, 0.5833127011636544, 0.5833127011636544, 0.5833127011636544, 0.5833127011636544, 0.5833127011636544, 0.5833127011636544, 0.5833127011636544, 0.5833127011636544]
outputs_edges[ 0 ]=[0, 0, 0, 0, 1256, 3766, 8389, 13918, 19447, 24976, 30505, 34778, 38807, 41826, 41826, 41826, 41826, 41826, 42599, 43372, 44145, 44918, 45691, 46464, 47237, 47237, 47237, 47237, 47237, 47237, 47237, 47237, 47237, 47237, 47237, 47237, 47237, 47237, 47237, 47237, 47237, 47237, 47237, 47237, 47237, 47237, 47237, 47237, 47237, 47237, 47237, 47237, 47237, 47237, 47237]
--------------------------------------------
outputs[ 1 ]=[0.0, 0.0, 0.0, 0.0, 0.0, 0.0002475860361475613, 0.0004951720722951226, 0.0029710324337707352, 0.036395147313691506, 0.07724684327803912, 0.09804407031443427, 0.14929437979697946, 0.20599158207477097, 0.24411983164149542, 0.2564991334488735, 0.26194602624411983, 0.26491705867789056, 0.26541223075018566, 0.2659074028224808, 0.2666501609309235, 0.26714533300321863, 0.2678880911116613, 0.2678880911116613, 0.2678880911116613, 0.2678880911116613, 0.2678880911116613, 0.2678880911116613, 0.2678880911116613, 0.2678880911116613, 0.2678880911116613, 0.2678880911116613, 0.2678880911116613, 0.2678880911116613, 0.2678880911116613, 0.2678880911116613, 0.2678880911116613, 0.2678880911116613, 0.2678880911116613, 0.2678880911116613, 0.2678880911116613, 0.2678880911116613, 0.2678880911116613, 0.2678880911116613, 0.2678880911116613, 0.2678880911116613, 0.2678880911116613, 0.2678880911116613, 0.2678880911116613, 0.2678880911116613, 0.2678880911116613, 0.2678880911116613, 0.2678880911116613, 0.2678880911116613, 0.2678880911116613, 0.2678880911116613]
outputs_edges[ 1 ]=[0, 0, 0, 0, 0, 1258, 3357, 6838, 10319, 13800, 17281, 20762, 22985, 25208, 25208, 25208, 25208, 25208, 25208, 25208, 25208, 25208, 25208, 25208, 25208, 25208, 25208, 25208, 25208, 25208, 25208, 25208, 25208, 25208, 25208, 25208, 25208, 25208, 25208, 25208, 25208, 25208, 25208, 25208, 25208, 25208, 25208, 25208, 25208, 25208, 25208, 25208, 25208, 25208, 25208]
--------------------------------------------
outputs[ 2 ]=[0.0, 0.0, 0.0, 0.0, 0.0, 0.0002475860361475613, 0.0029710324337707352, 0.006932409012131715, 0.010893785590492696, 0.029462738301559793, 0.06189650903689032, 0.10844268383263184, 0.19064124783362218, 0.254518445159693, 0.3104728893290418, 0.33646942312453576, 0.3572666501609309, 0.39440455558306514, 0.42683832631839563, 0.4535776182223323, 0.46719485021044815, 0.47412725922257987, 0.47808863580094085, 0.4810596682347116, 0.48254518445159694, 0.48254518445159694, 0.4827927704877445, 0.48304035652389204, 0.48304035652389204, 0.48304035652389204, 0.48304035652389204, 0.48304035652389204, 0.48304035652389204, 0.48304035652389204, 0.48304035652389204, 0.48304035652389204, 0.48304035652389204, 0.48304035652389204, 0.48304035652389204, 0.48304035652389204, 0.48304035652389204, 0.48304035652389204, 0.48304035652389204, 0.48304035652389204, 0.48304035652389204, 0.48304035652389204, 0.48304035652389204, 0.48304035652389204, 0.48304035652389204, 0.48304035652389204, 0.48304035652389204, 0.48304035652389204, 0.48304035652389204, 0.48304035652389204, 0.48304035652389204]
outputs_edges[ 2 ]=[0, 0, 0, 0, 0, 0, 870, 3073, 6504, 11205, 15906, 20607, 25787, 30967, 35304, 38641, 40390, 42139, 43888, 44367, 44367, 44367, 44367, 44367, 44367, 44367, 44367, 44367, 44367, 44367, 44367, 44367, 44367, 44367, 44367, 44367, 44367, 44367, 44367, 44367, 44367, 44367, 44367, 44367, 44367, 44367, 44367, 44367, 44367, 44367, 44367, 44367, 44367, 44367, 44367]
--------------------------------------------
outputs[ 3 ]=[0.0, 0.0, 0.0, 0.0, 0.0, 0.0002475860361475613, 0.0009903441445902451, 0.007922753156721961, 0.022035157217132954, 0.031691012626887845, 0.04407031443426591, 0.0921020054468928, 0.1349343897004209, 0.18692745729140878, 0.2012874473879673, 0.21193364694231245, 0.21688536766526367, 0.22035157217132953, 0.22208467442436247, 0.22480812082198565, 0.22579846496657588, 0.2270363951473137, 0.22728398118346124, 0.22728398118346124, 0.22753156721960882, 0.22753156721960882, 0.22777915325575637, 0.22777915325575637, 0.22777915325575637, 0.22777915325575637, 0.22777915325575637, 0.22777915325575637, 0.22777915325575637, 0.22777915325575637, 0.22777915325575637, 0.22777915325575637, 0.22777915325575637, 0.22777915325575637, 0.22777915325575637, 0.22777915325575637, 0.22777915325575637, 0.22777915325575637, 0.22777915325575637, 0.22777915325575637, 0.22777915325575637, 0.22777915325575637, 0.22777915325575637, 0.22777915325575637, 0.22777915325575637, 0.22777915325575637, 0.22777915325575637, 0.22777915325575637, 0.22777915325575637, 0.22777915325575637, 0.22777915325575637]
outputs_edges[ 3 ]=[0, 0, 0, 0, 0, 0, 0, 1571, 4048, 6525, 9002, 11479, 13956, 16184, 16184, 16184, 16184, 16184, 16184, 16184, 16184, 16184, 16184, 16184, 16184, 16184, 16184, 16184, 16184, 16184, 16184, 16184, 16184, 16184, 16184, 16184, 16184, 16184, 16184, 16184, 16184, 16184, 16184, 16184, 16184, 16184, 16184, 16184, 16184, 16184, 16184, 16184, 16184, 16184, 16184]
--------------------------------------------
outputs[ 4 ]=[0.0, 0.0, 0.0, 0.0, 0.0, 0.0002475860361475613, 0.0007427581084426838, 0.0017331022530329288, 0.003961376578360981, 0.010646199554345134, 0.026244119831641495, 0.03664273334983907, 0.04307997028967566, 0.05100272344639762, 0.05719237435008666, 0.06090616489230007, 0.06288685318148056, 0.06338202525377569, 0.06362961128992325, 0.06412478336221837, 0.06412478336221837, 0.06412478336221837, 0.06412478336221837, 0.06412478336221837, 0.06412478336221837, 0.06412478336221837, 0.06412478336221837, 0.06412478336221837, 0.06412478336221837, 0.06412478336221837, 0.06412478336221837, 0.06412478336221837, 0.06412478336221837, 0.06412478336221837, 0.06412478336221837, 0.06412478336221837, 0.06412478336221837, 0.06412478336221837, 0.06412478336221837, 0.06412478336221837, 0.06412478336221837, 0.06412478336221837, 0.06412478336221837, 0.06412478336221837, 0.06412478336221837, 0.06412478336221837, 0.06412478336221837, 0.06412478336221837, 0.06412478336221837, 0.06412478336221837, 0.06412478336221837, 0.06412478336221837, 0.06412478336221837, 0.06412478336221837, 0.06412478336221837]
outputs_edges[ 4 ]=[0, 0, 0, 0, 0, 0, 0, 0, 0, 0, 0, 0, 0, 0, 0, 0, 0, 0, 0, 0, 0, 0, 0, 0, 0, 0, 0, 0, 0, 0, 0, 0, 0, 0, 0, 0, 0, 0, 0, 0, 0, 0, 0, 0, 0, 0, 0, 0, 0, 0, 0, 0, 0, 0, 0]
--------------------------------------------
outputs[ 5 ]=[0.0, 0.0, 0.0, 0.0, 0.0, 0.0002475860361475613, 0.0049517207229512255, 0.056697202277791535, 0.07873235949492449, 0.09036890319385987, 0.11859371131468185, 0.1426095568209953, 0.16018816538747216, 0.1733102253032929, 0.17727160188165386, 0.17925229017083436, 0.17974746224312949, 0.17974746224312949, 0.17974746224312949, 0.17974746224312949, 0.17974746224312949, 0.17974746224312949, 0.17974746224312949, 0.17974746224312949, 0.17974746224312949, 0.17974746224312949, 0.17974746224312949, 0.17974746224312949, 0.17974746224312949, 0.17974746224312949, 0.17974746224312949, 0.17974746224312949, 0.17974746224312949, 0.17974746224312949, 0.17974746224312949, 0.17974746224312949, 0.17974746224312949, 0.17974746224312949, 0.17974746224312949, 0.17974746224312949, 0.17974746224312949, 0.17974746224312949, 0.17974746224312949, 0.17974746224312949, 0.17974746224312949, 0.17974746224312949, 0.17974746224312949, 0.17974746224312949, 0.17974746224312949, 0.17974746224312949, 0.17974746224312949, 0.17974746224312949, 0.17974746224312949, 0.17974746224312949, 0.17974746224312949]
outputs_edges[ 5 ]=[0, 0, 0, 1270, 2540, 4672, 6804, 8936, 11068, 13200, 15332, 16194, 16194, 16194, 16194, 16194, 16194, 16194, 16194, 16194, 16194, 16194, 16194, 16194, 16194, 16194, 16194, 16194, 16194, 16194, 16194, 16194, 16194, 16194, 16194, 16194, 16194, 16194, 16194, 16194, 16194, 16194, 16194, 16194, 16194, 16194, 16194, 16194, 16194, 16194, 16194, 16194, 16194, 16194, 16194]
--------------------------------------------
outputs[ 6 ]=[0.0, 0.0, 0.0, 0.0, 0.0, 0.0002475860361475613, 0.0019806882891804903, 0.006189650903689032, 0.008913097301312206, 0.02698687794008418, 0.052735825699430555, 0.0824461500371379, 0.15449368655607823, 0.23347363208715027, 0.26194602624411983, 0.2824956672443674, 0.3010646199554345, 0.31468185194355036, 0.33424114879920774, 0.35479078979945533, 0.3708838821490468, 0.3793018073780639, 0.38276801188412973, 0.38450111413716265, 0.38524387224560536, 0.3854914582817529, 0.3854914582817529, 0.3854914582817529, 0.38573904431790046, 0.38573904431790046, 0.38573904431790046, 0.38573904431790046, 0.38573904431790046, 0.38573904431790046, 0.38573904431790046, 0.38573904431790046, 0.38573904431790046, 0.38573904431790046, 0.38573904431790046, 0.38573904431790046, 0.38573904431790046, 0.38573904431790046, 0.38573904431790046, 0.38573904431790046, 0.38573904431790046, 0.38573904431790046, 0.38573904431790046, 0.38573904431790046, 0.38573904431790046, 0.38573904431790046, 0.38573904431790046, 0.38573904431790046, 0.38573904431790046, 0.38573904431790046, 0.38573904431790046]
outputs_edges[ 6 ]=[0, 0, 0, 0, 0, 0, 868, 2740, 6083, 9426, 12769, 16157, 19545, 22933, 26321, 27622, 27667, 27712, 27757, 27802, 27802, 27802, 27802, 27802, 27802, 27802, 27802, 27802, 27802, 27802, 27802, 27802, 27802, 27802, 27802, 27802, 27802, 27802, 27802, 27802, 27802, 27802, 27802, 27802, 27802, 27802, 27802, 27802, 27802, 27802, 27802, 27802, 27802, 27802, 27802]
--------------------------------------------
outputs[ 7 ]=[0.0, 0.0, 0.0, 0.0, 0.0, 0.0002475860361475613, 0.0004951720722951226, 0.0019806882891804903, 0.010398613518197574, 0.027482050012379303, 0.055211686060906165, 0.1240406041099282, 0.19410745233968804, 0.22579846496657588, 0.2416439712800198, 0.25105224065362713, 0.26046051002723447, 0.26367912849715275, 0.26491705867789056, 0.26615498885862837, 0.26764050507551373, 0.2691260212923991, 0.27234463976231743, 0.278781876702154, 0.3151770240158455, 0.37261698440207974, 0.4043079970289676, 0.420401089378559, 0.42758108442683834, 0.43203763307749443, 0.4342659074028225, 0.43451349343897006, 0.4347610794751176, 0.4347610794751176, 0.4347610794751176, 0.4347610794751176, 0.4347610794751176, 0.4347610794751176, 0.4347610794751176, 0.4347610794751176, 0.4347610794751176, 0.4347610794751176, 0.4347610794751176, 0.4347610794751176, 0.4347610794751176, 0.4347610794751176, 0.4347610794751176, 0.4347610794751176, 0.4347610794751176, 0.4347610794751176, 0.4347610794751176, 0.4347610794751176, 0.4347610794751176, 0.4347610794751176, 0.4347610794751176]
outputs_edges[ 7 ]=[0, 0, 0, 0, 0, 0, 1004, 4109, 7595, 11081, 14567, 18053, 20535, 23017, 23017, 23017, 23017, 23017, 23017, 23017, 23017, 23790, 24563, 25336, 26109, 26882, 27655, 27655, 27655, 27655, 27655, 27655, 27655, 27655, 27655, 27655, 27655, 27655, 27655, 27655, 27655, 27655, 27655, 27655, 27655, 27655, 27655, 27655, 27655, 27655, 27655, 27655, 27655, 27655, 27655]
--------------------------------------------
outputs[ 8 ]=[0.0, 0.0, 0.0, 0.0, 0.0, 0.0002475860361475613, 0.0012379301807378064, 0.004456548650656103, 0.008417925229017083, 0.014607576132706116, 0.022035157217132954, 0.028224808120821985, 0.04085169596434761, 0.06610547165139886, 0.0812082198564001, 0.08814062886853181, 0.09457786580836841, 0.09853924238672938, 0.10051993067590988, 0.10151027482050012, 0.1022530329289428, 0.10274820500123794, 0.10299579103738549, 0.10299579103738549, 0.10299579103738549, 0.10299579103738549, 0.10324337707353305, 0.10324337707353305, 0.10324337707353305, 0.10324337707353305, 0.10324337707353305, 0.10324337707353305, 0.10324337707353305, 0.10324337707353305, 0.10324337707353305, 0.10324337707353305, 0.10324337707353305, 0.10324337707353305, 0.10324337707353305, 0.10324337707353305, 0.10324337707353305, 0.10324337707353305, 0.10324337707353305, 0.10324337707353305, 0.10324337707353305, 0.10324337707353305, 0.10324337707353305, 0.10324337707353305, 0.10324337707353305, 0.10324337707353305, 0.10324337707353305, 0.10324337707353305, 0.10324337707353305, 0.10324337707353305, 0.10324337707353305]
outputs_edges[ 8 ]=[0, 0, 0, 0, 0, 0, 0, 0, 0, 45, 90, 135, 180, 225, 225, 225, 225, 225, 225, 225, 225, 225, 225, 225, 225, 225, 225, 225, 225, 225, 225, 225, 225, 225, 225, 225, 225, 225, 225, 225, 225, 225, 225, 225, 225, 225, 225, 225, 225, 225, 225, 225, 225, 225, 225]
--------------------------------------------
outputs[ 9 ]=[0.0, 0.0, 0.0, 0.0, 0.0, 0.0002475860361475613, 0.0022282743253280515, 0.018816538747214655, 0.049022035157217134, 0.08096063382025254, 0.11785095320623917, 0.14731369150779897, 0.17999504827927704, 0.23372121812329785, 0.24709086407526615, 0.2532805149789552, 0.2572418915573162, 0.2589749938103491, 0.2602129239910869, 0.26046051002723447, 0.26145085417182473, 0.26194602624411983, 0.26244119831641494, 0.26541223075018566, 0.27630601634067836, 0.28893290418420403, 0.29636048526863085, 0.30552116860609063, 0.36172319881158704, 0.43451349343897006, 0.4461500371379054, 0.45753899480069327, 0.46818519435503836, 0.48873483535528595, 0.523149294379797, 0.5459272097053726, 0.5565734092597178, 0.5687051250309483, 0.5761327061153751, 0.5838078732359495, 0.5966823471156226, 0.6130230255013617, 0.62639267145333, 0.6387719732607081, 0.6605595444416935, 0.674919534538252, 0.6823471156226789, 0.686803664273335, 0.6885367665263679, 0.6897746967071057, 0.6900222827432533, 0.6905174548155484, 0.690765040851696, 0.690765040851696, 0.690765040851696]
outputs_edges[ 9 ]=[0, 0, 0, 0, 0, 773, 1546, 2319, 4350, 6381, 8412, 10149, 11886, 13623, 13623, 13623, 13623, 13623, 13623, 13623, 13623, 13623, 13623, 13623, 16100, 18577, 21054, 23531, 26008, 29301, 32345, 34483, 36621, 38759, 41141, 42371, 43601, 44831, 45220, 45609, 45998, 46242, 46486, 46730, 46974, 46974, 46974, 46974, 46974, 46974, 46974, 46974, 46974, 46974, 46974]
--------------------------------------------
avg_output=[0.0, 0.0, 0.0, 0.0, 0.0, 0.0002475860361475613, 0.002005446892795246, 0.014805644961624162, 0.030799702896756626, 0.05063134439217629, 0.0809358752166378, 0.12136667491953457, 0.16637781629116116, 0.20487744491210697, 0.22300074275810844, 0.23297846001485517, 0.24035652389205248, 0.24701658826442188, 0.2531319633572667, 0.2587026491705867, 0.26261450854171825, 0.2662292646694726, 0.2714780886358009, 0.27784104976479324, 0.28608566476850705, 0.2942807625649913, 0.29886110423372125, 0.301832136667492, 0.3083188908145581, 0.31609309234959154, 0.3175043327556326, 0.3186927457291409, 0.31978212428819014, 0.3218370883882149, 0.325278534290666, 0.3275563258232236, 0.3286209457786581, 0.32983411735578116, 0.3305768754642238, 0.33134439217628125, 0.3326318395642486, 0.33426590740282247, 0.3356028719980193, 0.3368408021787571, 0.3390195592968557, 0.34045555830651153, 0.34119831641495424, 0.3416439712800198, 0.3418172815053231, 0.3419410745233969, 0.3419658331270116, 0.34201535033424113, 0.3420401089378559, 0.3420401089378559, 0.3420401089378559]
avg_output_edges=[0.0, 0.0, 0.0, 127.0, 379.6, 1046.9, 2283.8, 4350.4, 6941.4, 9663.9, 12386.4, 14831.4, 16987.5, 19017.7, 19790.2, 20254.0, 20433.4, 20612.8, 20869.5, 20999.2, 21076.5, 21231.1, 21385.7, 21540.3, 21942.6, 22267.6, 22592.6, 22840.3, 23088.0, 23417.3, 23721.7, 23935.5, 24149.3, 24363.1, 24601.3, 24724.3, 24847.3, 24970.3, 25009.2, 25048.1, 25087.0, 25111.4, 25135.8, 25160.2, 25184.6, 25184.6, 25184.6, 25184.6, 25184.6, 25184.6, 25184.6, 25184.6, 25184.6, 25184.6, 25184.6]
