outputs[ 0 ]=[0.0, 0.0, 0.0, 0.0, 0.0, 0.0002475860361475613, 0.0007427581084426838, 0.0019806882891804903, 0.008170339192869523, 0.02698687794008418, 0.0779896013864818, 0.13443921762812577, 0.20623916811091855, 0.26714533300321863, 0.30552116860609063, 0.3602376825947017, 0.40232730873978706, 0.4444169348848725, 0.47685070562020304, 0.48502104481307257, 0.4879920772468433, 0.48947759346372866, 0.490963109680614, 0.4931913840059421, 0.498885862837336, 0.5115127506808615, 0.5397375588016836, 0.5947016588264422, 0.6392671453330032, 0.6746719485021044, 0.6984402079722704, 0.708838821490468, 0.7160188165387472, 0.7217132953701412, 0.7231988115870265, 0.7239415696954692, 0.7241891557316167, 0.7244367417677643, 0.7249319138400594, 0.7249319138400594, 0.7249319138400594, 0.7249319138400594, 0.7249319138400594]
outputs_edges[ 0 ]=[0, 0, 0, 0, 0, 52, 1623, 4100, 7835, 11570, 16107, 21715, 27074, 32433, 36886, 41339, 44482, 46355, 48228, 49299, 49681, 50542, 51448, 52354, 53260, 54166, 55072, 55596, 56120, 56644, 57168, 57692, 57737, 57737, 57737, 57737, 57737, 57737, 57737, 57737, 57737, 57737, 57737]
--------------------------------------------
outputs[ 1 ]=[0.0, 0.0, 0.0, 0.0, 0.0, 0.0002475860361475613, 0.007427581084426839, 0.06041099282000495, 0.08021787571180986, 0.08739787076008913, 0.10646199554345134, 0.14335231492943798, 0.1938598663035405, 0.23570190641247835, 0.24931913840059422, 0.2537756870512503, 0.2552612032681357, 0.25625154741272593, 0.2564991334488735, 0.25674671948502104, 0.2572418915573162, 0.2589749938103491, 0.2651646447140381, 0.2807625649913345, 0.2993315177024016, 0.3434018321366675, 0.3802921515226541, 0.3911859371131468, 0.40183213666749196, 0.4117355781133944, 0.41767764298093585, 0.42114384748700173, 0.42287694974003465, 0.42361970784847736, 0.4246100519930676, 0.4251052240653627, 0.4251052240653627, 0.4251052240653627, 0.4251052240653627, 0.4251052240653627, 0.4251052240653627, 0.4251052240653627, 0.4251052240653627]
outputs_edges[ 1 ]=[0, 0, 0, 1259, 2518, 3777, 6021, 9196, 12371, 15546, 18721, 21896, 23812, 25728, 27644, 27644, 27644, 27644, 27644, 27696, 27748, 29319, 30890, 32461, 34032, 35603, 37174, 38745, 40067, 41389, 42659, 42659, 42659, 42659, 42659, 42659, 42659, 42659, 42659, 42659, 42659, 42659, 42659]
--------------------------------------------
outputs[ 2 ]=[0.0, 0.0, 0.0, 0.0, 0.0, 0.0002475860361475613, 0.0002475860361475613, 0.0004951720722951226, 0.0009903441445902451, 0.008665511265164644, 0.08739787076008913, 0.16786333250804655, 0.2141619212676405, 0.23842535281010152, 0.2616984402079723, 0.274820500123793, 0.27927704877444914, 0.2805149789551869, 0.2812577370636296, 0.28150532309977716, 0.28150532309977716, 0.28150532309977716, 0.28150532309977716, 0.28150532309977716, 0.28150532309977716, 0.28150532309977716, 0.28150532309977716, 0.28150532309977716, 0.28150532309977716, 0.28150532309977716, 0.28150532309977716, 0.28150532309977716, 0.28150532309977716, 0.28150532309977716, 0.28150532309977716, 0.28150532309977716, 0.28150532309977716, 0.28150532309977716, 0.28150532309977716, 0.28150532309977716, 0.28150532309977716, 0.28150532309977716, 0.28150532309977716]
outputs_edges[ 2 ]=[0, 0, 0, 0, 0, 0, 2644, 6096, 9548, 13000, 16452, 19904, 23356, 26808, 27994, 28802, 28802, 28802, 28802, 28802, 28802, 28802, 28802, 28802, 28802, 28802, 28802, 28802, 28802, 28802, 28802, 28802, 28802, 28802, 28802, 28802, 28802, 28802, 28802, 28802, 28802, 28802, 28802]
--------------------------------------------
outputs[ 3 ]=[0.0, 0.0, 0.0, 0.0, 0.0, 0.0002475860361475613, 0.0017331022530329288, 0.008913097301312206, 0.022282743253280515, 0.02921515226541223, 0.033919286952215896, 0.03763307749442931, 0.039366179747462246, 0.04060410992820005, 0.041099282000495174, 0.04134686803664273, 0.04134686803664273, 0.04134686803664273, 0.04134686803664273, 0.04134686803664273, 0.04134686803664273, 0.04134686803664273, 0.04134686803664273, 0.04134686803664273, 0.04134686803664273, 0.04134686803664273, 0.04134686803664273, 0.04134686803664273, 0.04134686803664273, 0.04134686803664273, 0.04134686803664273, 0.04134686803664273, 0.04134686803664273, 0.04134686803664273, 0.04134686803664273, 0.04134686803664273, 0.04134686803664273, 0.04134686803664273, 0.04134686803664273, 0.04134686803664273, 0.04134686803664273, 0.04134686803664273, 0.04134686803664273]
outputs_edges[ 3 ]=[0, 0, 0, 0, 7, 14, 21, 28, 35, 42, 49, 49, 49, 49, 49, 49, 49, 49, 49, 49, 49, 49, 49, 49, 49, 49, 49, 49, 49, 49, 49, 49, 49, 49, 49, 49, 49, 49, 49, 49, 49, 49, 49]
--------------------------------------------
outputs[ 4 ]=[0.0, 0.0, 0.0, 0.0, 0.0, 0.0002475860361475613, 0.0029710324337707352, 0.02327308739787076, 0.10695716761574647, 0.1369150779896014, 0.15177024015845506, 0.16018816538747216, 0.16538747214657093, 0.16786333250804655, 0.16835850458034166, 0.16860609061648923, 0.16885367665263679, 0.16885367665263679, 0.16885367665263679, 0.16885367665263679, 0.16885367665263679, 0.16885367665263679, 0.16885367665263679, 0.16885367665263679, 0.16885367665263679, 0.16885367665263679, 0.16885367665263679, 0.16885367665263679, 0.16885367665263679, 0.16885367665263679, 0.16885367665263679, 0.16885367665263679, 0.16885367665263679, 0.16885367665263679, 0.16885367665263679, 0.16885367665263679, 0.16885367665263679, 0.16885367665263679, 0.16885367665263679, 0.16885367665263679, 0.16885367665263679, 0.16885367665263679, 0.16885367665263679]
outputs_edges[ 4 ]=[0, 0, 0, 1155, 3580, 6005, 8430, 10855, 13280, 15456, 16726, 17996, 17996, 17996, 17996, 17996, 17996, 17996, 17996, 17996, 17996, 17996, 17996, 17996, 17996, 17996, 17996, 17996, 17996, 17996, 17996, 17996, 17996, 17996, 17996, 17996, 17996, 17996, 17996, 17996, 17996, 17996, 17996]
--------------------------------------------
outputs[ 5 ]=[0.0, 0.0, 0.0, 0.0, 0.0, 0.0002475860361475613, 0.0007427581084426838, 0.006684822975984155, 0.029957910373854913, 0.10646199554345134, 0.18717504332755633, 0.28596187175043325, 0.32458529338945286, 0.3406783857390443, 0.35380044565486507, 0.35949492448625897, 0.36469423124535777, 0.3681604357514236, 0.36964595196830896, 0.3706362961128992, 0.3711314681851944, 0.37187422629363703, 0.37236939836593214, 0.37261698440207974, 0.37261698440207974, 0.37261698440207974, 0.37261698440207974, 0.37261698440207974, 0.37261698440207974, 0.37261698440207974, 0.37261698440207974, 0.37261698440207974, 0.37261698440207974, 0.37261698440207974, 0.37261698440207974, 0.37261698440207974, 0.37261698440207974, 0.37261698440207974, 0.37261698440207974, 0.37261698440207974, 0.37261698440207974, 0.37261698440207974, 0.37261698440207974]
outputs_edges[ 5 ]=[0, 0, 0, 0, 843, 3944, 8695, 13446, 18197, 22948, 27699, 32450, 37201, 38471, 39741, 41011, 42281, 42281, 42281, 42281, 42281, 42281, 42281, 42281, 42281, 42281, 42281, 42281, 42281, 42281, 42281, 42281, 42281, 42281, 42281, 42281, 42281, 42281, 42281, 42281, 42281, 42281, 42281]
--------------------------------------------
outputs[ 6 ]=[0.0, 0.0, 0.0, 0.0, 0.0, 0.0002475860361475613, 0.0009903441445902451, 0.0049517207229512255, 0.016835850458034166, 0.02723446397623174, 0.03218618469918297, 0.03441445902451102, 0.036395147313691506, 0.03862342163901956, 0.041099282000495174, 0.0415944540727903, 0.0415944540727903, 0.0415944540727903, 0.0415944540727903, 0.0415944540727903, 0.0415944540727903, 0.0415944540727903, 0.0415944540727903, 0.0415944540727903, 0.0415944540727903, 0.0415944540727903, 0.0415944540727903, 0.0415944540727903, 0.0415944540727903, 0.0415944540727903, 0.0415944540727903, 0.0415944540727903, 0.0415944540727903, 0.0415944540727903, 0.0415944540727903, 0.0415944540727903, 0.0415944540727903, 0.0415944540727903, 0.0415944540727903, 0.0415944540727903, 0.0415944540727903, 0.0415944540727903, 0.0415944540727903]
outputs_edges[ 6 ]=[0, 0, 0, 0, 7, 14, 21, 28, 35, 42, 49, 49, 49, 49, 49, 49, 49, 49, 49, 49, 49, 49, 49, 49, 49, 49, 49, 49, 49, 49, 49, 49, 49, 49, 49, 49, 49, 49, 49, 49, 49, 49, 49]
--------------------------------------------
outputs[ 7 ]=[0.0, 0.0, 0.0, 0.0, 0.0, 0.0002475860361475613, 0.007427581084426839, 0.0460510027234464, 0.09606338202525377, 0.14236197078484775, 0.1567219608814063, 0.16315919782124289, 0.16588264421886606, 0.16736816043575142, 0.16885367665263679, 0.16885367665263679, 0.16910126268878437, 0.16934884872493192, 0.16959643476107947, 0.16959643476107947, 0.16959643476107947, 0.16959643476107947, 0.16959643476107947, 0.16959643476107947, 0.16959643476107947, 0.16959643476107947, 0.16959643476107947, 0.16959643476107947, 0.16959643476107947, 0.16959643476107947, 0.16959643476107947, 0.16959643476107947, 0.16959643476107947, 0.16959643476107947, 0.16959643476107947, 0.16959643476107947, 0.16959643476107947, 0.16959643476107947, 0.16959643476107947, 0.16959643476107947, 0.16959643476107947, 0.16959643476107947, 0.16959643476107947]
outputs_edges[ 7 ]=[0, 0, 0, 1270, 3695, 6120, 8545, 10970, 13395, 15820, 18245, 19515, 19515, 19515, 19515, 19515, 19515, 19515, 19515, 19515, 19515, 19515, 19515, 19515, 19515, 19515, 19515, 19515, 19515, 19515, 19515, 19515, 19515, 19515, 19515, 19515, 19515, 19515, 19515, 19515, 19515, 19515, 19515]
--------------------------------------------
outputs[ 8 ]=[0.0, 0.0, 0.0, 0.0, 0.0, 0.0002475860361475613, 0.0007427581084426838, 0.0034662045060658577, 0.010893785590492696, 0.022035157217132954, 0.05694478831393909, 0.09556820995295866, 0.14161921267640504, 0.23941569695469175, 0.29512255508789303, 0.33151770240158457, 0.35652389205248824, 0.3708838821490468, 0.37657836098044073, 0.3780638771973261, 0.37954939341421146, 0.379796979450359, 0.379796979450359, 0.38004456548650656, 0.38004456548650656, 0.38004456548650656, 0.38004456548650656, 0.38004456548650656, 0.38004456548650656, 0.38004456548650656, 0.38004456548650656, 0.38004456548650656, 0.38004456548650656, 0.38004456548650656, 0.38004456548650656, 0.38004456548650656, 0.38004456548650656, 0.38004456548650656, 0.38004456548650656, 0.38004456548650656, 0.38004456548650656, 0.38004456548650656, 0.38004456548650656]
outputs_edges[ 8 ]=[0, 0, 0, 0, 378, 1760, 3142, 5365, 9325, 13285, 17245, 20827, 24409, 26987, 29565, 32143, 33463, 33942, 33942, 33942, 33942, 33942, 33942, 33942, 33942, 33942, 33942, 33942, 33942, 33942, 33942, 33942, 33942, 33942, 33942, 33942, 33942, 33942, 33942, 33942, 33942, 33942, 33942]
--------------------------------------------
outputs[ 9 ]=[0.0, 0.0, 0.0, 0.0, 0.0, 0.0002475860361475613, 0.0014855162168853676, 0.0059420648675414705, 0.013122059915820748, 0.019806882891804902, 0.038375835602872, 0.06709581579598911, 0.08294132210943303, 0.08937855904926963, 0.09507303788066353, 0.09680614013369646, 0.0977964842782867, 0.09853924238672938, 0.09928200049517208, 0.09952958653131963, 0.0997771725674672, 0.0997771725674672, 0.0997771725674672, 0.0997771725674672, 0.0997771725674672, 0.0997771725674672, 0.0997771725674672, 0.0997771725674672, 0.0997771725674672, 0.0997771725674672, 0.0997771725674672, 0.0997771725674672, 0.0997771725674672, 0.0997771725674672, 0.0997771725674672, 0.0997771725674672, 0.0997771725674672, 0.0997771725674672, 0.0997771725674672, 0.0997771725674672, 0.0997771725674672, 0.0997771725674672, 0.0997771725674672]
outputs_edges[ 9 ]=[0, 0, 0, 0, 45, 90, 135, 180, 225, 270, 315, 360, 405, 450, 495, 495, 495, 495, 495, 495, 495, 495, 495, 495, 495, 495, 495, 495, 495, 495, 495, 495, 495, 495, 495, 495, 495, 495, 495, 495, 495, 495, 495]
--------------------------------------------
avg_output=[0.0, 0.0, 0.0, 0.0, 0.0, 0.0002475860361475613, 0.0024511017578608568, 0.016216885367665263, 0.0385491458281753, 0.06070809606338203, 0.092894280762565, 0.1289675662292647, 0.15704382272839812, 0.18252042584798217, 0.19799455310720476, 0.2097053726169844, 0.2176776429809359, 0.2239910869026987, 0.22815053230997767, 0.22928942807625646, 0.22985887595939586, 0.23027977222084672, 0.23109680614013364, 0.2329289428076256, 0.23535528596187172, 0.24102500618965084, 0.24753651894033174, 0.2541223075018568, 0.25964347610794747, 0.2641743005694478, 0.2671453330032186, 0.2685318148056449, 0.26942312453577616, 0.2700668482297598, 0.2703144342659074, 0.27043822728398115, 0.2704629858875959, 0.27048774449121066, 0.27053726169844017, 0.27053726169844017, 0.27053726169844017, 0.27053726169844017, 0.27053726169844017]
avg_output_edges=[0.0, 0.0, 0.0, 368.4, 1107.3, 2177.6, 3927.7, 6026.4, 8424.6, 10797.9, 13160.8, 15476.1, 17386.6, 18848.6, 19993.4, 20904.3, 21477.6, 21712.8, 21900.1, 22012.4, 22055.8, 22299.0, 22546.7, 22794.4, 23042.1, 23289.8, 23537.5, 23747.0, 23931.6, 24116.2, 24295.6, 24348.0, 24352.5, 24352.5, 24352.5, 24352.5, 24352.5, 24352.5, 24352.5, 24352.5, 24352.5, 24352.5, 24352.5]
