outputs[ 0 ]=[0.0, 0.0, 0.0, 0.0, 0.0, 0.0002475860361475613, 0.0014855162168853676, 0.014112404060410992, 0.03763307749442931, 0.05942064867541471, 0.14558058925476602, 0.22456053478583807, 0.25352810101510276, 0.27655360237682597, 0.3104728893290418, 0.349343897004209, 0.37137905422134193, 0.3842535281010151, 0.38970042089626145, 0.3929190393661797, 0.39440455558306514, 0.3956424857638029, 0.4048031691012627, 0.43055211686060907, 0.4409507303788066, 0.44416934884872494, 0.44714038128249567, 0.44763555335479077, 0.44813072542708593, 0.44862589749938103, 0.44912106957167613, 0.44912106957167613, 0.44912106957167613, 0.44912106957167613, 0.44912106957167613, 0.44912106957167613, 0.44912106957167613, 0.44912106957167613, 0.44912106957167613, 0.44912106957167613, 0.44912106957167613, 0.44912106957167613, 0.44912106957167613, 0.44912106957167613, 0.44912106957167613, 0.44912106957167613, 0.44912106957167613, 0.44912106957167613, 0.44912106957167613, 0.44912106957167613, 0.44912106957167613, 0.44912106957167613, 0.44912106957167613, 0.44912106957167613, 0.44912106957167613]
outputs_edges[ 0 ]=[0, 0, 0, 0, 0, 0, 3454, 6908, 10362, 14295, 18228, 22161, 26094, 28769, 29626, 29626, 29626, 29626, 29626, 29626, 29626, 29626, 29626, 29626, 29626, 29626, 29626, 29626, 29626, 29626, 29626, 29626, 29626, 29626, 29626, 29626, 29626, 29626, 29626, 29626, 29626, 29626, 29626, 29626, 29626, 29626, 29626, 29626, 29626, 29626, 29626, 29626, 29626, 29626, 29626]
--------------------------------------------
outputs[ 1 ]=[0.0, 0.0, 0.0, 0.0, 0.0, 0.0002475860361475613, 0.0014855162168853676, 0.020302054964100025, 0.06511512750680862, 0.10571923743500866, 0.1388957662787819, 0.16018816538747216, 0.16712057439960387, 0.1700916068333746, 0.173805397375588, 0.17553849962862095, 0.17677642980935876, 0.17677642980935876, 0.1770240158455063, 0.1770240158455063, 0.1770240158455063, 0.1770240158455063, 0.1770240158455063, 0.1770240158455063, 0.1770240158455063, 0.1770240158455063, 0.1770240158455063, 0.1770240158455063, 0.1770240158455063, 0.1770240158455063, 0.1770240158455063, 0.1770240158455063, 0.1770240158455063, 0.1770240158455063, 0.1770240158455063, 0.1770240158455063, 0.1770240158455063, 0.1770240158455063, 0.1770240158455063, 0.1770240158455063, 0.1770240158455063, 0.1770240158455063, 0.1770240158455063, 0.1770240158455063, 0.1770240158455063, 0.1770240158455063, 0.1770240158455063, 0.1770240158455063, 0.1770240158455063, 0.1770240158455063, 0.1770240158455063, 0.1770240158455063, 0.1770240158455063, 0.1770240158455063, 0.1770240158455063]
outputs_edges[ 1 ]=[0, 0, 0, 0, 0, 2479, 4958, 7437, 9916, 12395, 12395, 12395, 12395, 12395, 12395, 12395, 12395, 12395, 12395, 12395, 12395, 12395, 12395, 12395, 12395, 12395, 12395, 12395, 12395, 12395, 12395, 12395, 12395, 12395, 12395, 12395, 12395, 12395, 12395, 12395, 12395, 12395, 12395, 12395, 12395, 12395, 12395, 12395, 12395, 12395, 12395, 12395, 12395, 12395, 12395]
--------------------------------------------
outputs[ 2 ]=[0.0, 0.0, 0.0, 0.0, 0.0, 0.0002475860361475613, 0.0007427581084426838, 0.0029710324337707352, 0.016588264421886604, 0.07254270859123546, 0.12824956672443674, 0.14657093339935628, 0.1591978212428819, 0.21094330279772222, 0.2659074028224808, 0.32384253528101015, 0.3711314681851944, 0.3934142114384749, 0.40505075513741023, 0.41396385243872247, 0.4169348848724932, 0.41891557316167366, 0.4194107452339688, 0.41965833127011637, 0.41965833127011637, 0.41965833127011637, 0.42015350334241147, 0.42015350334241147, 0.420401089378559, 0.4208962614508542, 0.422134191631592, 0.426095568209953, 0.4317900470413469, 0.43822728398118344, 0.45283486011388957, 0.4718989848972518, 0.48947759346372866, 0.5070562020302055, 0.5229017083436495, 0.5308244615003713, 0.5360237682594702, 0.5429561772716018, 0.5479078979945531, 0.5493934142114385, 0.5511265164644714, 0.5531072047536519, 0.5550878930428323, 0.5565734092597178, 0.5570685813320129, 0.5573161673681605, 0.5573161673681605, 0.5573161673681605, 0.5573161673681605, 0.5573161673681605, 0.5573161673681605]
outputs_edges[ 2 ]=[0, 0, 0, 0, 0, 0, 773, 1546, 2319, 4347, 8222, 12097, 15972, 19847, 22949, 26051, 26051, 26051, 26051, 26051, 26051, 26051, 26051, 26051, 26051, 26051, 26051, 26051, 26051, 26051, 26051, 26051, 26051, 26051, 26051, 26051, 26051, 26051, 26051, 26051, 26051, 26051, 26051, 26051, 26051, 26051, 26051, 26051, 26051, 26051, 26051, 26051, 26051, 26051, 26051]
--------------------------------------------
outputs[ 3 ]=[0.0, 0.0, 0.0, 0.0, 0.0, 0.0002475860361475613, 0.0004951720722951226, 0.0007427581084426838, 0.0019806882891804903, 0.003961376578360981, 0.01733102253032929, 0.04778410497647933, 0.07402822480812082, 0.11166130230255014, 0.14929437979697946, 0.21440950730378808, 0.23644466452092103, 0.24585293389452834, 0.2512998266897747, 0.25278534290666005, 0.254518445159693, 0.25476603119584057, 0.2550136172319881, 0.2552612032681357, 0.2552612032681357, 0.2555087893042832, 0.25798464966575885, 0.26541223075018566, 0.2817529091359247, 0.2978460014855162, 0.310968061401337, 0.33919286952215894, 0.38400594206486754, 0.43154246100519933, 0.48551621688536767, 0.5253775687051251, 0.5441941074523396, 0.5568209952958653, 0.5667244367417678, 0.5692002971032434, 0.5706858133201288, 0.5709333993562763, 0.5714285714285714, 0.5719237435008665, 0.5724189155731617, 0.5729140876454568, 0.5731616736816043, 0.5734092597177519, 0.5734092597177519, 0.5734092597177519, 0.5734092597177519, 0.5734092597177519, 0.5734092597177519, 0.5734092597177519, 0.5734092597177519]
outputs_edges[ 3 ]=[0, 0, 0, 0, 0, 0, 0, 0, 0, 773, 2802, 4831, 6860, 8889, 10624, 12359, 12359, 12359, 12359, 12359, 12359, 12359, 12359, 12359, 12359, 12359, 12359, 12359, 13802, 16086, 18370, 20654, 22696, 24738, 26780, 26780, 26780, 26780, 26780, 26780, 26780, 26780, 26780, 26780, 26780, 26780, 26780, 26780, 26780, 26780, 26780, 26780, 26780, 26780, 26780]
--------------------------------------------
outputs[ 4 ]=[0.0, 0.0, 0.0, 0.0, 0.0, 0.0002475860361475613, 0.0002475860361475613, 0.0002475860361475613, 0.0002475860361475613, 0.0002475860361475613, 0.0002475860361475613, 0.0002475860361475613, 0.0002475860361475613, 0.0002475860361475613, 0.0002475860361475613, 0.0002475860361475613, 0.0002475860361475613, 0.0002475860361475613, 0.0002475860361475613, 0.0002475860361475613, 0.0002475860361475613, 0.0002475860361475613, 0.0002475860361475613, 0.0002475860361475613, 0.0002475860361475613, 0.0002475860361475613, 0.0002475860361475613, 0.0002475860361475613, 0.0002475860361475613, 0.0002475860361475613, 0.0002475860361475613, 0.0002475860361475613, 0.0002475860361475613, 0.0002475860361475613, 0.0002475860361475613, 0.0002475860361475613, 0.0002475860361475613, 0.0002475860361475613, 0.0002475860361475613, 0.0002475860361475613, 0.0002475860361475613, 0.0002475860361475613, 0.0002475860361475613, 0.0002475860361475613, 0.0002475860361475613, 0.0002475860361475613, 0.0002475860361475613, 0.0002475860361475613, 0.0002475860361475613, 0.0002475860361475613, 0.0002475860361475613, 0.0002475860361475613, 0.0002475860361475613, 0.0002475860361475613, 0.0002475860361475613]
outputs_edges[ 4 ]=[0, 0, 0, 0, 0, 0, 0, 0, 0, 0, 0, 0, 0, 0, 0, 0, 0, 0, 0, 0, 0, 0, 0, 0, 0, 0, 0, 0, 0, 0, 0, 0, 0, 0, 0, 0, 0, 0, 0, 0, 0, 0, 0, 0, 0, 0, 0, 0, 0, 0, 0, 0, 0, 0, 0]
--------------------------------------------
outputs[ 5 ]=[0.0, 0.0, 0.0, 0.0, 0.0, 0.0002475860361475613, 0.003961376578360981, 0.02550136172319881, 0.05075513741025006, 0.13443921762812577, 0.21069571676157464, 0.24213914335231493, 0.2557563753404308, 0.26244119831641494, 0.26491705867789056, 0.2666501609309235, 0.2678880911116613, 0.26887843525625155, 0.2703639514731369, 0.27407774201535035, 0.2777915325575638, 0.28026739291903935, 0.282743253280515, 0.29314186679871257, 0.3310225303292894, 0.36989353800445657, 0.4060410992820005, 0.4577865808368408, 0.5082941322109433, 0.531567219608814, 0.5414706610547165, 0.5479078979945531, 0.5516216885367665, 0.5531072047536519, 0.5555830651151276, 0.5568209952958653, 0.5583065115127507, 0.5588016835850458, 0.5590492696211934, 0.5592968556573409, 0.5595444416934885, 0.5597920277296361, 0.5597920277296361, 0.5597920277296361, 0.5597920277296361, 0.5597920277296361, 0.5597920277296361, 0.5597920277296361, 0.5597920277296361, 0.5597920277296361, 0.5597920277296361, 0.5597920277296361, 0.5597920277296361, 0.5597920277296361, 0.5597920277296361]
outputs_edges[ 5 ]=[0, 0, 0, 0, 0, 3477, 6954, 10431, 13908, 17385, 20862, 20862, 20862, 20862, 20862, 20862, 20862, 20862, 20862, 20862, 20862, 20862, 21706, 22550, 23394, 24238, 25082, 25926, 25926, 25926, 25926, 25926, 25926, 25926, 25926, 25926, 25926, 25926, 25926, 25926, 25926, 25926, 25926, 25926, 25926, 25926, 25926, 25926, 25926, 25926, 25926, 25926, 25926, 25926, 25926]
--------------------------------------------
outputs[ 6 ]=[0.0, 0.0, 0.0, 0.0, 0.0, 0.0002475860361475613, 0.0017331022530329288, 0.019064124783362217, 0.04382272839811835, 0.05075513741025006, 0.07105719237435008, 0.10720475365189404, 0.13245852933894528, 0.1478088635800941, 0.15696954691755385, 0.16266402574894775, 0.16538747214657093, 0.16736816043575142, 0.17355781133944045, 0.2230750185689527, 0.27234463976231743, 0.3280514978955187, 0.39366179747462243, 0.43624659569200297, 0.46645209210200544, 0.48378311463233475, 0.5048279277048775, 0.5194355038375835, 0.5310720475365189, 0.5429561772716018, 0.5491458281752909, 0.5523644466452092, 0.5543451349343897, 0.5548403070066849, 0.5558306511512751, 0.5568209952958653, 0.5568209952958653, 0.5568209952958653, 0.5568209952958653, 0.5568209952958653, 0.5568209952958653, 0.5568209952958653, 0.5568209952958653, 0.5568209952958653, 0.5568209952958653, 0.5568209952958653, 0.5568209952958653, 0.5568209952958653, 0.5568209952958653, 0.5568209952958653, 0.5568209952958653, 0.5568209952958653, 0.5568209952958653, 0.5568209952958653, 0.5568209952958653]
outputs_edges[ 6 ]=[0, 0, 0, 0, 0, 0, 0, 773, 1546, 2319, 3092, 3092, 3092, 3092, 3092, 3092, 5576, 9064, 12552, 16085, 19618, 23151, 25428, 27318, 27318, 27318, 27318, 27318, 27318, 27318, 27318, 27318, 27318, 27318, 27318, 27318, 27318, 27318, 27318, 27318, 27318, 27318, 27318, 27318, 27318, 27318, 27318, 27318, 27318, 27318, 27318, 27318, 27318, 27318, 27318]
--------------------------------------------
outputs[ 7 ]=[0.0, 0.0, 0.0, 0.0, 0.0, 0.0002475860361475613, 0.0017331022530329288, 0.015845506313443922, 0.03887100767516712, 0.06486754147066105, 0.10943302797722208, 0.1406288685318148, 0.15127506808615995, 0.15696954691755385, 0.16093092349591484, 0.16216885367665262, 0.1643971280019807, 0.1700916068333746, 0.20178261946026244, 0.2602129239910869, 0.3201287447387967, 0.40826937360732857, 0.5323099777172567, 0.5862837335974251, 0.6194602624411983, 0.6385243872245605, 0.6672443674176777, 0.6875464223817777, 0.6984402079722704, 0.7061153750928447, 0.7083436494181728, 0.7098291656350582, 0.7100767516712058, 0.7108195097796485, 0.7108195097796485, 0.711067095815796, 0.711067095815796, 0.711067095815796, 0.711067095815796, 0.711067095815796, 0.711067095815796, 0.711067095815796, 0.711067095815796, 0.711067095815796, 0.711067095815796, 0.711067095815796, 0.711067095815796, 0.711067095815796, 0.711067095815796, 0.711067095815796, 0.711067095815796, 0.711067095815796, 0.711067095815796, 0.711067095815796, 0.711067095815796]
outputs_edges[ 7 ]=[0, 0, 0, 0, 0, 0, 773, 1546, 2319, 3092, 3092, 3092, 3092, 3092, 3092, 3092, 7055, 12742, 18429, 24087, 29745, 35403, 39798, 44193, 46300, 46300, 46300, 46300, 46300, 46300, 46300, 46300, 46300, 46300, 46300, 46300, 46300, 46300, 46300, 46300, 46300, 46300, 46300, 46300, 46300, 46300, 46300, 46300, 46300, 46300, 46300, 46300, 46300, 46300, 46300]
--------------------------------------------
outputs[ 8 ]=[0.0, 0.0, 0.0, 0.0, 0.0, 0.0002475860361475613, 0.0017331022530329288, 0.010151027482050013, 0.024015845506313444, 0.06016340678385739, 0.16315919782124289, 0.23248328794256004, 0.25278534290666005, 0.2639267145333003, 0.2698687794008418, 0.27333498390690764, 0.2755632582322357, 0.27977222084674425, 0.29066600643723695, 0.3104728893290418, 0.3344887348353553, 0.35652389205248824, 0.3793018073780639, 0.3971280019806883, 0.41099282000495174, 0.4147066105471651, 0.4161921267640505, 0.41767764298093585, 0.4186679871255261, 0.41965833127011637, 0.420401089378559, 0.42064867541470663, 0.4208962614508542, 0.4208962614508542, 0.4208962614508542, 0.4208962614508542, 0.4208962614508542, 0.4208962614508542, 0.4208962614508542, 0.4208962614508542, 0.4208962614508542, 0.4208962614508542, 0.4208962614508542, 0.4208962614508542, 0.4208962614508542, 0.4208962614508542, 0.4208962614508542, 0.4208962614508542, 0.4208962614508542, 0.4208962614508542, 0.4208962614508542, 0.4208962614508542, 0.4208962614508542, 0.4208962614508542, 0.4208962614508542]
outputs_edges[ 8 ]=[0, 0, 0, 0, 0, 0, 3128, 6498, 9868, 13238, 16608, 19978, 19978, 19978, 19978, 19978, 19978, 19978, 19978, 20030, 20082, 20082, 20082, 20082, 20082, 20082, 20082, 20082, 20082, 20082, 20082, 20082, 20082, 20082, 20082, 20082, 20082, 20082, 20082, 20082, 20082, 20082, 20082, 20082, 20082, 20082, 20082, 20082, 20082, 20082, 20082, 20082, 20082, 20082, 20082]
--------------------------------------------
outputs[ 9 ]=[0.0, 0.0, 0.0, 0.0, 0.0, 0.0002475860361475613, 0.0002475860361475613, 0.0004951720722951226, 0.0007427581084426838, 0.0019806882891804903, 0.0059420648675414705, 0.026491705867789057, 0.06635305768754642, 0.09507303788066353, 0.17603367170091608, 0.2282743253280515, 0.24709086407526615, 0.26764050507551373, 0.29883634563010647, 0.34216390195592966, 0.38796731864322853, 0.4174300569447883, 0.428323842535281, 0.4359990096558554, 0.43897004208962614, 0.44020797227036396, 0.4409507303788066, 0.4411983164149542, 0.4416934884872493, 0.4416934884872493, 0.4416934884872493, 0.4416934884872493, 0.4416934884872493, 0.4416934884872493, 0.4416934884872493, 0.4416934884872493, 0.4416934884872493, 0.4416934884872493, 0.4416934884872493, 0.4416934884872493, 0.4416934884872493, 0.4416934884872493, 0.4416934884872493, 0.4416934884872493, 0.4416934884872493, 0.4416934884872493, 0.4416934884872493, 0.4416934884872493, 0.4416934884872493, 0.4416934884872493, 0.4416934884872493, 0.4416934884872493, 0.4416934884872493, 0.4416934884872493, 0.4416934884872493]
outputs_edges[ 9 ]=[0, 0, 0, 0, 0, 0, 0, 0, 0, 0, 2031, 4062, 6485, 9751, 14015, 18279, 22543, 26328, 30113, 32346, 32346, 32346, 32346, 32346, 32346, 32346, 32346, 32346, 32346, 32346, 32346, 32346, 32346, 32346, 32346, 32346, 32346, 32346, 32346, 32346, 32346, 32346, 32346, 32346, 32346, 32346, 32346, 32346, 32346, 32346, 32346, 32346, 32346, 32346, 32346]
--------------------------------------------
avg_output=[0.0, 0.0, 0.0, 0.0, 0.0, 0.0002475860361475613, 0.001386481802426343, 0.010943302797722208, 0.027977222084674423, 0.05540975488982421, 0.09905917306263926, 0.13282990839316663, 0.15127506808615993, 0.1695716761574647, 0.19284476355533547, 0.21564743748452592, 0.22763060163406781, 0.23542956177271607, 0.24585293389452834, 0.2646942312453578, 0.2835850458034167, 0.3037137905422135, 0.32728398118346125, 0.3431542461005199, 0.35600396137657836, 0.3643723693983659, 0.37378063877197326, 0.38341173557811337, 0.39257241891557315, 0.3986630354048032, 0.4020549641000247, 0.40641247833622185, 0.41208219856400097, 0.41775191879178014, 0.42495667244367424, 0.43109680614013374, 0.4348848724931914, 0.43795493934142116, 0.44055459272097053, 0.441619212676405, 0.4423124535776182, 0.443055211686061, 0.44359990096558555, 0.44379796979450364, 0.44402079722703647, 0.44426838326318396, 0.4444912106957168, 0.44466452092102016, 0.4447140381282496, 0.4447387967318644, 0.4447387967318644, 0.4447387967318644, 0.4447387967318644, 0.4447387967318644, 0.4447387967318644]
avg_output_edges=[0.0, 0.0, 0.0, 0.0, 0.0, 595.6, 2004.0, 3513.9, 5023.8, 6784.4, 8733.2, 10257.0, 11483.0, 12667.5, 13663.3, 14573.4, 15644.5, 16940.5, 18236.5, 19384.1, 20308.4, 21227.5, 21979.1, 22692.0, 22987.1, 23071.5, 23155.9, 23240.3, 23384.6, 23613.0, 23841.4, 24069.8, 24274.0, 24478.2, 24682.4, 24682.4, 24682.4, 24682.4, 24682.4, 24682.4, 24682.4, 24682.4, 24682.4, 24682.4, 24682.4, 24682.4, 24682.4, 24682.4, 24682.4, 24682.4, 24682.4, 24682.4, 24682.4, 24682.4, 24682.4]
