outputs[ 0 ]=[0.0, 0.0, 0.0, 0.0, 0.0, 0.0002475860361475613, 0.0002475860361475613, 0.0002475860361475613, 0.0002475860361475613, 0.0002475860361475613, 0.0002475860361475613, 0.0002475860361475613, 0.0002475860361475613, 0.0002475860361475613, 0.0002475860361475613, 0.0002475860361475613, 0.0002475860361475613, 0.0002475860361475613, 0.0002475860361475613, 0.0002475860361475613, 0.0002475860361475613, 0.0002475860361475613, 0.0002475860361475613, 0.0002475860361475613, 0.0002475860361475613, 0.0002475860361475613, 0.0002475860361475613, 0.0002475860361475613, 0.0002475860361475613, 0.0002475860361475613, 0.0002475860361475613, 0.0002475860361475613, 0.0002475860361475613, 0.0002475860361475613, 0.0002475860361475613, 0.0002475860361475613, 0.0002475860361475613, 0.0002475860361475613, 0.0002475860361475613, 0.0002475860361475613, 0.0002475860361475613, 0.0002475860361475613, 0.0002475860361475613, 0.0002475860361475613, 0.0002475860361475613, 0.0002475860361475613, 0.0002475860361475613, 0.0002475860361475613, 0.0002475860361475613]
outputs_edges[ 0 ]=[0, 0, 0, 0, 0, 0, 0, 0, 0, 0, 0, 0, 0, 0, 0, 0, 0, 0, 0, 0, 0, 0, 0, 0, 0, 0, 0, 0, 0, 0, 0, 0, 0, 0, 0, 0, 0, 0, 0, 0, 0, 0, 0, 0, 0, 0, 0, 0, 0]
--------------------------------------------
outputs[ 1 ]=[0.0, 0.0, 0.0, 0.0, 0.0, 0.0002475860361475613, 0.0014855162168853676, 0.007427581084426839, 0.02921515226541223, 0.086902698687794, 0.13567714780886359, 0.15003713790542214, 0.15870264917058677, 0.16538747214657093, 0.1752909135924734, 0.22654122307501856, 0.27234463976231743, 0.3139390938351077, 0.4270859123545432, 0.5664768507056201, 0.621936122802674, 0.656350581827185, 0.6759098786828422, 0.6882891804902204, 0.6947264174300569, 0.6989353800445655, 0.703144342659074, 0.7090864075266154, 0.7152760584303045, 0.7179995048279277, 0.7197326070809607, 0.7209705372616985, 0.7219608814062887, 0.7227036395147314, 0.7227036395147314, 0.7227036395147314, 0.7227036395147314, 0.7227036395147314, 0.7227036395147314, 0.7227036395147314, 0.7227036395147314, 0.7227036395147314, 0.7227036395147314, 0.7227036395147314, 0.7227036395147314, 0.7227036395147314, 0.7227036395147314, 0.7227036395147314, 0.7227036395147314]
outputs_edges[ 1 ]=[0, 0, 0, 0, 0, 0, 0, 0, 0, 0, 0, 0, 0, 0, 5957, 12450, 18943, 25436, 30671, 35906, 35906, 35906, 35906, 35906, 35906, 35906, 35906, 35906, 35906, 35906, 35906, 35906, 35906, 35906, 35906, 35906, 35906, 35906, 35906, 35906, 35906, 35906, 35906, 35906, 35906, 35906, 35906, 35906, 35906]
--------------------------------------------
outputs[ 2 ]=[0.0, 0.0, 0.0, 0.0, 0.0, 0.0002475860361475613, 0.0029710324337707352, 0.03986135181975736, 0.08021787571180986, 0.12305025996533796, 0.2485763802921515, 0.36098044070314433, 0.42931418667987126, 0.49071552364446647, 0.5189403317652884, 0.5355285961871751, 0.5439465214161922, 0.5488982421391434, 0.5548403070066849, 0.5793513245852934, 0.5976726912602129, 0.6018816538747215, 0.6031195840554593, 0.6043575142361971, 0.6048526863084922, 0.6055954444169349, 0.6055954444169349, 0.6055954444169349, 0.6055954444169349, 0.6055954444169349, 0.6055954444169349, 0.6055954444169349, 0.6055954444169349, 0.6055954444169349, 0.6055954444169349, 0.6055954444169349, 0.6055954444169349, 0.6055954444169349, 0.6055954444169349, 0.6055954444169349, 0.6055954444169349, 0.6055954444169349, 0.6055954444169349, 0.6055954444169349, 0.6055954444169349, 0.6055954444169349, 0.6055954444169349, 0.6055954444169349, 0.6055954444169349]
outputs_edges[ 2 ]=[0, 0, 0, 0, 0, 0, 6188, 12376, 18564, 24752, 30940, 35870, 35870, 35870, 35870, 35870, 35870, 35870, 35870, 35870, 35870, 35870, 35870, 35870, 35870, 35870, 35870, 35870, 35870, 35870, 35870, 35870, 35870, 35870, 35870, 35870, 35870, 35870, 35870, 35870, 35870, 35870, 35870, 35870, 35870, 35870, 35870, 35870, 35870]
--------------------------------------------
outputs[ 3 ]=[0.0, 0.0, 0.0, 0.0, 0.0, 0.0002475860361475613, 0.0002475860361475613, 0.0002475860361475613, 0.0002475860361475613, 0.0002475860361475613, 0.0002475860361475613, 0.0002475860361475613, 0.0002475860361475613, 0.0002475860361475613, 0.0002475860361475613, 0.0002475860361475613, 0.0002475860361475613, 0.0002475860361475613, 0.0002475860361475613, 0.0002475860361475613, 0.0002475860361475613, 0.0002475860361475613, 0.0002475860361475613, 0.0002475860361475613, 0.0002475860361475613, 0.0002475860361475613, 0.0002475860361475613, 0.0002475860361475613, 0.0002475860361475613, 0.0002475860361475613, 0.0002475860361475613, 0.0002475860361475613, 0.0002475860361475613, 0.0002475860361475613, 0.0002475860361475613, 0.0002475860361475613, 0.0002475860361475613, 0.0002475860361475613, 0.0002475860361475613, 0.0002475860361475613, 0.0002475860361475613, 0.0002475860361475613, 0.0002475860361475613, 0.0002475860361475613, 0.0002475860361475613, 0.0002475860361475613, 0.0002475860361475613, 0.0002475860361475613, 0.0002475860361475613]
outputs_edges[ 3 ]=[0, 0, 0, 0, 0, 0, 0, 0, 0, 0, 0, 0, 0, 0, 0, 0, 0, 0, 0, 0, 0, 0, 0, 0, 0, 0, 0, 0, 0, 0, 0, 0, 0, 0, 0, 0, 0, 0, 0, 0, 0, 0, 0, 0, 0, 0, 0, 0, 0]
--------------------------------------------
outputs[ 4 ]=[0.0, 0.0, 0.0, 0.0, 0.0, 0.0002475860361475613, 0.0012379301807378064, 0.0076751671205743995, 0.033919286952215896, 0.06288685318148056, 0.086902698687794, 0.13072542708591237, 0.21639019559296854, 0.2537756870512503, 0.309234959148304, 0.3575142361970785, 0.42015350334241147, 0.47041346868036643, 0.4941817281505323, 0.5030948254518445, 0.507303788066353, 0.5102748205001237, 0.5147313691507799, 0.5290913592473384, 0.5776182223322605, 0.5862837335974251, 0.6011388957662788, 0.6194602624411983, 0.6365436989353801, 0.6553602376825947, 0.6731864322852191, 0.6835850458034167, 0.6900222827432533, 0.6937360732854667, 0.6957167615746472, 0.6972022777915325, 0.6979450358999753, 0.6984402079722704, 0.7001733102253033, 0.7019064124783362, 0.7028967566229265, 0.7038871007675167, 0.7038871007675167, 0.7046298588759594, 0.7048774449121069, 0.7048774449121069, 0.7048774449121069, 0.7048774449121069, 0.7048774449121069]
outputs_edges[ 4 ]=[0, 0, 0, 0, 0, 0, 0, 0, 2005, 5280, 9398, 14520, 19642, 24309, 28682, 28682, 28682, 28682, 28682, 28682, 28682, 28682, 28682, 28682, 28682, 28682, 28682, 28682, 28682, 28682, 28682, 28682, 28682, 28682, 28682, 28682, 28682, 28682, 28682, 28682, 28682, 28682, 28682, 28682, 28682, 28682, 28682, 28682, 28682]
--------------------------------------------
outputs[ 5 ]=[0.0, 0.0, 0.0, 0.0, 0.0, 0.0002475860361475613, 0.0014855162168853676, 0.003961376578360981, 0.006684822975984155, 0.016835850458034166, 0.04926962119336469, 0.07774201535033425, 0.12131715771230503, 0.15895023520673435, 0.177766773953949, 0.24040604109928201, 0.35528596187175043, 0.48700173310225303, 0.5969299331517702, 0.6578360980440703, 0.6902698687794009, 0.7068581332012874, 0.7145333003218618, 0.7189898489725179, 0.7222084674424363, 0.7227036395147314, 0.722951225550879, 0.722951225550879, 0.7231988115870265, 0.7231988115870265, 0.7231988115870265, 0.7231988115870265, 0.7231988115870265, 0.7231988115870265, 0.7231988115870265, 0.7231988115870265, 0.7231988115870265, 0.7231988115870265, 0.7231988115870265, 0.7231988115870265, 0.7231988115870265, 0.7231988115870265, 0.7231988115870265, 0.7231988115870265, 0.7231988115870265, 0.7231988115870265, 0.7231988115870265, 0.7231988115870265, 0.7231988115870265]
outputs_edges[ 5 ]=[0, 0, 0, 0, 0, 0, 0, 0, 0, 0, 0, 0, 5589, 12333, 19077, 25821, 31792, 37763, 42468, 42468, 42468, 42468, 42468, 42468, 42468, 42468, 42468, 42468, 42468, 42468, 42468, 42468, 42468, 42468, 42468, 42468, 42468, 42468, 42468, 42468, 42468, 42468, 42468, 42468, 42468, 42468, 42468, 42468, 42468]
--------------------------------------------
outputs[ 6 ]=[0.0, 0.0, 0.0, 0.0, 0.0, 0.0002475860361475613, 0.0014855162168853676, 0.009903441445902451, 0.02475860361475613, 0.038128249566724434, 0.053726169844020795, 0.07699925724189156, 0.1547412725922258, 0.25352810101510276, 0.31369150779896016, 0.38227283981183463, 0.44664520921020057, 0.5199306759098787, 0.5583065115127507, 0.6036147561277544, 0.6296112899232483, 0.6459519683089874, 0.6553602376825947, 0.6640257489477593, 0.6858133201287447, 0.715028472394157, 0.7204753651894034, 0.7227036395147314, 0.7236939836593216, 0.7244367417677643, 0.7244367417677643, 0.7244367417677643, 0.7244367417677643, 0.7244367417677643, 0.7244367417677643, 0.7244367417677643, 0.7244367417677643, 0.7244367417677643, 0.7244367417677643, 0.7244367417677643, 0.7244367417677643, 0.7244367417677643, 0.7244367417677643, 0.7244367417677643, 0.7244367417677643, 0.7244367417677643, 0.7244367417677643, 0.7244367417677643, 0.7244367417677643]
outputs_edges[ 6 ]=[0, 0, 0, 0, 0, 0, 0, 0, 0, 3472, 6944, 11686, 17583, 23959, 30335, 36666, 40405, 40405, 40405, 40405, 40405, 40405, 40405, 40405, 40405, 40405, 40405, 40405, 40405, 40405, 40405, 40405, 40405, 40405, 40405, 40405, 40405, 40405, 40405, 40405, 40405, 40405, 40405, 40405, 40405, 40405, 40405, 40405, 40405]
--------------------------------------------
outputs[ 7 ]=[0.0, 0.0, 0.0, 0.0, 0.0, 0.0002475860361475613, 0.0037137905422134194, 0.021044813072542707, 0.04134686803664273, 0.07006684822975984, 0.15647437484525872, 0.23520673434018322, 0.25798464966575885, 0.2711067095815796, 0.27581084426838326, 0.2777915325575638, 0.2829908393166625, 0.2909135924733845, 0.2985887595939589, 0.31468185194355036, 0.3357266650160931, 0.37435008665511266, 0.4411983164149542, 0.5038375835602872, 0.5268630849220104, 0.5414706610547165, 0.5476603119584056, 0.5531072047536519, 0.5568209952958653, 0.5580589254766031, 0.5592968556573409, 0.5597920277296361, 0.5607823718742263, 0.561525129982669, 0.5620203020549641, 0.5620203020549641, 0.5620203020549641, 0.5620203020549641, 0.5620203020549641, 0.5620203020549641, 0.5620203020549641, 0.5620203020549641, 0.5620203020549641, 0.5620203020549641, 0.5620203020549641, 0.5620203020549641, 0.5620203020549641, 0.5620203020549641, 0.5620203020549641]
outputs_edges[ 7 ]=[0, 0, 0, 0, 0, 0, 0, 3510, 7020, 10530, 14040, 14040, 14040, 14040, 14040, 14040, 14040, 14040, 14040, 14884, 15728, 16572, 16572, 16572, 16572, 16572, 16572, 16572, 16572, 16572, 16572, 16572, 16572, 16572, 16572, 16572, 16572, 16572, 16572, 16572, 16572, 16572, 16572, 16572, 16572, 16572, 16572, 16572, 16572]
--------------------------------------------
outputs[ 8 ]=[0.0, 0.0, 0.0, 0.0, 0.0, 0.0002475860361475613, 0.0019806882891804903, 0.014855162168853677, 0.04926962119336469, 0.10571923743500866, 0.13641990591730627, 0.15399851448378313, 0.1663778162911612, 0.21242881901460758, 0.2718494676900223, 0.3441445902451102, 0.42980935875216636, 0.49566724436741766, 0.5899975241396386, 0.6288685318148056, 0.648427828670463, 0.6682347115622679, 0.690765040851696, 0.7130477841049765, 0.7318643228521912, 0.7543946521416192, 0.773706362961129, 0.7823718742262936, 0.7850953206239168, 0.7863332508046547, 0.7870760089130973, 0.7880663530576876, 0.7885615251299827, 0.7888091111661303, 0.7890566972022778, 0.7890566972022778, 0.7890566972022778, 0.7890566972022778, 0.7890566972022778, 0.7890566972022778, 0.7890566972022778, 0.7890566972022778, 0.7890566972022778, 0.7890566972022778, 0.7890566972022778, 0.7890566972022778, 0.7890566972022778, 0.7890566972022778, 0.7890566972022778]
outputs_edges[ 8 ]=[0, 0, 0, 0, 0, 0, 0, 0, 0, 0, 0, 4230, 9436, 15771, 21672, 27573, 33474, 38120, 38120, 38120, 38120, 38120, 38120, 38120, 38120, 38120, 38120, 38120, 38120, 38120, 38120, 38120, 38120, 38120, 38120, 38120, 38120, 38120, 38120, 38120, 38120, 38120, 38120, 38120, 38120, 38120, 38120, 38120, 38120]
--------------------------------------------
outputs[ 9 ]=[0.0, 0.0, 0.0, 0.0, 0.0, 0.0002475860361475613, 0.0009903441445902451, 0.006189650903689032, 0.016835850458034166, 0.02698687794008418, 0.03268135677147809, 0.038128249566724434, 0.04085169596434761, 0.042089626145085414, 0.04233721218123298, 0.04233721218123298, 0.04233721218123298, 0.04233721218123298, 0.04233721218123298, 0.04233721218123298, 0.04233721218123298, 0.04233721218123298, 0.04233721218123298, 0.04233721218123298, 0.04233721218123298, 0.04233721218123298, 0.04233721218123298, 0.04233721218123298, 0.04233721218123298, 0.04233721218123298, 0.04233721218123298, 0.04233721218123298, 0.04233721218123298, 0.04233721218123298, 0.04233721218123298, 0.04233721218123298, 0.04233721218123298, 0.04233721218123298, 0.04233721218123298, 0.04233721218123298, 0.04233721218123298, 0.04233721218123298, 0.04233721218123298, 0.04233721218123298, 0.04233721218123298, 0.04233721218123298, 0.04233721218123298, 0.04233721218123298, 0.04233721218123298]
outputs_edges[ 9 ]=[0, 0, 0, 0, 0, 0, 0, 0, 0, 0, 0, 0, 0, 0, 0, 0, 0, 0, 0, 0, 0, 0, 0, 0, 0, 0, 0, 0, 0, 0, 0, 0, 0, 0, 0, 0, 0, 0, 0, 0, 0, 0, 0, 0, 0, 0, 0, 0, 0]
--------------------------------------------
avg_output=[0.0, 0.0, 0.0, 0.0, 0.0, 0.0002475860361475613, 0.0015845506313443922, 0.011141371626640256, 0.0282743253280515, 0.053107204753651896, 0.09002228274325327, 0.12243129487496907, 0.154617479574152, 0.18484773458776924, 0.20854171824709086, 0.2407031443426591, 0.2794008417925229, 0.3169596434761079, 0.3562763060163407, 0.38967566229264666, 0.4073780638771973, 0.4206734340183214, 0.43384501114137164, 0.4464471403812825, 0.4586778905669721, 0.4667244367417678, 0.47175043327556326, 0.4758108442683834, 0.47890566972022774, 0.48138153008170337, 0.4835355285961872, 0.48484773458776925, 0.4857390443179005, 0.48628373359742516, 0.48655607823718744, 0.486704629858876, 0.48677890566972026, 0.4868284228769498, 0.4870017331022531, 0.48717504332755635, 0.48727407774201537, 0.48737311215647444, 0.48737311215647444, 0.4874473879673187, 0.4874721465709334, 0.4874721465709334, 0.4874721465709334, 0.4874721465709334, 0.4874721465709334]
avg_output_edges=[0.0, 0.0, 0.0, 0.0, 0.0, 0.0, 618.8, 1588.6, 2758.9, 4403.4, 6132.2, 8034.6, 10216.0, 12628.2, 15563.3, 18110.2, 20320.6, 22031.6, 23025.6, 23633.5, 23717.9, 23802.3, 23802.3, 23802.3, 23802.3, 23802.3, 23802.3, 23802.3, 23802.3, 23802.3, 23802.3, 23802.3, 23802.3, 23802.3, 23802.3, 23802.3, 23802.3, 23802.3, 23802.3, 23802.3, 23802.3, 23802.3, 23802.3, 23802.3, 23802.3, 23802.3, 23802.3, 23802.3, 23802.3]
