outputs[ 0 ]=[0.0, 0.0, 0.0, 0.0, 0.0, 0.0002475860361475613, 0.0024758603614756128, 0.01138895766278782, 0.02500618965090369, 0.0319385986630354, 0.03689031938598663, 0.03986135181975736, 0.042089626145085414, 0.04258479821738054, 0.04258479821738054, 0.04258479821738054, 0.04258479821738054, 0.04258479821738054, 0.04258479821738054, 0.04258479821738054, 0.04258479821738054, 0.04258479821738054, 0.04258479821738054, 0.04258479821738054, 0.04258479821738054, 0.04258479821738054, 0.04258479821738054, 0.04258479821738054, 0.04258479821738054, 0.04258479821738054, 0.04258479821738054, 0.04258479821738054, 0.04258479821738054, 0.04258479821738054, 0.04258479821738054, 0.04258479821738054, 0.04258479821738054, 0.04258479821738054, 0.04258479821738054, 0.04258479821738054, 0.04258479821738054, 0.04258479821738054, 0.04258479821738054, 0.04258479821738054, 0.04258479821738054, 0.04258479821738054, 0.04258479821738054, 0.04258479821738054, 0.04258479821738054]
outputs_edges[ 0 ]=[0, 0, 0, 7, 14, 21, 28, 35, 42, 49, 56, 56, 56, 56, 56, 56, 56, 56, 56, 56, 56, 56, 56, 56, 56, 56, 56, 56, 56, 56, 56, 56, 56, 56, 56, 56, 56, 56, 56, 56, 56, 56, 56, 56, 56, 56, 56, 56, 56]
--------------------------------------------
outputs[ 1 ]=[0.0, 0.0, 0.0, 0.0, 0.0, 0.0002475860361475613, 0.0012379301807378064, 0.006932409012131715, 0.02153998514483783, 0.029462738301559793, 0.03342411487992077, 0.03614756127754395, 0.038128249566724434, 0.03986135181975736, 0.03986135181975736, 0.03986135181975736, 0.03986135181975736, 0.03986135181975736, 0.03986135181975736, 0.03986135181975736, 0.03986135181975736, 0.03986135181975736, 0.03986135181975736, 0.03986135181975736, 0.03986135181975736, 0.03986135181975736, 0.03986135181975736, 0.03986135181975736, 0.03986135181975736, 0.03986135181975736, 0.03986135181975736, 0.03986135181975736, 0.03986135181975736, 0.03986135181975736, 0.03986135181975736, 0.03986135181975736, 0.03986135181975736, 0.03986135181975736, 0.03986135181975736, 0.03986135181975736, 0.03986135181975736, 0.03986135181975736, 0.03986135181975736, 0.03986135181975736, 0.03986135181975736, 0.03986135181975736, 0.03986135181975736, 0.03986135181975736, 0.03986135181975736]
outputs_edges[ 1 ]=[0, 0, 0, 0, 7, 14, 21, 28, 35, 42, 49, 49, 49, 49, 49, 49, 49, 49, 49, 49, 49, 49, 49, 49, 49, 49, 49, 49, 49, 49, 49, 49, 49, 49, 49, 49, 49, 49, 49, 49, 49, 49, 49, 49, 49, 49, 49, 49, 49]
--------------------------------------------
outputs[ 2 ]=[0.0, 0.0, 0.0, 0.0, 0.0, 0.0002475860361475613, 0.0007427581084426838, 0.0024758603614756128, 0.010398613518197574, 0.027977222084674423, 0.038375835602872, 0.04134686803664273, 0.04307997028967566, 0.04555583065115128, 0.04827927704877445, 0.05199306759098787, 0.05471651398861104, 0.05570685813320129, 0.05644961624164397, 0.057439960386234216, 0.05793513245852934, 0.05793513245852934, 0.05793513245852934, 0.05793513245852934, 0.05793513245852934, 0.05793513245852934, 0.05793513245852934, 0.05793513245852934, 0.05793513245852934, 0.05793513245852934, 0.05793513245852934, 0.05793513245852934, 0.05793513245852934, 0.05793513245852934, 0.05793513245852934, 0.05793513245852934, 0.05793513245852934, 0.05793513245852934, 0.05793513245852934, 0.05793513245852934, 0.05793513245852934, 0.05793513245852934, 0.05793513245852934, 0.05793513245852934, 0.05793513245852934, 0.05793513245852934, 0.05793513245852934, 0.05793513245852934, 0.05793513245852934]
outputs_edges[ 2 ]=[0, 0, 0, 0, 52, 104, 156, 208, 260, 312, 364, 416, 468, 520, 572, 572, 572, 572, 572, 572, 572, 572, 572, 572, 572, 572, 572, 572, 572, 572, 572, 572, 572, 572, 572, 572, 572, 572, 572, 572, 572, 572, 572, 572, 572, 572, 572, 572, 572]
--------------------------------------------
outputs[ 3 ]=[0.0, 0.0, 0.0, 0.0, 0.0, 0.0002475860361475613, 0.0009903441445902451, 0.022282743253280515, 0.0722951225550879, 0.08195097796484278, 0.08492201039861352, 0.08715028472394157, 0.08962614508541718, 0.09036890319385987, 0.09061648923000742, 0.09086407526615499, 0.09234959148304035, 0.10027234463976231, 0.11587026491705868, 0.13146818519435505, 0.1413716266402575, 0.15820747709829167, 0.1745481554840307, 0.18717504332755633, 0.20004951720722952, 0.20921020054468928, 0.2116860609061649, 0.21218123297846, 0.21267640505075514, 0.21267640505075514, 0.21267640505075514, 0.21267640505075514, 0.21267640505075514, 0.21267640505075514, 0.21267640505075514, 0.21267640505075514, 0.21267640505075514, 0.21267640505075514, 0.21267640505075514, 0.21267640505075514, 0.21267640505075514, 0.21267640505075514, 0.21267640505075514, 0.21267640505075514, 0.21267640505075514, 0.21267640505075514, 0.21267640505075514, 0.21267640505075514, 0.21267640505075514]
outputs_edges[ 3 ]=[0, 0, 0, 1262, 2524, 3786, 5048, 6310, 7572, 8834, 8834, 8834, 8834, 9044, 9299, 9554, 9809, 10064, 10319, 10574, 10829, 10874, 10919, 10964, 11009, 11054, 11054, 11054, 11054, 11054, 11054, 11054, 11054, 11054, 11054, 11054, 11054, 11054, 11054, 11054, 11054, 11054, 11054, 11054, 11054, 11054, 11054, 11054, 11054]
--------------------------------------------
outputs[ 4 ]=[0.0, 0.0, 0.0, 0.0, 0.0, 0.0002475860361475613, 0.0004951720722951226, 0.0012379301807378064, 0.004704134686803664, 0.017083436494181727, 0.03144342659074028, 0.045060658578856154, 0.06288685318148056, 0.07897994553107204, 0.09408269373607328, 0.10101510274820501, 0.10695716761574647, 0.10819509779648427, 0.10943302797722208, 0.11042337212181233, 0.11042337212181233, 0.11042337212181233, 0.11042337212181233, 0.11042337212181233, 0.11042337212181233, 0.11042337212181233, 0.11042337212181233, 0.11042337212181233, 0.11042337212181233, 0.11042337212181233, 0.11042337212181233, 0.11042337212181233, 0.11042337212181233, 0.11042337212181233, 0.11042337212181233, 0.11042337212181233, 0.11042337212181233, 0.11042337212181233, 0.11042337212181233, 0.11042337212181233, 0.11042337212181233, 0.11042337212181233, 0.11042337212181233, 0.11042337212181233, 0.11042337212181233, 0.11042337212181233, 0.11042337212181233, 0.11042337212181233, 0.11042337212181233]
outputs_edges[ 4 ]=[0, 0, 0, 0, 0, 45, 90, 135, 180, 225, 270, 315, 360, 405, 450, 495, 495, 495, 495, 495, 495, 495, 495, 495, 495, 495, 495, 495, 495, 495, 495, 495, 495, 495, 495, 495, 495, 495, 495, 495, 495, 495, 495, 495, 495, 495, 495, 495, 495]
--------------------------------------------
outputs[ 5 ]=[0.0, 0.0, 0.0, 0.0, 0.0, 0.0002475860361475613, 0.0004951720722951226, 0.0012379301807378064, 0.0019806882891804903, 0.0034662045060658577, 0.008170339192869523, 0.023768259470165882, 0.07254270859123546, 0.0856647685070562, 0.08913097301312206, 0.08987373112156474, 0.09012131715771231, 0.09036890319385987, 0.09036890319385987, 0.09061648923000742, 0.09111166130230255, 0.09433027977222085, 0.14112404060410993, 0.15177024015845506, 0.15251299826689774, 0.15251299826689774, 0.15251299826689774, 0.15251299826689774, 0.15251299826689774, 0.15251299826689774, 0.15251299826689774, 0.15251299826689774, 0.15251299826689774, 0.15251299826689774, 0.15251299826689774, 0.15251299826689774, 0.15251299826689774, 0.15251299826689774, 0.15251299826689774, 0.15251299826689774, 0.15251299826689774, 0.15251299826689774, 0.15251299826689774, 0.15251299826689774, 0.15251299826689774, 0.15251299826689774, 0.15251299826689774, 0.15251299826689774, 0.15251299826689774]
outputs_edges[ 5 ]=[0, 0, 0, 0, 0, 0, 0, 1270, 2540, 3810, 5080, 6350, 7620, 8890, 8890, 8890, 8890, 8890, 9850, 10810, 11770, 12730, 13690, 14650, 14650, 14650, 14650, 14650, 14650, 14650, 14650, 14650, 14650, 14650, 14650, 14650, 14650, 14650, 14650, 14650, 14650, 14650, 14650, 14650, 14650, 14650, 14650, 14650, 14650]
--------------------------------------------
outputs[ 6 ]=[0.0, 0.0, 0.0, 0.0, 0.0, 0.0002475860361475613, 0.0019806882891804903, 0.013122059915820748, 0.04134686803664273, 0.06783857390443179, 0.0812082198564001, 0.08541718247090864, 0.08789304283238425, 0.08913097301312206, 0.08962614508541718, 0.08987373112156474, 0.08987373112156474, 0.09012131715771231, 0.09012131715771231, 0.09036890319385987, 0.09111166130230255, 0.09160683337459767, 0.09259717751918792, 0.09705372616984402, 0.11116613023025501, 0.12354543203763307, 0.13196335726665015, 0.13592473384501114, 0.13963852438722457, 0.14186679871255262, 0.1458281752909136, 0.177766773953949, 0.23743500866551126, 0.2532805149789552, 0.27061153750928446, 0.30898737311215646, 0.33919286952215894, 0.3510769992572419, 0.3580094082693736, 0.3637038871007675, 0.3664273334983907, 0.3684080217875712, 0.3693983659321614, 0.3693983659321614, 0.3693983659321614, 0.3693983659321614, 0.3693983659321614, 0.3693983659321614, 0.3693983659321614]
outputs_edges[ 6 ]=[0, 0, 0, 835, 1670, 2505, 3340, 4175, 5010, 5845, 6680, 6680, 6680, 6680, 6680, 6680, 6680, 6680, 6680, 6680, 6732, 6784, 6836, 6888, 6940, 6992, 7044, 8684, 10324, 12443, 14562, 16681, 18800, 20867, 22601, 24335, 24814, 25293, 25772, 26251, 26251, 26251, 26251, 26251, 26251, 26251, 26251, 26251, 26251]
--------------------------------------------
outputs[ 7 ]=[0.0, 0.0, 0.0, 0.0, 0.0, 0.0002475860361475613, 0.0014855162168853676, 0.004704134686803664, 0.009160683337459768, 0.017826194602624412, 0.03540480316910126, 0.06709581579598911, 0.10175786085664769, 0.10745233968804159, 0.10943302797722208, 0.1106709581579599, 0.11141371626640258, 0.11141371626640258, 0.11190888833869769, 0.11215647437484526, 0.11215647437484526, 0.11215647437484526, 0.11215647437484526, 0.11215647437484526, 0.11215647437484526, 0.11215647437484526, 0.11215647437484526, 0.11215647437484526, 0.11215647437484526, 0.11215647437484526, 0.11215647437484526, 0.11215647437484526, 0.11215647437484526, 0.11215647437484526, 0.11215647437484526, 0.11215647437484526, 0.11215647437484526, 0.11215647437484526, 0.11215647437484526, 0.11215647437484526, 0.11215647437484526, 0.11215647437484526, 0.11215647437484526, 0.11215647437484526, 0.11215647437484526, 0.11215647437484526, 0.11215647437484526, 0.11215647437484526, 0.11215647437484526]
outputs_edges[ 7 ]=[0, 0, 0, 0, 0, 1519, 3038, 4557, 6076, 7595, 9114, 10633, 11903, 11903, 11903, 11903, 11903, 11903, 11903, 11903, 11903, 11903, 11903, 11903, 11903, 11903, 11903, 11903, 11903, 11903, 11903, 11903, 11903, 11903, 11903, 11903, 11903, 11903, 11903, 11903, 11903, 11903, 11903, 11903, 11903, 11903, 11903, 11903, 11903]
--------------------------------------------
outputs[ 8 ]=[0.0, 0.0, 0.0, 0.0, 0.0, 0.0002475860361475613, 0.0004951720722951226, 0.0012379301807378064, 0.0017331022530329288, 0.0019806882891804903, 0.0019806882891804903, 0.0019806882891804903, 0.0019806882891804903, 0.0019806882891804903, 0.0019806882891804903, 0.0019806882891804903, 0.0019806882891804903, 0.0019806882891804903, 0.0019806882891804903, 0.0019806882891804903, 0.0019806882891804903, 0.0019806882891804903, 0.0019806882891804903, 0.0019806882891804903, 0.0019806882891804903, 0.0019806882891804903, 0.0019806882891804903, 0.0019806882891804903, 0.0019806882891804903, 0.0019806882891804903, 0.0019806882891804903, 0.0019806882891804903, 0.0019806882891804903, 0.0019806882891804903, 0.0019806882891804903, 0.0019806882891804903, 0.0019806882891804903, 0.0019806882891804903, 0.0019806882891804903, 0.0019806882891804903, 0.0019806882891804903, 0.0019806882891804903, 0.0019806882891804903, 0.0019806882891804903, 0.0019806882891804903, 0.0019806882891804903, 0.0019806882891804903, 0.0019806882891804903, 0.0019806882891804903]
outputs_edges[ 8 ]=[0, 0, 0, 0, 0, 0, 0, 0, 0, 0, 0, 0, 0, 0, 0, 0, 0, 0, 0, 0, 0, 0, 0, 0, 0, 0, 0, 0, 0, 0, 0, 0, 0, 0, 0, 0, 0, 0, 0, 0, 0, 0, 0, 0, 0, 0, 0, 0, 0]
--------------------------------------------
outputs[ 9 ]=[0.0, 0.0, 0.0, 0.0, 0.0, 0.0002475860361475613, 0.010151027482050013, 0.05323099777172567, 0.05644961624164397, 0.057439960386234216, 0.05793513245852934, 0.0581827184946769, 0.05843030453082446, 0.05843030453082446, 0.05867789056697202, 0.05966823471156227, 0.06932409012131716, 0.10992820004951721, 0.12280267392919039, 0.13097301312205992, 0.1388957662787819, 0.1445902451101758, 0.14756127754394652, 0.14855162168853678, 0.15003713790542214, 0.1515226541223075, 0.15201782619460263, 0.15276058430304532, 0.15300817033919287, 0.15325575637534042, 0.15325575637534042, 0.15325575637534042, 0.15325575637534042, 0.15325575637534042, 0.15325575637534042, 0.15325575637534042, 0.15325575637534042, 0.15325575637534042, 0.15325575637534042, 0.15325575637534042, 0.15325575637534042, 0.15325575637534042, 0.15325575637534042, 0.15325575637534042, 0.15325575637534042, 0.15325575637534042, 0.15325575637534042, 0.15325575637534042, 0.15325575637534042]
outputs_edges[ 9 ]=[0, 0, 906, 1812, 2718, 3624, 4530, 5436, 5436, 5436, 5436, 5436, 6706, 7976, 9246, 10516, 11786, 13056, 14326, 15596, 16866, 18136, 18136, 18136, 18136, 18136, 18136, 18136, 18136, 18136, 18136, 18136, 18136, 18136, 18136, 18136, 18136, 18136, 18136, 18136, 18136, 18136, 18136, 18136, 18136, 18136, 18136, 18136, 18136]
--------------------------------------------
avg_output=[0.0, 0.0, 0.0, 0.0, 0.0, 0.0002475860361475613, 0.0020549641000247587, 0.011785095320623917, 0.024461500371379057, 0.033696459519683086, 0.040975488982421385, 0.04860113889576627, 0.05984154493686557, 0.0640009903441446, 0.0664273334983907, 0.06783857390443179, 0.0699182966080713, 0.07504332755632583, 0.07813815300817034, 0.08078732359494925, 0.08274325328051498, 0.08536766526367913, 0.09207724684327803, 0.09494924486258974, 0.09787076008913097, 0.10017331022530329, 0.10131220599158205, 0.10183213666749194, 0.10227779153255756, 0.10252537756870513, 0.10292151522654122, 0.10611537509284477, 0.11208219856400099, 0.11366674919534539, 0.1153998514483783, 0.1192374350086655, 0.12225798464966575, 0.12344639762317404, 0.12413963852438722, 0.1247090864075266, 0.12498143104728894, 0.12517949987620697, 0.125278534290666, 0.125278534290666, 0.125278534290666, 0.125278534290666, 0.125278534290666, 0.125278534290666, 0.125278534290666]
avg_output_edges=[0.0, 0.0, 90.6, 391.6, 698.5, 1161.8, 1625.1, 2215.4, 2715.1, 3214.8, 3588.3, 3876.9, 4267.6, 4552.3, 4714.5, 4871.5, 5024.0, 5176.5, 5425.0, 5673.5, 5927.2, 6159.9, 6265.6, 6371.3, 6381.0, 6390.7, 6395.9, 6559.9, 6723.9, 6935.8, 7147.7, 7359.6, 7571.5, 7778.2, 7951.6, 8125.0, 8172.9, 8220.8, 8268.7, 8316.6, 8316.6, 8316.6, 8316.6, 8316.6, 8316.6, 8316.6, 8316.6, 8316.6, 8316.6]
