outputs[ 0 ]=[0.0, 0.0, 0.0, 0.0, 0.0, 0.0002475860361475613, 0.0009903441445902451, 0.0012379301807378064, 0.0014855162168853676, 0.0014855162168853676, 0.0014855162168853676, 0.0014855162168853676, 0.0014855162168853676, 0.0014855162168853676, 0.0014855162168853676, 0.0014855162168853676, 0.0014855162168853676, 0.0014855162168853676, 0.0014855162168853676, 0.0014855162168853676, 0.0014855162168853676, 0.0014855162168853676, 0.0014855162168853676, 0.0014855162168853676, 0.0014855162168853676, 0.0014855162168853676, 0.0014855162168853676, 0.0014855162168853676, 0.0014855162168853676, 0.0014855162168853676, 0.0014855162168853676, 0.0014855162168853676, 0.0014855162168853676, 0.0014855162168853676, 0.0014855162168853676, 0.0014855162168853676, 0.0014855162168853676, 0.0014855162168853676, 0.0014855162168853676, 0.0014855162168853676, 0.0014855162168853676, 0.0014855162168853676, 0.0014855162168853676, 0.0014855162168853676, 0.0014855162168853676, 0.0014855162168853676, 0.0014855162168853676, 0.0014855162168853676, 0.0014855162168853676]
outputs_edges[ 0 ]=[0, 0, 0, 0, 0, 0, 0, 0, 0, 0, 0, 0, 0, 0, 0, 0, 0, 0, 0, 0, 0, 0, 0, 0, 0, 0, 0, 0, 0, 0, 0, 0, 0, 0, 0, 0, 0, 0, 0, 0, 0, 0, 0, 0, 0, 0, 0, 0, 0]
--------------------------------------------
outputs[ 1 ]=[0.0, 0.0, 0.0, 0.0, 0.0, 0.0002475860361475613, 0.002723446397623174, 0.012626887843525626, 0.04010893785590493, 0.06783857390443179, 0.08715028472394157, 0.10646199554345134, 0.14087645456796236, 0.17157712305025996, 0.1829660807130478, 0.18915573161673682, 0.1923743500866551, 0.19534538252042585, 0.19584055459272098, 0.19633572666501609, 0.19831641495419658, 0.20599158207477097, 0.2193612280267393, 0.23867293884624907, 0.2711067095815796, 0.31988115870264916, 0.3644466452092102, 0.418172815053231, 0.5013617231988116, 0.5318148056449616, 0.5419658331270116, 0.5471651398861104, 0.5493934142114385, 0.5501361723198812, 0.5503837583560287, 0.5508789304283238, 0.5508789304283238, 0.5508789304283238, 0.5508789304283238, 0.5508789304283238, 0.5508789304283238, 0.5508789304283238, 0.5508789304283238, 0.5508789304283238, 0.5508789304283238, 0.5508789304283238, 0.5508789304283238, 0.5508789304283238, 0.5508789304283238]
outputs_edges[ 1 ]=[0, 0, 0, 0, 0, 45, 90, 1114, 2138, 3162, 4186, 5210, 6234, 7258, 7258, 7258, 7258, 7258, 7258, 7258, 8193, 10738, 13283, 18004, 22974, 27009, 31044, 35079, 39114, 39114, 39114, 39114, 39114, 39114, 39114, 39114, 39114, 39114, 39114, 39114, 39114, 39114, 39114, 39114, 39114, 39114, 39114, 39114, 39114]
--------------------------------------------
outputs[ 2 ]=[0.0, 0.0, 0.0, 0.0, 0.0, 0.0002475860361475613, 0.0004951720722951226, 0.0012379301807378064, 0.002723446397623174, 0.005199306759098787, 0.012626887843525626, 0.02475860361475613, 0.03144342659074028, 0.03466204506065858, 0.03738549145828175, 0.037880663530576876, 0.03887100767516712, 0.03986135181975736, 0.04010893785590493, 0.04060410992820005, 0.04085169596434761, 0.04085169596434761, 0.04085169596434761, 0.04085169596434761, 0.04085169596434761, 0.04085169596434761, 0.04085169596434761, 0.04085169596434761, 0.04085169596434761, 0.04085169596434761, 0.04085169596434761, 0.04085169596434761, 0.04085169596434761, 0.04085169596434761, 0.04085169596434761, 0.04085169596434761, 0.04085169596434761, 0.04085169596434761, 0.04085169596434761, 0.04085169596434761, 0.04085169596434761, 0.04085169596434761, 0.04085169596434761, 0.04085169596434761, 0.04085169596434761, 0.04085169596434761, 0.04085169596434761, 0.04085169596434761, 0.04085169596434761]
outputs_edges[ 2 ]=[0, 0, 0, 0, 0, 0, 0, 0, 0, 0, 0, 0, 0, 0, 0, 0, 0, 0, 0, 0, 0, 0, 0, 0, 0, 0, 0, 0, 0, 0, 0, 0, 0, 0, 0, 0, 0, 0, 0, 0, 0, 0, 0, 0, 0, 0, 0, 0, 0]
--------------------------------------------
outputs[ 3 ]=[0.0, 0.0, 0.0, 0.0, 0.0, 0.0002475860361475613, 0.0034662045060658577, 0.024511017578608567, 0.050507551374102504, 0.08343649418172815, 0.139390938351077, 0.2141619212676405, 0.2555087893042832, 0.2698687794008418, 0.2768011884129735, 0.28101015102748206, 0.282743253280515, 0.2834860113889577, 0.28422876949740034, 0.28497152760584304, 0.2857142857142857, 0.28670462985887596, 0.2896756622926467, 0.2966080713047784, 0.3156721960881406, 0.3567714780886358, 0.3802921515226541, 0.3906907650408517, 0.3956424857638029, 0.39737558801683587, 0.3986135181975737, 0.3996038623421639, 0.40009903441445904, 0.4025748947759346, 0.4090121317157712, 0.42436246595692, 0.44243624659569203, 0.49121069571676157, 0.5419658331270116, 0.5979202772963604, 0.6127754394652142, 0.620203020549641, 0.6251547412725922, 0.6266402574894776, 0.6271354295617727, 0.6276306016340678, 0.6276306016340678, 0.6276306016340678, 0.6276306016340678]
outputs_edges[ 3 ]=[0, 0, 0, 0, 876, 2781, 4686, 8185, 11657, 15129, 18601, 22073, 25545, 25545, 25545, 25545, 25545, 25545, 25545, 25545, 25545, 26024, 26503, 26982, 27461, 27940, 27940, 27940, 27940, 27940, 27940, 27940, 27940, 29511, 31988, 34465, 36942, 39419, 41896, 44124, 44124, 44124, 44124, 44124, 44124, 44124, 44124, 44124, 44124]
--------------------------------------------
outputs[ 4 ]=[0.0, 0.0, 0.0, 0.0, 0.0, 0.0002475860361475613, 0.0004951720722951226, 0.002723446397623174, 0.011141371626640258, 0.03342411487992077, 0.08096063382025254, 0.1720722951225551, 0.22010398613518198, 0.24585293389452834, 0.2612032681356771, 0.26962119336469426, 0.28026739291903935, 0.2824956672443674, 0.2829908393166625, 0.2839811834612528, 0.2852191136419906, 0.28620945778658086, 0.28670462985887596, 0.28794256003961377, 0.28942807625649913, 0.2956177271601882, 0.3384501114137163, 0.39366179747462243, 0.4213914335231493, 0.43723693983659323, 0.4456548650656103, 0.44813072542708593, 0.44862589749938103, 0.4496162416439713, 0.4496162416439713, 0.4496162416439713, 0.4496162416439713, 0.4496162416439713, 0.4496162416439713, 0.4496162416439713, 0.4496162416439713, 0.4496162416439713, 0.4496162416439713, 0.4496162416439713, 0.4496162416439713, 0.4496162416439713, 0.4496162416439713, 0.4496162416439713, 0.4496162416439713]
outputs_edges[ 4 ]=[0, 0, 0, 0, 0, 0, 1886, 5408, 8930, 12425, 15920, 19415, 22910, 25558, 25558, 25558, 25558, 25558, 25558, 25558, 25558, 25558, 26331, 27104, 27877, 28650, 29423, 30196, 30969, 30969, 30969, 30969, 30969, 30969, 30969, 30969, 30969, 30969, 30969, 30969, 30969, 30969, 30969, 30969, 30969, 30969, 30969, 30969, 30969]
--------------------------------------------
outputs[ 5 ]=[0.0, 0.0, 0.0, 0.0, 0.0, 0.0002475860361475613, 0.0022282743253280515, 0.004704134686803664, 0.0049517207229512255, 0.008170339192869523, 0.027482050012379303, 0.05694478831393909, 0.07724684327803912, 0.09309234959148303, 0.13765783609804408, 0.18965090368903195, 0.20747709829165636, 0.21515226541223076, 0.21960881406288685, 0.22282743253280515, 0.22728398118346124, 0.23000742758108442, 0.2319881158702649, 0.23495914830403566, 0.24040604109928201, 0.2520425847982174, 0.30032186184699183, 0.36271354295617725, 0.3849962862094578, 0.39539489972765535, 0.40108937855904925, 0.40356523892052487, 0.40406041099282003, 0.4043079970289676, 0.4043079970289676, 0.4043079970289676, 0.4043079970289676, 0.4043079970289676, 0.4043079970289676, 0.4043079970289676, 0.4043079970289676, 0.4043079970289676, 0.4043079970289676, 0.4043079970289676, 0.4043079970289676, 0.4043079970289676, 0.4043079970289676, 0.4043079970289676, 0.4043079970289676]
outputs_edges[ 5 ]=[0, 0, 0, 0, 0, 0, 0, 45, 468, 891, 2572, 4253, 5934, 7615, 9296, 10977, 10977, 10977, 10977, 10977, 10977, 10977, 12154, 13331, 14130, 14929, 15728, 16527, 16527, 16527, 16527, 16527, 16527, 16527, 16527, 16527, 16527, 16527, 16527, 16527, 16527, 16527, 16527, 16527, 16527, 16527, 16527, 16527, 16527]
--------------------------------------------
outputs[ 6 ]=[0.0, 0.0, 0.0, 0.0, 0.0, 0.0002475860361475613, 0.002723446397623174, 0.007922753156721961, 0.010398613518197574, 0.014607576132706116, 0.027977222084674423, 0.05001237930180738, 0.07823718742262936, 0.1022530329289428, 0.11240406041099282, 0.11611785095320624, 0.11834612527853429, 0.12007922753156722, 0.12230750185689528, 0.12280267392919039, 0.12428819014607576, 0.12874473879673187, 0.1579598910621441, 0.3023025501361723, 0.4545679623669225, 0.543451349343897, 0.5971775191879178, 0.6271354295617727, 0.6392671453330032, 0.6449616241643972, 0.6471898984897252, 0.6489230007427581, 0.6494181728150532, 0.6494181728150532, 0.6494181728150532, 0.6494181728150532, 0.6494181728150532, 0.6494181728150532, 0.6494181728150532, 0.6494181728150532, 0.6494181728150532, 0.6494181728150532, 0.6494181728150532, 0.6494181728150532, 0.6494181728150532, 0.6494181728150532, 0.6494181728150532, 0.6494181728150532, 0.6494181728150532]
outputs_edges[ 6 ]=[0, 0, 0, 0, 0, 0, 0, 0, 422, 844, 1266, 1688, 2110, 2110, 2110, 2110, 2110, 2110, 2110, 7027, 12808, 18589, 24370, 30151, 35932, 41713, 46588, 50178, 50178, 50178, 50178, 50178, 50178, 50178, 50178, 50178, 50178, 50178, 50178, 50178, 50178, 50178, 50178, 50178, 50178, 50178, 50178, 50178, 50178]
--------------------------------------------
outputs[ 7 ]=[0.0, 0.0, 0.0, 0.0, 0.0, 0.0002475860361475613, 0.0004951720722951226, 0.0007427581084426838, 0.0012379301807378064, 0.0032186184699182965, 0.018568952711067097, 0.08814062886853181, 0.12824956672443674, 0.14285714285714285, 0.1554840307006685, 0.15969299331517703, 0.16167368160435752, 0.1624164397128002, 0.16266402574894775, 0.16315919782124289, 0.16365436989353802, 0.16365436989353802, 0.16365436989353802, 0.16390195592968557, 0.16414954196583312, 0.16910126268878437, 0.2205991582074771, 0.26318395642485765, 0.3144342659074028, 0.3624659569200297, 0.39613765783609806, 0.42015350334241147, 0.43674176776429807, 0.4416934884872493, 0.4426838326318396, 0.4439217628125774, 0.44416934884872494, 0.4449121069571676, 0.4451596929933152, 0.4468927952463481, 0.4473879673186432, 0.4473879673186432, 0.4473879673186432, 0.4473879673186432, 0.4473879673186432, 0.4473879673186432, 0.4473879673186432, 0.4473879673186432, 0.4473879673186432]
outputs_edges[ 7 ]=[0, 0, 0, 0, 0, 0, 0, 773, 1546, 2319, 3092, 3865, 4638, 4638, 4638, 4638, 4638, 4638, 4638, 4638, 4638, 4638, 5893, 8154, 11250, 14679, 18108, 21537, 24966, 28395, 30569, 30569, 30569, 30569, 30569, 30569, 30569, 30569, 30569, 30569, 30569, 30569, 30569, 30569, 30569, 30569, 30569, 30569, 30569]
--------------------------------------------
outputs[ 8 ]=[0.0, 0.0, 0.0, 0.0, 0.0, 0.0002475860361475613, 0.0049517207229512255, 0.050507551374102504, 0.08046546174795742, 0.08838821490467938, 0.10200544689279524, 0.1426095568209953, 0.20747709829165636, 0.23743500866551126, 0.2468432780391186, 0.25105224065362713, 0.25278534290666005, 0.2532805149789552, 0.25352810101510276, 0.2537756870512503, 0.2537756870512503, 0.2537756870512503, 0.2537756870512503, 0.2537756870512503, 0.2537756870512503, 0.2537756870512503, 0.2537756870512503, 0.2537756870512503, 0.2537756870512503, 0.2537756870512503, 0.2537756870512503, 0.2537756870512503, 0.2537756870512503, 0.2537756870512503, 0.2537756870512503, 0.2537756870512503, 0.2537756870512503, 0.2537756870512503, 0.2537756870512503, 0.2537756870512503, 0.2537756870512503, 0.2537756870512503, 0.2537756870512503, 0.2537756870512503, 0.2537756870512503, 0.2537756870512503, 0.2537756870512503, 0.2537756870512503, 0.2537756870512503]
outputs_edges[ 8 ]=[0, 0, 0, 1262, 2524, 3786, 6891, 9996, 13101, 16206, 19311, 21154, 22997, 22997, 22997, 22997, 22997, 22997, 22997, 22997, 22997, 22997, 22997, 22997, 22997, 22997, 22997, 22997, 22997, 22997, 22997, 22997, 22997, 22997, 22997, 22997, 22997, 22997, 22997, 22997, 22997, 22997, 22997, 22997, 22997, 22997, 22997, 22997, 22997]
--------------------------------------------
outputs[ 9 ]=[0.0, 0.0, 0.0, 0.0, 0.0, 0.0002475860361475613, 0.0017331022530329288, 0.02277791532557564, 0.07526615498885862, 0.1265164644714038, 0.19633572666501609, 0.23421639019559296, 0.2508046546174796, 0.2609556820995296, 0.2634315424610052, 0.26565981678633327, 0.2698687794008418, 0.274820500123793, 0.2777915325575638, 0.28373359742510523, 0.2973508294132211, 0.3161673681604357, 0.33597425105224066, 0.36617974746224313, 0.422134191631592, 0.48601138895766277, 0.5139886110423372, 0.5276058430304531, 0.5352810101510275, 0.5389948006932409, 0.539489972765536, 0.5409754889824214, 0.543451349343897, 0.54518445159693, 0.5456796236692251, 0.5459272097053726, 0.5459272097053726, 0.5459272097053726, 0.5459272097053726, 0.5459272097053726, 0.5459272097053726, 0.5459272097053726, 0.5459272097053726, 0.5459272097053726, 0.5459272097053726, 0.5459272097053726, 0.5459272097053726, 0.5459272097053726, 0.5459272097053726]
outputs_edges[ 9 ]=[0, 0, 0, 0, 1258, 4669, 8080, 11491, 14902, 18313, 21724, 25135, 25135, 25135, 25135, 25135, 25135, 25135, 25980, 26504, 27322, 28140, 28958, 29776, 30594, 31412, 32230, 32230, 32230, 32230, 32230, 32230, 32230, 32230, 32230, 32230, 32230, 32230, 32230, 32230, 32230, 32230, 32230, 32230, 32230, 32230, 32230, 32230, 32230]
--------------------------------------------
avg_output=[0.0, 0.0, 0.0, 0.0, 0.0, 0.0002475860361475613, 0.0020302054964100027, 0.012899232483287943, 0.02782867046298589, 0.0432285219113642, 0.06939836593216142, 0.1090864075266155, 0.1391433523149294, 0.15600396137657835, 0.16756622926466946, 0.17613270611537507, 0.18058925476603122, 0.18284228769497402, 0.18405545927209704, 0.1853676652636791, 0.1877940084179252, 0.1913592473384501, 0.1981431047288933, 0.2186679871255261, 0.24535776182223326, 0.27189898489725184, 0.3011388957662788, 0.3279277048774449, 0.3488487249319138, 0.3604357514236197, 0.36662540232730867, 0.37046298588759596, 0.372790294627383, 0.373904431790047, 0.37472146570933396, 0.37645456796236687, 0.37828670462985886, 0.38323842535281005, 0.3883386976974498, 0.394107452339688, 0.3956424857638029, 0.3963852438722456, 0.3968804159445407, 0.39702896756622924, 0.39707848477345875, 0.39712800198068826, 0.39712800198068826, 0.39712800198068826, 0.39712800198068826]
avg_output_edges=[0.0, 0.0, 0.0, 126.2, 465.8, 1128.1, 2163.3, 3701.2, 5316.4, 6928.9, 8667.2, 10279.3, 11550.3, 12085.6, 12253.7, 12421.8, 12421.8, 12421.8, 12506.3, 13050.4, 13803.8, 14766.1, 16048.9, 17649.9, 19321.5, 20932.9, 22405.8, 23668.4, 24492.1, 24835.0, 25052.4, 25052.4, 25052.4, 25209.5, 25457.2, 25704.9, 25952.6, 26200.3, 26448.0, 26670.8, 26670.8, 26670.8, 26670.8, 26670.8, 26670.8, 26670.8, 26670.8, 26670.8, 26670.8]
