outputs[ 0 ]=[0.0, 0.0, 0.0, 0.0, 0.0, 0.0002475860361475613, 0.0004951720722951226, 0.0009903441445902451, 0.0029710324337707352, 0.011141371626640258, 0.027977222084674423, 0.03862342163901956, 0.05422134191631592, 0.07848477345877693, 0.10002475860361476, 0.13146818519435505, 0.22282743253280515, 0.3087397870760089, 0.3733597425105224, 0.4251052240653627, 0.45555830651151275, 0.4788313939093835, 0.4862589749938103, 0.48947759346372866, 0.49170586778905667, 0.49269621193364693, 0.49343897004208964, 0.4936865560782372, 0.49393414211438474, 0.49442931418667985, 0.49467690022282745, 0.49467690022282745, 0.49467690022282745, 0.49467690022282745, 0.49467690022282745, 0.49467690022282745, 0.49467690022282745]
outputs_edges[ 0 ]=[0, 0, 0, 0, 0, 0, 0, 0, 0, 0, 0, 2608, 5216, 9161, 13106, 17051, 20996, 24941, 27629, 30317, 30317, 30317, 30317, 30317, 30317, 30317, 30317, 30317, 30317, 30317, 30317, 30317, 30317, 30317, 30317, 30317, 30317]
--------------------------------------------
outputs[ 1 ]=[0.0, 0.0, 0.0, 0.0, 0.0, 0.0002475860361475613, 0.0012379301807378064, 0.0059420648675414705, 0.018073780638771974, 0.02772963604852686, 0.034166872988363454, 0.037137905422134194, 0.04010893785590493, 0.04134686803664273, 0.041842040108937856, 0.04233721218123298, 0.04258479821738054, 0.04258479821738054, 0.04258479821738054, 0.04258479821738054, 0.04258479821738054, 0.04258479821738054, 0.04258479821738054, 0.04258479821738054, 0.04258479821738054, 0.04258479821738054, 0.04258479821738054, 0.04258479821738054, 0.04258479821738054, 0.04258479821738054, 0.04258479821738054, 0.04258479821738054, 0.04258479821738054, 0.04258479821738054, 0.04258479821738054, 0.04258479821738054, 0.04258479821738054]
outputs_edges[ 1 ]=[0, 0, 0, 0, 0, 0, 0, 0, 0, 0, 0, 0, 0, 0, 0, 0, 0, 0, 0, 0, 0, 0, 0, 0, 0, 0, 0, 0, 0, 0, 0, 0, 0, 0, 0, 0, 0]
--------------------------------------------
outputs[ 2 ]=[0.0, 0.0, 0.0, 0.0, 0.0, 0.0002475860361475613, 0.0009903441445902451, 0.003961376578360981, 0.010646199554345134, 0.02772963604852686, 0.07378063877197326, 0.18049022035157217, 0.24783362218370883, 0.2718494676900223, 0.2832384253528101, 0.2876949740034662, 0.29116117850953205, 0.2973508294132211, 0.3119584055459272, 0.3458776924981431, 0.37954939341421146, 0.41594454072790293, 0.44540727902946275, 0.4540727902946274, 0.45753899480069327, 0.45852933894528347, 0.45902451101757863, 0.45902451101757863, 0.45902451101757863, 0.45902451101757863, 0.45902451101757863, 0.45902451101757863, 0.45902451101757863, 0.45902451101757863, 0.45902451101757863, 0.45902451101757863, 0.45902451101757863]
outputs_edges[ 2 ]=[0, 0, 0, 0, 0, 0, 0, 3423, 6873, 10323, 13773, 17223, 20673, 20673, 20673, 20673, 20673, 21775, 22877, 23979, 25081, 25081, 25081, 25081, 25081, 25081, 25081, 25081, 25081, 25081, 25081, 25081, 25081, 25081, 25081, 25081, 25081]
--------------------------------------------
outputs[ 3 ]=[0.0, 0.0, 0.0, 0.0, 0.0, 0.0002475860361475613, 0.0009903441445902451, 0.003961376578360981, 0.017826194602624412, 0.05397375588016836, 0.08962614508541718, 0.187917801435999, 0.31418667987125526, 0.3778162911611785, 0.418172815053231, 0.4496162416439713, 0.4731369150779896, 0.48749690517454813, 0.4931913840059421, 0.49517207229512256, 0.4976479326565982, 0.4993810349096311, 0.49962862094577865, 0.4998762069819262, 0.5001237930180737, 0.5001237930180737, 0.5001237930180737, 0.5001237930180737, 0.5001237930180737, 0.5001237930180737, 0.5001237930180737, 0.5001237930180737, 0.5001237930180737, 0.5001237930180737, 0.5001237930180737, 0.5001237930180737, 0.5001237930180737]
outputs_edges[ 3 ]=[0, 0, 0, 0, 0, 0, 0, 4175, 8350, 12525, 16752, 20979, 25206, 29433, 33181, 33181, 33181, 33181, 33181, 33181, 33181, 33181, 33181, 33181, 33181, 33181, 33181, 33181, 33181, 33181, 33181, 33181, 33181, 33181, 33181, 33181, 33181]
--------------------------------------------
outputs[ 4 ]=[0.0, 0.0, 0.0, 0.0, 0.0, 0.0002475860361475613, 0.0007427581084426838, 0.0009903441445902451, 0.0009903441445902451, 0.0012379301807378064, 0.0014855162168853676, 0.0014855162168853676, 0.0014855162168853676, 0.0014855162168853676, 0.0014855162168853676, 0.0014855162168853676, 0.0014855162168853676, 0.0014855162168853676, 0.0014855162168853676, 0.0014855162168853676, 0.0014855162168853676, 0.0014855162168853676, 0.0014855162168853676, 0.0014855162168853676, 0.0014855162168853676, 0.0014855162168853676, 0.0014855162168853676, 0.0014855162168853676, 0.0014855162168853676, 0.0014855162168853676, 0.0014855162168853676, 0.0014855162168853676, 0.0014855162168853676, 0.0014855162168853676, 0.0014855162168853676, 0.0014855162168853676, 0.0014855162168853676]
outputs_edges[ 4 ]=[0, 0, 0, 0, 0, 0, 0, 0, 0, 0, 0, 0, 0, 0, 0, 0, 0, 0, 0, 0, 0, 0, 0, 0, 0, 0, 0, 0, 0, 0, 0, 0, 0, 0, 0, 0, 0]
--------------------------------------------
outputs[ 5 ]=[0.0, 0.0, 0.0, 0.0, 0.0, 0.0002475860361475613, 0.0007427581084426838, 0.0017331022530329288, 0.0029710324337707352, 0.0076751671205743995, 0.02327308739787076, 0.04481307254270859, 0.06684822975984155, 0.07997028967566229, 0.10076751671205744, 0.11785095320623917, 0.13765783609804408, 0.15177024015845506, 0.16835850458034166, 0.24585293389452834, 0.3213666749195345, 0.36989353800445657, 0.4164397128001981, 0.47412725922257987, 0.512998266897747, 0.5276058430304531, 0.5357761822233226, 0.5404803169101263, 0.5424610051993067, 0.5439465214161922, 0.5459272097053726, 0.5464223817776678, 0.5464223817776678, 0.5464223817776678, 0.5464223817776678, 0.5464223817776678, 0.5464223817776678]
outputs_edges[ 5 ]=[0, 0, 0, 0, 0, 0, 0, 0, 0, 0, 0, 0, 0, 0, 0, 2697, 6228, 10238, 14248, 17971, 21694, 25278, 27606, 28926, 28926, 28926, 28926, 28926, 28926, 28926, 28926, 28926, 28926, 28926, 28926, 28926, 28926]
--------------------------------------------
outputs[ 6 ]=[0.0, 0.0, 0.0, 0.0, 0.0, 0.0002475860361475613, 0.003961376578360981, 0.009408269373607328, 0.011141371626640258, 0.02475860361475613, 0.11240406041099282, 0.2052488239663283, 0.29314186679871257, 0.38351076999257244, 0.43847487001733104, 0.48601138895766277, 0.5409754889824214, 0.5899975241396386, 0.6256499133448874, 0.6474374845258727, 0.6570933399356277, 0.6650160930923495, 0.6692250557068581, 0.6709581579598911, 0.6721960881406289, 0.6729388462490715, 0.6729388462490715, 0.6729388462490715, 0.6729388462490715, 0.6729388462490715, 0.6729388462490715, 0.6729388462490715, 0.6729388462490715, 0.6729388462490715, 0.6729388462490715, 0.6729388462490715, 0.6729388462490715]
outputs_edges[ 6 ]=[0, 0, 0, 0, 0, 0, 3454, 6908, 12538, 18417, 24820, 31223, 37626, 42771, 46912, 48955, 50749, 52543, 52543, 52543, 52543, 52543, 52543, 52543, 52543, 52543, 52543, 52543, 52543, 52543, 52543, 52543, 52543, 52543, 52543, 52543, 52543]
--------------------------------------------
outputs[ 7 ]=[0.0, 0.0, 0.0, 0.0, 0.0, 0.0002475860361475613, 0.008417925229017083, 0.05323099777172567, 0.07922753156721961, 0.12007922753156722, 0.14409507303788066, 0.15498885862837336, 0.16315919782124289, 0.16588264421886606, 0.16835850458034166, 0.16885367665263679, 0.16910126268878437, 0.16910126268878437, 0.16910126268878437, 0.16910126268878437, 0.16910126268878437, 0.16910126268878437, 0.16910126268878437, 0.16910126268878437, 0.16910126268878437, 0.16910126268878437, 0.16910126268878437, 0.16910126268878437, 0.16910126268878437, 0.16910126268878437, 0.16910126268878437, 0.16910126268878437, 0.16910126268878437, 0.16910126268878437, 0.16910126268878437, 0.16910126268878437, 0.16910126268878437]
outputs_edges[ 7 ]=[0, 0, 0, 0, 0, 2425, 4850, 7275, 9700, 9700, 9700, 9700, 9700, 9700, 9700, 9700, 9700, 9700, 9700, 9700, 9700, 9700, 9700, 9700, 9700, 9700, 9700, 9700, 9700, 9700, 9700, 9700, 9700, 9700, 9700, 9700, 9700]
--------------------------------------------
outputs[ 8 ]=[0.0, 0.0, 0.0, 0.0, 0.0, 0.0002475860361475613, 0.0007427581084426838, 0.0024758603614756128, 0.015845506313443922, 0.07254270859123546, 0.09111166130230255, 0.1336964595196831, 0.2678880911116613, 0.40505075513741023, 0.5055706858133201, 0.5731616736816043, 0.6073285466699678, 0.6318395642485763, 0.6464471403812825, 0.6548650656102996, 0.6593216142609557, 0.6627878187670215, 0.6660064372369399, 0.6684822975984155, 0.6697202277791533, 0.6702153998514484, 0.6704629858875959, 0.6704629858875959, 0.6704629858875959, 0.6704629858875959, 0.6704629858875959, 0.6704629858875959, 0.6704629858875959, 0.6704629858875959, 0.6704629858875959, 0.6704629858875959, 0.6704629858875959]
outputs_edges[ 8 ]=[0, 0, 0, 0, 0, 0, 0, 3478, 8705, 15087, 21514, 27941, 33107, 38273, 43197, 45995, 45995, 45995, 45995, 45995, 45995, 45995, 45995, 45995, 45995, 45995, 45995, 45995, 45995, 45995, 45995, 45995, 45995, 45995, 45995, 45995, 45995]
--------------------------------------------
outputs[ 9 ]=[0.0, 0.0, 0.0, 0.0, 0.0, 0.0002475860361475613, 0.0009903441445902451, 0.003961376578360981, 0.014607576132706116, 0.02550136172319881, 0.031691012626887845, 0.03466204506065858, 0.03911859371131468, 0.040356523892052486, 0.04085169596434761, 0.041099282000495174, 0.04134686803664273, 0.041842040108937856, 0.041842040108937856, 0.041842040108937856, 0.041842040108937856, 0.041842040108937856, 0.041842040108937856, 0.041842040108937856, 0.041842040108937856, 0.041842040108937856, 0.041842040108937856, 0.041842040108937856, 0.041842040108937856, 0.041842040108937856, 0.041842040108937856, 0.041842040108937856, 0.041842040108937856, 0.041842040108937856, 0.041842040108937856, 0.041842040108937856, 0.041842040108937856]
outputs_edges[ 9 ]=[0, 0, 0, 0, 0, 0, 0, 0, 0, 0, 0, 0, 0, 0, 0, 0, 0, 0, 0, 0, 0, 0, 0, 0, 0, 0, 0, 0, 0, 0, 0, 0, 0, 0, 0, 0, 0]
--------------------------------------------
avg_output=[0.0, 0.0, 0.0, 0.0, 0.0, 0.0002475860361475613, 0.0019311710819509783, 0.008665511265164644, 0.017430056944788313, 0.03723693983659322, 0.06296112899232484, 0.10190641247833623, 0.14879920772468433, 0.18457538994800696, 0.2098786828422877, 0.22995791037385488, 0.2527605843030453, 0.2722208467442436, 0.28739787076008916, 0.3069324090121317, 0.3225550878930429, 0.33468680366427334, 0.3437979697945036, 0.35120079227531564, 0.3559296855657341, 0.3577123050259966, 0.35867789056697197, 0.3591730626392672, 0.3593958900718, 0.359593958900718, 0.3598167863332508, 0.3598663035404803, 0.3598663035404803, 0.3598663035404803, 0.3598663035404803, 0.3598663035404803, 0.3598663035404803]
avg_output_edges=[0.0, 0.0, 0.0, 0.0, 0.0, 242.5, 830.4, 2525.9, 4616.6, 6605.2, 8655.9, 10967.4, 13152.8, 15001.1, 16676.9, 17825.2, 18752.2, 19837.3, 20617.3, 21368.6, 21851.1, 22209.5, 22442.3, 22574.3, 22574.3, 22574.3, 22574.3, 22574.3, 22574.3, 22574.3, 22574.3, 22574.3, 22574.3, 22574.3, 22574.3, 22574.3, 22574.3]
