outputs[ 0 ]=[0.0, 0.0, 0.0, 0.0, 0.0, 0.0002475860361475613, 0.0007427581084426838, 0.0032186184699182965, 0.010893785590492696, 0.02698687794008418, 0.037137905422134194, 0.043327556325823226, 0.05001237930180738, 0.09383510769992573, 0.1559792027729636, 0.20103986135181975, 0.21515226541223076, 0.2218370883882149, 0.22678880911116614, 0.22876949740034663, 0.230255013617232, 0.23099777172567468, 0.2314929437979698, 0.23174052983411736, 0.23174052983411736, 0.23174052983411736, 0.23174052983411736, 0.23174052983411736, 0.23174052983411736, 0.23174052983411736, 0.23174052983411736, 0.23174052983411736, 0.23174052983411736, 0.23174052983411736, 0.23174052983411736, 0.23174052983411736, 0.23174052983411736, 0.23174052983411736, 0.23174052983411736, 0.23174052983411736, 0.23174052983411736, 0.23174052983411736, 0.23174052983411736]
outputs_edges[ 0 ]=[0, 0, 0, 0, 0, 0, 0, 0, 0, 0, 0, 2531, 5062, 7593, 7593, 7593, 7593, 7593, 7593, 7593, 7593, 7593, 7593, 7593, 7593, 7593, 7593, 7593, 7593, 7593, 7593, 7593, 7593, 7593, 7593, 7593, 7593, 7593, 7593, 7593, 7593, 7593, 7593]
--------------------------------------------
outputs[ 1 ]=[0.0, 0.0, 0.0, 0.0, 0.0, 0.0002475860361475613, 0.005199306759098787, 0.055211686060906165, 0.08170339192869522, 0.11413716266402575, 0.23669225055706858, 0.3369645951968309, 0.41544936865560783, 0.46521416192126763, 0.5134934389700421, 0.5313196335726665, 0.5399851448378311, 0.5422134191631592, 0.5436989353800445, 0.5449368655607824, 0.5484030700668482, 0.5491458281752909, 0.5491458281752909, 0.5491458281752909, 0.5491458281752909, 0.5491458281752909, 0.5491458281752909, 0.5491458281752909, 0.5491458281752909, 0.5491458281752909, 0.5491458281752909, 0.5491458281752909, 0.5491458281752909, 0.5491458281752909, 0.5491458281752909, 0.5491458281752909, 0.5491458281752909, 0.5491458281752909, 0.5491458281752909, 0.5491458281752909, 0.5491458281752909, 0.5491458281752909, 0.5491458281752909]
outputs_edges[ 1 ]=[0, 0, 0, 0, 0, 0, 4803, 11000, 17197, 23394, 29591, 34530, 39469, 39469, 39469, 39469, 39469, 39469, 39469, 39469, 39469, 39469, 39469, 39469, 39469, 39469, 39469, 39469, 39469, 39469, 39469, 39469, 39469, 39469, 39469, 39469, 39469, 39469, 39469, 39469, 39469, 39469, 39469]
--------------------------------------------
outputs[ 2 ]=[0.0, 0.0, 0.0, 0.0, 0.0, 0.0002475860361475613, 0.0002475860361475613, 0.0004951720722951226, 0.0022282743253280515, 0.01386481802426343, 0.040356523892052486, 0.07402822480812082, 0.16216885367665262, 0.22456053478583807, 0.24585293389452834, 0.25674671948502104, 0.25971775191879176, 0.2621936122802674, 0.26491705867789056, 0.27234463976231743, 0.2864570438227284, 0.3005694478831394, 0.3166625402327309, 0.35206734340183216, 0.39613765783609806, 0.4449121069571676, 0.48427828670462986, 0.5320623916811091, 0.5471651398861104, 0.5550878930428323, 0.5585540975488983, 0.5590492696211934, 0.5605347858380787, 0.5610299579103738, 0.561525129982669, 0.561525129982669, 0.561525129982669, 0.5617727160188165, 0.5617727160188165, 0.5617727160188165, 0.5617727160188165, 0.5617727160188165, 0.5617727160188165]
outputs_edges[ 2 ]=[0, 0, 0, 0, 0, 0, 0, 0, 3161, 6322, 9483, 12644, 15805, 15805, 15805, 15805, 15805, 15805, 15805, 15805, 15805, 16740, 17969, 19198, 20427, 21271, 21271, 21271, 21271, 21271, 21271, 21271, 21271, 21271, 21271, 21271, 21271, 21271, 21271, 21271, 21271, 21271, 21271]
--------------------------------------------
outputs[ 3 ]=[0.0, 0.0, 0.0, 0.0, 0.0, 0.0002475860361475613, 0.0007427581084426838, 0.0017331022530329288, 0.008665511265164644, 0.02723446397623174, 0.076751671205744, 0.13097301312205992, 0.15127506808615995, 0.16860609061648923, 0.21341916315919782, 0.2569943055211686, 0.26615498885862837, 0.26962119336469426, 0.27853429066600643, 0.3196335726665016, 0.39217628125773707, 0.4379796979450359, 0.47462243129487497, 0.5060658578856152, 0.5263679128497153, 0.5362713542956177, 0.5412230750185689, 0.5436989353800445, 0.5444416934884873, 0.5446892795246349, 0.54518445159693, 0.54518445159693, 0.54518445159693, 0.54518445159693, 0.54518445159693, 0.54518445159693, 0.54518445159693, 0.54518445159693, 0.54518445159693, 0.54518445159693, 0.54518445159693, 0.54518445159693, 0.54518445159693]
outputs_edges[ 3 ]=[0, 0, 0, 0, 0, 0, 0, 0, 0, 2028, 4389, 6750, 6750, 6750, 6750, 6750, 6750, 8998, 11246, 13494, 15742, 15742, 15742, 15742, 15742, 15742, 15742, 15742, 15742, 15742, 15742, 15742, 15742, 15742, 15742, 15742, 15742, 15742, 15742, 15742, 15742, 15742, 15742]
--------------------------------------------
outputs[ 4 ]=[0.0, 0.0, 0.0, 0.0, 0.0, 0.0002475860361475613, 0.0004951720722951226, 0.0019806882891804903, 0.007427581084426839, 0.019064124783362217, 0.025996533795493933, 0.032433770735330526, 0.03614756127754395, 0.03862342163901956, 0.040356523892052486, 0.04085169596434761, 0.04085169596434761, 0.041099282000495174, 0.041099282000495174, 0.041099282000495174, 0.041099282000495174, 0.041099282000495174, 0.041099282000495174, 0.041099282000495174, 0.041099282000495174, 0.041099282000495174, 0.041099282000495174, 0.041099282000495174, 0.041099282000495174, 0.041099282000495174, 0.041099282000495174, 0.041099282000495174, 0.041099282000495174, 0.041099282000495174, 0.041099282000495174, 0.041099282000495174, 0.041099282000495174, 0.041099282000495174, 0.041099282000495174, 0.041099282000495174, 0.041099282000495174, 0.041099282000495174, 0.041099282000495174]
outputs_edges[ 4 ]=[0, 0, 0, 0, 0, 0, 0, 0, 0, 0, 0, 0, 0, 0, 0, 0, 0, 0, 0, 0, 0, 0, 0, 0, 0, 0, 0, 0, 0, 0, 0, 0, 0, 0, 0, 0, 0, 0, 0, 0, 0, 0, 0]
--------------------------------------------
outputs[ 5 ]=[0.0, 0.0, 0.0, 0.0, 0.0, 0.0002475860361475613, 0.0002475860361475613, 0.0004951720722951226, 0.0004951720722951226, 0.0004951720722951226, 0.0004951720722951226, 0.0004951720722951226, 0.0004951720722951226, 0.0004951720722951226, 0.0004951720722951226, 0.0004951720722951226, 0.0004951720722951226, 0.0004951720722951226, 0.0004951720722951226, 0.0004951720722951226, 0.0004951720722951226, 0.0004951720722951226, 0.0004951720722951226, 0.0004951720722951226, 0.0004951720722951226, 0.0004951720722951226, 0.0004951720722951226, 0.0004951720722951226, 0.0004951720722951226, 0.0004951720722951226, 0.0004951720722951226, 0.0004951720722951226, 0.0004951720722951226, 0.0004951720722951226, 0.0004951720722951226, 0.0004951720722951226, 0.0004951720722951226, 0.0004951720722951226, 0.0004951720722951226, 0.0004951720722951226, 0.0004951720722951226, 0.0004951720722951226, 0.0004951720722951226]
outputs_edges[ 5 ]=[0, 0, 0, 0, 0, 0, 0, 0, 0, 0, 0, 0, 0, 0, 0, 0, 0, 0, 0, 0, 0, 0, 0, 0, 0, 0, 0, 0, 0, 0, 0, 0, 0, 0, 0, 0, 0, 0, 0, 0, 0, 0, 0]
--------------------------------------------
outputs[ 6 ]=[0.0, 0.0, 0.0, 0.0, 0.0, 0.0002475860361475613, 0.0037137905422134194, 0.022035157217132954, 0.04555583065115128, 0.07155236444664521, 0.1336964595196831, 0.226293637038871, 0.24610051993067592, 0.254518445159693, 0.25798464966575885, 0.25996533795493937, 0.26145085417182473, 0.26367912849715275, 0.2668977469670711, 0.274820500123793, 0.2921515226541223, 0.3523149294379797, 0.41767764298093585, 0.456548650656103, 0.48304035652389204, 0.5018568952711067, 0.5219113641990591, 0.5387472146570933, 0.5466699678138153, 0.5488982421391434, 0.5501361723198812, 0.5511265164644714, 0.5518692745729141, 0.5521168606090616, 0.5521168606090616, 0.5521168606090616, 0.5521168606090616, 0.5521168606090616, 0.5521168606090616, 0.5521168606090616, 0.5521168606090616, 0.5521168606090616, 0.5521168606090616]
outputs_edges[ 6 ]=[0, 0, 0, 0, 0, 0, 0, 3129, 6258, 9387, 12516, 12516, 12516, 12516, 12516, 12516, 12516, 12516, 13735, 14954, 16173, 17392, 18611, 18611, 18611, 18611, 18611, 18611, 18611, 18611, 18611, 18611, 18611, 18611, 18611, 18611, 18611, 18611, 18611, 18611, 18611, 18611, 18611]
--------------------------------------------
outputs[ 7 ]=[0.0, 0.0, 0.0, 0.0, 0.0, 0.0002475860361475613, 0.0002475860361475613, 0.0002475860361475613, 0.0002475860361475613, 0.0002475860361475613, 0.0002475860361475613, 0.0002475860361475613, 0.0002475860361475613, 0.0002475860361475613, 0.0002475860361475613, 0.0002475860361475613, 0.0002475860361475613, 0.0002475860361475613, 0.0002475860361475613, 0.0002475860361475613, 0.0002475860361475613, 0.0002475860361475613, 0.0002475860361475613, 0.0002475860361475613, 0.0002475860361475613, 0.0002475860361475613, 0.0002475860361475613, 0.0002475860361475613, 0.0002475860361475613, 0.0002475860361475613, 0.0002475860361475613, 0.0002475860361475613, 0.0002475860361475613, 0.0002475860361475613, 0.0002475860361475613, 0.0002475860361475613, 0.0002475860361475613, 0.0002475860361475613, 0.0002475860361475613, 0.0002475860361475613, 0.0002475860361475613, 0.0002475860361475613, 0.0002475860361475613]
outputs_edges[ 7 ]=[0, 0, 0, 0, 0, 0, 0, 0, 0, 0, 0, 0, 0, 0, 0, 0, 0, 0, 0, 0, 0, 0, 0, 0, 0, 0, 0, 0, 0, 0, 0, 0, 0, 0, 0, 0, 0, 0, 0, 0, 0, 0, 0]
--------------------------------------------
outputs[ 8 ]=[0.0, 0.0, 0.0, 0.0, 0.0, 0.0002475860361475613, 0.0017331022530329288, 0.00965585540975489, 0.03466204506065858, 0.06734340183213666, 0.12032681356771478, 0.19633572666501609, 0.23545432037633077, 0.25352810101510276, 0.2668977469670711, 0.2768011884129735, 0.2800198068828918, 0.28224808120821987, 0.2824956672443674, 0.2829908393166625, 0.2829908393166625, 0.2829908393166625, 0.2829908393166625, 0.2829908393166625, 0.2829908393166625, 0.2829908393166625, 0.2829908393166625, 0.2829908393166625, 0.2829908393166625, 0.2829908393166625, 0.2829908393166625, 0.2829908393166625, 0.2829908393166625, 0.2829908393166625, 0.2829908393166625, 0.2829908393166625, 0.2829908393166625, 0.2829908393166625, 0.2829908393166625, 0.2829908393166625, 0.2829908393166625, 0.2829908393166625, 0.2829908393166625]
outputs_edges[ 8 ]=[0, 0, 0, 0, 0, 0, 0, 3429, 6858, 10287, 13716, 16139, 16139, 16139, 16139, 16139, 16139, 16139, 16139, 16139, 16139, 16139, 16139, 16139, 16139, 16139, 16139, 16139, 16139, 16139, 16139, 16139, 16139, 16139, 16139, 16139, 16139, 16139, 16139, 16139, 16139, 16139, 16139]
--------------------------------------------
outputs[ 9 ]=[0.0, 0.0, 0.0, 0.0, 0.0, 0.0002475860361475613, 0.0007427581084426838, 0.0037137905422134194, 0.013122059915820748, 0.041842040108937856, 0.1463233473632087, 0.22604605100272346, 0.24783362218370883, 0.26714533300321863, 0.2750680861599406, 0.2800198068828918, 0.2829908393166625, 0.2933894528348601, 0.34810596682347117, 0.43575142361970787, 0.5427085912354543, 0.5927209705372617, 0.6335726665016093, 0.6568457538994801, 0.6637781629116117, 0.6721960881406289, 0.6798712552612033, 0.6863084922010398, 0.7026491705867789, 0.7264174300569448, 0.7350829413221094, 0.7378063877197326, 0.7397870760089131, 0.7402822480812082, 0.7407774201535033, 0.7407774201535033, 0.7407774201535033, 0.7407774201535033, 0.7407774201535033, 0.7407774201535033, 0.7407774201535033, 0.7407774201535033, 0.7407774201535033]
outputs_edges[ 9 ]=[0, 0, 0, 0, 0, 0, 0, 3481, 6962, 10443, 13924, 13924, 13924, 13924, 13924, 16953, 19982, 23011, 26040, 29069, 32098, 32098, 32098, 32098, 32098, 32098, 32098, 32098, 32098, 32098, 32098, 32098, 32098, 32098, 32098, 32098, 32098, 32098, 32098, 32098, 32098, 32098, 32098]
--------------------------------------------
avg_output=[0.0, 0.0, 0.0, 0.0, 0.0, 0.0002475860361475613, 0.0014112404060410994, 0.009878682842287694, 0.02050012379301807, 0.03827680118841298, 0.08180242634315425, 0.1267145333003219, 0.15451844515969299, 0.17667739539489974, 0.19697945035899975, 0.21044813072542706, 0.21470661054716517, 0.21770240158455065, 0.22532805149789553, 0.24010893785590492, 0.2616984402079723, 0.2788561525129983, 0.29480069324090125, 0.3077246843278039, 0.31750433275563256, 0.326095568209953, 0.333300321861847, 0.34065362713542957, 0.34466452092102007, 0.34808120821985644, 0.34946769002228273, 0.34988858628373365, 0.35030948254518446, 0.35043327556325826, 0.3505323099777173, 0.3505323099777173, 0.3505323099777173, 0.35055706858133207, 0.35055706858133207, 0.35055706858133207, 0.35055706858133207, 0.35055706858133207, 0.35055706858133207]
avg_output_edges=[0.0, 0.0, 0.0, 0.0, 0.0, 0.0, 480.3, 2103.9, 4043.6, 6186.1, 8361.9, 9903.4, 10966.5, 11219.6, 11219.6, 11522.5, 11825.4, 12353.1, 13002.7, 13652.3, 14301.9, 14517.3, 14762.1, 14885.0, 15007.9, 15092.3, 15092.3, 15092.3, 15092.3, 15092.3, 15092.3, 15092.3, 15092.3, 15092.3, 15092.3, 15092.3, 15092.3, 15092.3, 15092.3, 15092.3, 15092.3, 15092.3, 15092.3]
