outputs[ 0 ]=[0.0, 0.0, 0.0, 0.0, 0.0, 1.2299215310063217e-05, 1.2299215310063217e-05, 1.2299215310063217e-05, 2.4598430620126434e-05, 9.839372248050574e-05, 0.00039357488992202295, 0.0015620003443780287, 0.008646348362974442, 0.039775662312744445, 0.09787715543748308, 0.16864684033158683, 0.2638304676161661, 0.37636828770324454, 0.46195852704597445, 0.5164194524389344, 0.5501316016038177, 0.5713108503677465, 0.5851105699456375, 0.5929697685287678, 0.5983322264039554, 0.6014562270927115, 0.6036208889872826, 0.6053919759919317, 0.6075197402405726, 0.6100656778097557, 0.6117383710919243, 0.6130666863454112, 0.6142474110151772, 0.6157971121442452, 0.6173714117039333, 0.6183553489287383, 0.6190195065554818, 0.6193392861535434, 0.6195237743831944, 0.6196221681056748, 0.6197082626128453, 0.6197328610434655, 0.6197574594740856, 0.6197820579047056, 0.6197820579047056, 0.6197820579047056, 0.6197820579047056, 0.6197820579047056, 0.6197820579047056, 0.6197820579047056, 0.6197820579047056, 0.6197820579047056, 0.6197820579047056, 0.6197820579047056, 0.6197820579047056]
outputs_edges[ 0 ]=[0, 0, 0, 0, 0, 0, 0, 0, 0, 0, 0, 264343, 596815, 951224, 1306865, 1662638, 2018411, 2374295, 2633848, 2633848, 2633848, 2633848, 2633848, 2633848, 2633848, 2633848, 2633848, 2633848, 2633848, 2633848, 2633848, 2633848, 2633848, 2633848, 2633848, 2633848, 2633848, 2633848, 2633848, 2633848, 2633848, 2633848, 2633848, 2633848, 2633848, 2633848, 2633848, 2633848, 2633848, 2633848, 2633848, 2633848, 2633848, 2633848, 2633848]
--------------------------------------------
outputs[ 1 ]=[0.0, 0.0, 0.0, 0.0, 0.0, 1.2299215310063217e-05, 3.6897645930189655e-05, 0.00011069293779056896, 0.0003197795980616437, 0.0008732442870144885, 0.002533638353873023, 0.003271591272476816, 0.004058741052320862, 0.005829828056969966, 0.011143089070917276, 0.023171721644159104, 0.045851474675915674, 0.09791405308341328, 0.18713256094261185, 0.30427028755565394, 0.41508621749932356, 0.48949647012520603, 0.535212653432711, 0.5615083757656262, 0.5774973556687083, 0.5878532949597816, 0.594347280643495, 0.5980370452365139, 0.6006690773128674, 0.6027599439155782, 0.6045556293508474, 0.6060684328339851, 0.607199960642511, 0.6082576931591764, 0.60894644921654, 0.6095491107667331, 0.6099672840872752, 0.6102132683934764, 0.6103977566231275, 0.6104469534843677, 0.6105453472068482, 0.6106068432833985, 0.6106560401446388, 0.610692937790569, 0.610705237005879, 0.6107298354364992, 0.6107298354364992, 0.6107298354364992, 0.6107298354364992, 0.6107298354364992, 0.6107298354364992, 0.6107298354364992, 0.6107298354364992, 0.6107298354364992, 0.6107298354364992]
outputs_edges[ 1 ]=[0, 0, 0, 0, 0, 0, 0, 0, 0, 0, 0, 0, 0, 0, 264026, 593967, 930681, 1267395, 1604109, 1940823, 2265070, 2586207, 2586207, 2586207, 2586207, 2586207, 2586207, 2586207, 2586207, 2586207, 2586207, 2586207, 2586207, 2586207, 2586207, 2586207, 2586207, 2586207, 2586207, 2586207, 2586207, 2586207, 2586207, 2586207, 2586207, 2586207, 2586207, 2586207, 2586207, 2586207, 2586207, 2586207, 2586207, 2586207, 2586207]
--------------------------------------------
outputs[ 2 ]=[0.0, 0.0, 0.0, 0.0, 0.0, 1.2299215310063217e-05, 1.2299215310063217e-05, 1.2299215310063217e-05, 1.2299215310063217e-05, 1.2299215310063217e-05, 1.2299215310063217e-05, 1.2299215310063217e-05, 1.2299215310063217e-05, 1.2299215310063217e-05, 1.2299215310063217e-05, 1.2299215310063217e-05, 1.2299215310063217e-05, 1.2299215310063217e-05, 1.2299215310063217e-05, 1.2299215310063217e-05, 1.2299215310063217e-05, 1.2299215310063217e-05, 1.2299215310063217e-05, 1.2299215310063217e-05, 1.2299215310063217e-05, 1.2299215310063217e-05, 1.2299215310063217e-05, 1.2299215310063217e-05, 1.2299215310063217e-05, 1.2299215310063217e-05, 1.2299215310063217e-05, 1.2299215310063217e-05, 1.2299215310063217e-05, 1.2299215310063217e-05, 1.2299215310063217e-05, 1.2299215310063217e-05, 1.2299215310063217e-05, 1.2299215310063217e-05, 1.2299215310063217e-05, 1.2299215310063217e-05, 1.2299215310063217e-05, 1.2299215310063217e-05, 1.2299215310063217e-05, 1.2299215310063217e-05, 1.2299215310063217e-05, 1.2299215310063217e-05, 1.2299215310063217e-05, 1.2299215310063217e-05, 1.2299215310063217e-05, 1.2299215310063217e-05, 1.2299215310063217e-05, 1.2299215310063217e-05, 1.2299215310063217e-05, 1.2299215310063217e-05, 1.2299215310063217e-05]
outputs_edges[ 2 ]=[0, 0, 0, 0, 0, 0, 0, 0, 0, 0, 0, 0, 0, 0, 0, 0, 0, 0, 0, 0, 0, 0, 0, 0, 0, 0, 0, 0, 0, 0, 0, 0, 0, 0, 0, 0, 0, 0, 0, 0, 0, 0, 0, 0, 0, 0, 0, 0, 0, 0, 0, 0, 0, 0, 0]
--------------------------------------------
outputs[ 3 ]=[0.0, 0.0, 0.0, 0.0, 0.0, 1.2299215310063217e-05, 6.149607655031609e-05, 0.0009347403635648045, 0.0064570880377831895, 0.028263596782525276, 0.09726219467197993, 0.20890217204142375, 0.3266917570658992, 0.42584803089562884, 0.49242368336900105, 0.5368115514230192, 0.5657024081863578, 0.5839667429218016, 0.5940766979066735, 0.6001279118392246, 0.6039283693700342, 0.6064866061545273, 0.6081592994366959, 0.609352323321772, 0.6107790322977394, 0.6125009224411483, 0.6141613165080068, 0.6150345607950213, 0.6160553956657565, 0.6176911913019949, 0.6185890340196295, 0.6189211128330012, 0.619068703416722, 0.6192039947851327, 0.6193146877229233, 0.6193269869382333, 0.6193392861535434, 0.6193392861535434, 0.6193392861535434, 0.6193392861535434, 0.6193392861535434, 0.6193392861535434, 0.6193392861535434, 0.6193392861535434, 0.6193392861535434, 0.6193392861535434, 0.6193392861535434, 0.6193392861535434, 0.6193392861535434, 0.6193392861535434, 0.6193392861535434, 0.6193392861535434, 0.6193392861535434, 0.6193392861535434, 0.6193392861535434]
outputs_edges[ 3 ]=[0, 0, 0, 0, 0, 0, 0, 321425, 671446, 1026035, 1380598, 1735161, 2090040, 2444499, 2780528, 2780528, 2780528, 2780528, 2780528, 2780528, 2780528, 2780528, 2780528, 2780528, 2780528, 2780528, 2780528, 2780528, 2780528, 2780528, 2780528, 2780528, 2780528, 2780528, 2780528, 2780528, 2780528, 2780528, 2780528, 2780528, 2780528, 2780528, 2780528, 2780528, 2780528, 2780528, 2780528, 2780528, 2780528, 2780528, 2780528, 2780528, 2780528, 2780528, 2780528]
--------------------------------------------
outputs[ 4 ]=[0.0, 0.0, 0.0, 0.0, 0.0, 1.2299215310063217e-05, 1.2299215310063217e-05, 1.2299215310063217e-05, 3.6897645930189655e-05, 0.00039357488992202295, 0.0021277642486409367, 0.0036405677317787126, 0.006161906870341672, 0.023343910658499986, 0.08555334169679975, 0.1818684967899048, 0.29748112070449906, 0.4067965463803409, 0.4799030821833567, 0.5279930140457039, 0.5561336186751286, 0.57199960642511, 0.5822694512090129, 0.5895874843185005, 0.5939045088923327, 0.5967456276289572, 0.5983199271886454, 0.5993161636287605, 0.6002386047770152, 0.6009273608343788, 0.6012594396477505, 0.6015300223845719, 0.601739109044843, 0.6017883059060832, 0.6018498019826335, 0.6018866996285637, 0.6019112980591839, 0.6019235972744938, 0.6019235972744938, 0.6019235972744938, 0.6019235972744938, 0.6019235972744938, 0.6019235972744938, 0.6019235972744938, 0.6019235972744938, 0.6019235972744938, 0.6019235972744938, 0.6019235972744938, 0.6019235972744938, 0.6019235972744938, 0.6019235972744938, 0.6019235972744938, 0.6019235972744938, 0.6019235972744938, 0.6019235972744938]
outputs_edges[ 4 ]=[0, 0, 0, 0, 0, 0, 0, 0, 0, 0, 0, 300092, 632281, 971897, 1312614, 1653331, 1994048, 2334765, 2665784, 2665784, 2665784, 2665784, 2665784, 2665784, 2665784, 2665784, 2665784, 2665784, 2665784, 2665784, 2665784, 2665784, 2665784, 2665784, 2665784, 2665784, 2665784, 2665784, 2665784, 2665784, 2665784, 2665784, 2665784, 2665784, 2665784, 2665784, 2665784, 2665784, 2665784, 2665784, 2665784, 2665784, 2665784, 2665784, 2665784]
--------------------------------------------
outputs[ 5 ]=[0.0, 0.0, 0.0, 0.0, 0.0, 1.2299215310063217e-05, 2.4598430620126434e-05, 4.919686124025287e-05, 0.00019678744496101148, 0.0007748505645339827, 0.0029518116744151725, 0.012987971367426758, 0.048323616953238384, 0.11193515853688535, 0.18866996285636978, 0.28685459867660446, 0.394743315376479, 0.4764961995424692, 0.5285095810887266, 0.5594667060241557, 0.5770914815634762, 0.5886650431702457, 0.5956878951122918, 0.6000295181167441, 0.6033503062504613, 0.6058962438196444, 0.6078887166998745, 0.609352323321772, 0.6107298354364992, 0.6117629695225445, 0.6133495682975426, 0.6148746709959905, 0.6164612697709886, 0.6176665928713748, 0.6189211128330012, 0.6198558531965661, 0.6208643888519912, 0.6217745307849359, 0.6221066095983077, 0.6223033970432686, 0.6224263891963693, 0.6225370821341598, 0.62257397978009, 0.6226231766413303, 0.6226477750719505, 0.6226600742872604, 0.6226600742872604, 0.6226600742872604, 0.6226600742872604, 0.6226600742872604, 0.6226600742872604, 0.6226600742872604, 0.6226600742872604, 0.6226600742872604, 0.6226600742872604]
outputs_edges[ 5 ]=[0, 0, 0, 0, 0, 0, 0, 0, 0, 0, 263493, 595908, 934080, 1274832, 1615584, 1956336, 2291575, 2536972, 2536972, 2536972, 2536972, 2536972, 2536972, 2536972, 2536972, 2536972, 2536972, 2536972, 2536972, 2536972, 2536972, 2536972, 2536972, 2536972, 2536972, 2536972, 2536972, 2536972, 2536972, 2536972, 2536972, 2536972, 2536972, 2536972, 2536972, 2536972, 2536972, 2536972, 2536972, 2536972, 2536972, 2536972, 2536972, 2536972, 2536972]
--------------------------------------------
outputs[ 6 ]=[0.0, 0.0, 0.0, 0.0, 0.0, 1.2299215310063217e-05, 1.2299215310063217e-05, 1.2299215310063217e-05, 1.2299215310063217e-05, 1.2299215310063217e-05, 1.2299215310063217e-05, 1.2299215310063217e-05, 1.2299215310063217e-05, 1.2299215310063217e-05, 1.2299215310063217e-05, 1.2299215310063217e-05, 1.2299215310063217e-05, 1.2299215310063217e-05, 1.2299215310063217e-05, 1.2299215310063217e-05, 1.2299215310063217e-05, 1.2299215310063217e-05, 1.2299215310063217e-05, 1.2299215310063217e-05, 1.2299215310063217e-05, 1.2299215310063217e-05, 1.2299215310063217e-05, 1.2299215310063217e-05, 1.2299215310063217e-05, 1.2299215310063217e-05, 1.2299215310063217e-05, 1.2299215310063217e-05, 1.2299215310063217e-05, 1.2299215310063217e-05, 1.2299215310063217e-05, 1.2299215310063217e-05, 1.2299215310063217e-05, 1.2299215310063217e-05, 1.2299215310063217e-05, 1.2299215310063217e-05, 1.2299215310063217e-05, 1.2299215310063217e-05, 1.2299215310063217e-05, 1.2299215310063217e-05, 1.2299215310063217e-05, 1.2299215310063217e-05, 1.2299215310063217e-05, 1.2299215310063217e-05, 1.2299215310063217e-05, 1.2299215310063217e-05, 1.2299215310063217e-05, 1.2299215310063217e-05, 1.2299215310063217e-05, 1.2299215310063217e-05, 1.2299215310063217e-05]
outputs_edges[ 6 ]=[0, 0, 0, 0, 0, 0, 0, 0, 0, 0, 0, 0, 0, 0, 0, 0, 0, 0, 0, 0, 0, 0, 0, 0, 0, 0, 0, 0, 0, 0, 0, 0, 0, 0, 0, 0, 0, 0, 0, 0, 0, 0, 0, 0, 0, 0, 0, 0, 0, 0, 0, 0, 0, 0, 0]
--------------------------------------------
outputs[ 7 ]=[0.0, 0.0, 0.0, 0.0, 0.0, 1.2299215310063217e-05, 4.919686124025287e-05, 0.00018448822965094828, 0.000282881952131454, 0.0003197795980616437, 0.0003566772439918333, 0.0004058741052320862, 0.0006395591961232874, 0.0017833862199591666, 0.002644331291663592, 0.004440016726932822, 0.008584852286424126, 0.01682532654416648, 0.041386859518362726, 0.10483851130297887, 0.2132683934764962, 0.33830221631859886, 0.43787666346887066, 0.5019924728802302, 0.5438836002263056, 0.570634393525693, 0.5863527906919539, 0.595909280987873, 0.6020834870735247, 0.605834747743094, 0.6082945908051066, 0.6101394731016161, 0.611664575800064, 0.613029788699481, 0.6141982141539369, 0.6152805451012225, 0.6162890807566477, 0.617506703072344, 0.6187120261727301, 0.6193269869382333, 0.6201510343640075, 0.6207413966988906, 0.6210734755122623, 0.6212702629572233, 0.6214916488328045, 0.622377192335129, 0.6234226256364844, 0.6238284997417165, 0.623939192679507, 0.6240744840479178, 0.6240990824785378, 0.624135980124468, 0.6241728777703982, 0.6241974762010184, 0.6241974762010184]
outputs_edges[ 7 ]=[0, 0, 0, 0, 0, 0, 0, 0, 0, 0, 0, 0, 0, 0, 0, 0, 315301, 666138, 1018996, 1372881, 1726766, 2079475, 2427004, 2769336, 2769336, 2769336, 2769336, 2769336, 2769336, 2769336, 2769336, 2769336, 2769336, 2769336, 2769336, 2769336, 2769336, 2769336, 2769336, 2769336, 2769336, 2769336, 2769336, 2769336, 2769336, 2769336, 2769336, 2769336, 2769336, 2769336, 2769336, 2769336, 2769336, 2769336, 2769336]
--------------------------------------------
outputs[ 8 ]=[0.0, 0.0, 0.0, 0.0, 0.0, 1.2299215310063217e-05, 2.4598430620126434e-05, 2.4598430620126434e-05, 2.4598430620126434e-05, 2.4598430620126434e-05, 2.4598430620126434e-05, 2.4598430620126434e-05, 2.4598430620126434e-05, 2.4598430620126434e-05, 2.4598430620126434e-05, 2.4598430620126434e-05, 2.4598430620126434e-05, 2.4598430620126434e-05, 2.4598430620126434e-05, 2.4598430620126434e-05, 2.4598430620126434e-05, 2.4598430620126434e-05, 2.4598430620126434e-05, 2.4598430620126434e-05, 2.4598430620126434e-05, 2.4598430620126434e-05, 2.4598430620126434e-05, 2.4598430620126434e-05, 2.4598430620126434e-05, 2.4598430620126434e-05, 2.4598430620126434e-05, 2.4598430620126434e-05, 2.4598430620126434e-05, 2.4598430620126434e-05, 2.4598430620126434e-05, 2.4598430620126434e-05, 2.4598430620126434e-05, 2.4598430620126434e-05, 2.4598430620126434e-05, 2.4598430620126434e-05, 2.4598430620126434e-05, 2.4598430620126434e-05, 2.4598430620126434e-05, 2.4598430620126434e-05, 2.4598430620126434e-05, 2.4598430620126434e-05, 2.4598430620126434e-05, 2.4598430620126434e-05, 2.4598430620126434e-05, 2.4598430620126434e-05, 2.4598430620126434e-05, 2.4598430620126434e-05, 2.4598430620126434e-05, 2.4598430620126434e-05, 2.4598430620126434e-05]
outputs_edges[ 8 ]=[0, 0, 0, 0, 0, 0, 0, 0, 0, 0, 0, 0, 0, 0, 0, 0, 0, 0, 0, 0, 0, 0, 0, 0, 0, 0, 0, 0, 0, 0, 0, 0, 0, 0, 0, 0, 0, 0, 0, 0, 0, 0, 0, 0, 0, 0, 0, 0, 0, 0, 0, 0, 0, 0, 0]
--------------------------------------------
outputs[ 9 ]=[0.0, 0.0, 0.0, 0.0, 0.0, 1.2299215310063217e-05, 9.839372248050574e-05, 0.0007010552726736034, 0.0056945366885592695, 0.017932255922072173, 0.033687550734263154, 0.05938061151698522, 0.1143581039529678, 0.2246082699923745, 0.35170836100656777, 0.4535458637738912, 0.5183996261038546, 0.557388138636755, 0.5826138292376947, 0.5977049664231422, 0.6066833935994883, 0.6119351585368853, 0.6150960568715715, 0.6171623250436622, 0.6184045457899786, 0.6194991759525742, 0.6202740265171082, 0.6207782943448208, 0.6211103731581925, 0.6212702629572233, 0.621393255110324, 0.6214793496174944, 0.6215285464787347, 0.6215531449093548, 0.6215654441246649, 0.6215654441246649, 0.6215654441246649, 0.621577743339975, 0.6215900425552849, 0.6215900425552849, 0.6215900425552849, 0.6215900425552849, 0.6215900425552849, 0.6215900425552849, 0.6215900425552849, 0.6215900425552849, 0.6215900425552849, 0.6215900425552849, 0.6215900425552849, 0.6215900425552849, 0.6215900425552849, 0.6215900425552849, 0.6215900425552849, 0.6215900425552849, 0.6215900425552849]
outputs_edges[ 9 ]=[0, 0, 0, 0, 0, 0, 0, 0, 0, 323720, 667406, 1013315, 1360087, 1707230, 2054080, 2383207, 2708826, 2708826, 2708826, 2708826, 2708826, 2708826, 2708826, 2708826, 2708826, 2708826, 2708826, 2708826, 2708826, 2708826, 2708826, 2708826, 2708826, 2708826, 2708826, 2708826, 2708826, 2708826, 2708826, 2708826, 2708826, 2708826, 2708826, 2708826, 2708826, 2708826, 2708826, 2708826, 2708826, 2708826, 2708826, 2708826, 2708826, 2708826, 2708826]
--------------------------------------------
avg_output=[0.0, 0.0, 0.0, 0.0, 0.0, 1.2299215310063217e-05, 3.443780286817701e-05, 0.00020539689567805573, 0.0013061766659287137, 0.004870489262785034, 0.013936240867832631, 0.029019998524094166, 0.050892923031510585, 0.08331734435343026, 0.12300691215900425, 0.16553882862273384, 0.20946424618109366, 0.2515804491673431, 0.2875630334784641, 0.3210870046491034, 0.3522372272649005, 0.37782451479595597, 0.3959461786338031, 0.4072651464836543, 0.4146200772390721, 0.419463508228175, 0.42250141440976063, 0.4243868841167934, 0.4258455710525668, 0.42703613509458094, 0.4279229085184365, 0.428612894497331, 0.429195877303028, 0.4297345829336088, 0.4302216318598872, 0.4305869185545962, 0.43090054854500276, 0.43117236120335517, 0.4313642289621923, 0.43146016284161065, 0.4315733156224633, 0.43165203060044777, 0.43169630777556395, 0.43172705581383913, 0.4317528841659902, 0.43184512828081567, 0.4319496716109512, 0.4319902590214745, 0.43200132831525356, 0.4320148574520946, 0.43201731729515663, 0.4320210070597496, 0.4320246968243426, 0.43202715666740465, 0.43202715666740465]
avg_output_edges=[0.0, 0.0, 0.0, 0.0, 0.0, 0.0, 0.0, 32142.5, 67144.6, 134975.5, 231149.7, 390881.9, 561330.3, 734968.2, 933369.7, 1103000.7, 1303937.0, 1466891.9, 1594906.3, 1663966.2, 1731779.4, 1799164.0, 1833916.9, 1868150.1, 1868150.1, 1868150.1, 1868150.1, 1868150.1, 1868150.1, 1868150.1, 1868150.1, 1868150.1, 1868150.1, 1868150.1, 1868150.1, 1868150.1, 1868150.1, 1868150.1, 1868150.1, 1868150.1, 1868150.1, 1868150.1, 1868150.1, 1868150.1, 1868150.1, 1868150.1, 1868150.1, 1868150.1, 1868150.1, 1868150.1, 1868150.1, 1868150.1, 1868150.1, 1868150.1, 1868150.1]
