outputs[ 0 ]=[0.0, 0.0, 0.0, 0.0, 0.0, 1.2299215310063217e-05, 3.6897645930189655e-05, 9.839372248050574e-05, 0.0003443780286817701, 0.0014390081912773966, 0.006653875482744201, 0.02825129756721521, 0.08357316803187957, 0.18094605564165006, 0.306816225124837, 0.42331439254175585, 0.49921285022015593, 0.5474995695274641, 0.5778909305586304, 0.5966595331217869, 0.6106437409293287, 0.6192162940004428, 0.6246033503062505, 0.6281578235308587, 0.6301748948417091, 0.6313556195114751, 0.632105871645389, 0.6324994465353111, 0.6327454308415124, 0.6330406120089538, 0.6332988955304651, 0.6334833837601161, 0.6335817774825966, 0.6336309743438369, 0.6336801712050771, 0.6337539664969375, 0.6338031633581778, 0.633864659434728, 0.6338892578653482, 0.6339138562959683, 0.6339261555112784, 0.6339507539418985, 0.6339753523725187, 0.6339999508031388, 0.6340122500184489, 0.6340122500184489, 0.6340245492337588, 0.634049147664379, 0.634049147664379]
outputs_edges[ 0 ]=[0, 0, 0, 0, 0, 0, 0, 0, 0, 0, 340251, 683811, 1028492, 1374457, 1720191, 2062798, 2062798, 2062798, 2062798, 2062798, 2062798, 2062798, 2062798, 2062798, 2062798, 2062798, 2062798, 2062798, 2062798, 2062798, 2062798, 2062798, 2062798, 2062798, 2062798, 2062798, 2062798, 2062798, 2062798, 2062798, 2062798, 2062798, 2062798, 2062798, 2062798, 2062798, 2062798, 2062798, 2062798]
--------------------------------------------
outputs[ 1 ]=[0.0, 0.0, 0.0, 0.0, 0.0, 1.2299215310063217e-05, 0.00011069293779056896, 0.00038127567461195976, 0.0011069293779056896, 0.0037512606695692813, 0.0186579096253659, 0.07267606326716355, 0.18115514230192115, 0.3174304479374216, 0.426462991661132, 0.4986224878852729, 0.5421125132216564, 0.5718028189801491, 0.5928959732369075, 0.6079625119917349, 0.6176173960101345, 0.6235702162202051, 0.6274936659041154, 0.6298920128895776, 0.6312941234349249, 0.6321673677219394, 0.6337047696356972, 0.6347379037217425, 0.6351068801810444, 0.6352790691953853, 0.6353651637025558, 0.6354389589944162, 0.6354635574250362, 0.6355004550709664, 0.6355004550709664, 0.6355004550709664, 0.6355127542862765, 0.6355127542862765, 0.6355127542862765, 0.6355250535015866, 0.6355250535015866, 0.6355250535015866, 0.6355250535015866, 0.6355250535015866, 0.6355250535015866, 0.6355250535015866, 0.6355250535015866, 0.6355250535015866, 0.6355250535015866]
outputs_edges[ 1 ]=[0, 0, 0, 0, 0, 0, 0, 0, 0, 337538, 677273, 1019545, 1362455, 1705702, 2048097, 2048097, 2048097, 2048097, 2048097, 2048097, 2048097, 2048097, 2048097, 2048097, 2048097, 2048097, 2048097, 2048097, 2048097, 2048097, 2048097, 2048097, 2048097, 2048097, 2048097, 2048097, 2048097, 2048097, 2048097, 2048097, 2048097, 2048097, 2048097, 2048097, 2048097, 2048097, 2048097, 2048097, 2048097]
--------------------------------------------
outputs[ 2 ]=[0.0, 0.0, 0.0, 0.0, 0.0, 1.2299215310063217e-05, 3.6897645930189655e-05, 0.00044277175116227583, 0.0015988979903082184, 0.002349150124222075, 0.004230930066661747, 0.00814208053526185, 0.01937126411334957, 0.05491599635943227, 0.14563500848645855, 0.286768504169434, 0.4037586401987553, 0.4848842643839323, 0.5362580867340664, 0.5662681720906206, 0.5847415934863356, 0.5948269500405874, 0.6020342902122845, 0.6067817873219689, 0.6101025754556859, 0.612267237350257, 0.6147024819816496, 0.6171623250436622, 0.6196221681056748, 0.6206061053304799, 0.6214670504021843, 0.6228076648709813, 0.6247509408899712, 0.6261284530046983, 0.6265835239711707, 0.6267680122008216, 0.6268787051386121, 0.6269647996457826, 0.627038594937643, 0.6271000910141933, 0.6271123902295034, 0.6271123902295034, 0.6271123902295034, 0.6271123902295034, 0.6271123902295034, 0.6271123902295034, 0.6271123902295034, 0.6271123902295034, 0.6271123902295034]
outputs_edges[ 2 ]=[0, 0, 0, 0, 0, 0, 0, 0, 0, 0, 0, 322368, 653279, 986130, 1319058, 1651521, 1982734, 1982734, 1982734, 1982734, 1982734, 1982734, 1982734, 1982734, 1982734, 1982734, 1982734, 1982734, 1982734, 1982734, 1982734, 1982734, 1982734, 1982734, 1982734, 1982734, 1982734, 1982734, 1982734, 1982734, 1982734, 1982734, 1982734, 1982734, 1982734, 1982734, 1982734, 1982734, 1982734]
--------------------------------------------
outputs[ 3 ]=[0.0, 0.0, 0.0, 0.0, 0.0, 1.2299215310063217e-05, 3.6897645930189655e-05, 0.0003197795980616437, 0.0020170713108503676, 0.005116473568986299, 0.014648365434285292, 0.050574373354979954, 0.12113497158881263, 0.21040267630925147, 0.3158561483777335, 0.41883747816889283, 0.4903820136275306, 0.535803015767594, 0.5635131478611665, 0.5806951516493247, 0.5920473273805131, 0.5986643052173272, 0.6039406685853442, 0.6104223550537475, 0.6143089070917276, 0.617519002287654, 0.6201018375027674, 0.6215531449093548, 0.6225001844882296, 0.623152042899663, 0.623533318574275, 0.623742405234546, 0.6238407989570265, 0.6238776966029568, 0.623914594248887, 0.623939192679507, 0.623939192679507, 0.6239514918948171, 0.6239514918948171, 0.6239514918948171, 0.6239514918948171, 0.6239514918948171, 0.6239514918948171, 0.6239514918948171, 0.6239514918948171, 0.6239514918948171, 0.6239514918948171, 0.6239514918948171, 0.6239514918948171]
outputs_edges[ 3 ]=[0, 0, 0, 0, 0, 0, 0, 0, 0, 320381, 666565, 1016871, 1367177, 1718320, 2065357, 2410044, 2410044, 2410044, 2410044, 2410044, 2410044, 2410044, 2410044, 2410044, 2410044, 2410044, 2410044, 2410044, 2410044, 2410044, 2410044, 2410044, 2410044, 2410044, 2410044, 2410044, 2410044, 2410044, 2410044, 2410044, 2410044, 2410044, 2410044, 2410044, 2410044, 2410044, 2410044, 2410044, 2410044]
--------------------------------------------
outputs[ 4 ]=[0.0, 0.0, 0.0, 0.0, 0.0, 1.2299215310063217e-05, 2.4598430620126434e-05, 6.149607655031609e-05, 0.00018448822965094828, 0.0003320788133717069, 0.0008117482104641724, 0.0035667724399183333, 0.0096302855877795, 0.02071187858214646, 0.05127542862765356, 0.11944997909133397, 0.24567682581851277, 0.3750030748038275, 0.46563599242368336, 0.5210562566108282, 0.5561705163210587, 0.5778048360514599, 0.5908912011413672, 0.5998204314564731, 0.6061668265564657, 0.6104100558384375, 0.613804639264015, 0.616522765847539, 0.6186751285268, 0.6207290974835805, 0.6223402946891988, 0.623348830344624, 0.6236932083733058, 0.6238776966029568, 0.6239637911101271, 0.6240006887560574, 0.6240375864019876, 0.6240498856172976, 0.6240498856172976, 0.6240498856172976, 0.6240498856172976, 0.6240498856172976, 0.6240498856172976, 0.6240498856172976, 0.6240498856172976, 0.6240498856172976, 0.6240498856172976, 0.6240498856172976, 0.6240498856172976]
outputs_edges[ 4 ]=[0, 0, 0, 0, 0, 0, 0, 0, 0, 0, 0, 0, 333349, 672974, 1013884, 1355263, 1690717, 2025470, 2360377, 2360377, 2360377, 2360377, 2360377, 2360377, 2360377, 2360377, 2360377, 2360377, 2360377, 2360377, 2360377, 2360377, 2360377, 2360377, 2360377, 2360377, 2360377, 2360377, 2360377, 2360377, 2360377, 2360377, 2360377, 2360377, 2360377, 2360377, 2360377, 2360377, 2360377]
--------------------------------------------
outputs[ 5 ]=[0.0, 0.0, 0.0, 0.0, 0.0, 1.2299215310063217e-05, 0.0001352913684106954, 0.0014390081912773966, 0.008769340516075074, 0.03174427471527316, 0.07288514992743463, 0.12805942980837823, 0.22722800285341796, 0.3540083142695496, 0.452918603793078, 0.5155216097212998, 0.5519149878237768, 0.574336457334022, 0.5900917521462131, 0.5999188251789536, 0.6063267163554965, 0.6102870636853369, 0.6137062455415344, 0.6174821046417238, 0.6197451602587755, 0.6210488770816421, 0.6235702162202051, 0.624898531473692, 0.6262268467271788, 0.6267926106314418, 0.6270631933682631, 0.6273214768897745, 0.6275182643347355, 0.6276412564878361, 0.6276904533490764, 0.6277150517796964, 0.6277150517796964, 0.6277150517796964, 0.6277150517796964, 0.6277150517796964, 0.6277150517796964, 0.6277150517796964, 0.6277150517796964, 0.6277150517796964, 0.6277150517796964, 0.6277150517796964, 0.6277150517796964, 0.6277150517796964, 0.6277150517796964]
outputs_edges[ 5 ]=[0, 0, 0, 0, 0, 0, 0, 0, 331141, 672180, 1013601, 1355634, 1697667, 2040136, 2327469, 2327469, 2327469, 2327469, 2327469, 2327469, 2327469, 2327469, 2327469, 2327469, 2327469, 2327469, 2327469, 2327469, 2327469, 2327469, 2327469, 2327469, 2327469, 2327469, 2327469, 2327469, 2327469, 2327469, 2327469, 2327469, 2327469, 2327469, 2327469, 2327469, 2327469, 2327469, 2327469, 2327469, 2327469]
--------------------------------------------
outputs[ 6 ]=[0.0, 0.0, 0.0, 0.0, 0.0, 1.2299215310063217e-05, 1.2299215310063217e-05, 2.4598430620126434e-05, 4.919686124025287e-05, 0.00012299215310063218, 0.0007871497798440459, 0.004341623004452316, 0.018596413548815586, 0.06543182544953632, 0.16617469805426413, 0.2920817651833813, 0.39549356751039283, 0.47561065604014463, 0.5284480850121762, 0.5630211792487639, 0.5827245221754852, 0.594556367303766, 0.6028214399921284, 0.6076181339630532, 0.6106683393599488, 0.6130420879147911, 0.6153174427471527, 0.6174575062111037, 0.6194376798760239, 0.6207782943448208, 0.6220082158758271, 0.6227461687944309, 0.6230044523159423, 0.6231889405455932, 0.623348830344624, 0.6234718224977246, 0.6236194130814454, 0.6237055075886159, 0.623742405234546, 0.6237793028804762, 0.6237916020957863, 0.6237916020957863, 0.6238039013110963, 0.6238039013110963, 0.6238039013110963, 0.6238039013110963, 0.6238039013110963, 0.6238039013110963, 0.6238039013110963]
outputs_edges[ 6 ]=[0, 0, 0, 0, 0, 0, 0, 0, 0, 0, 0, 321425, 668360, 1017728, 1367096, 1716171, 2064085, 2064085, 2064085, 2064085, 2064085, 2064085, 2064085, 2064085, 2064085, 2064085, 2064085, 2064085, 2064085, 2064085, 2064085, 2064085, 2064085, 2064085, 2064085, 2064085, 2064085, 2064085, 2064085, 2064085, 2064085, 2064085, 2064085, 2064085, 2064085, 2064085, 2064085, 2064085, 2064085]
--------------------------------------------
outputs[ 7 ]=[0.0, 0.0, 0.0, 0.0, 0.0, 1.2299215310063217e-05, 2.4598430620126434e-05, 2.4598430620126434e-05, 2.4598430620126434e-05, 2.4598430620126434e-05, 2.4598430620126434e-05, 2.4598430620126434e-05, 2.4598430620126434e-05, 2.4598430620126434e-05, 2.4598430620126434e-05, 2.4598430620126434e-05, 2.4598430620126434e-05, 2.4598430620126434e-05, 2.4598430620126434e-05, 2.4598430620126434e-05, 2.4598430620126434e-05, 2.4598430620126434e-05, 2.4598430620126434e-05, 2.4598430620126434e-05, 2.4598430620126434e-05, 2.4598430620126434e-05, 2.4598430620126434e-05, 2.4598430620126434e-05, 2.4598430620126434e-05, 2.4598430620126434e-05, 2.4598430620126434e-05, 2.4598430620126434e-05, 2.4598430620126434e-05, 2.4598430620126434e-05, 2.4598430620126434e-05, 2.4598430620126434e-05, 2.4598430620126434e-05, 2.4598430620126434e-05, 2.4598430620126434e-05, 2.4598430620126434e-05, 2.4598430620126434e-05, 2.4598430620126434e-05, 2.4598430620126434e-05, 2.4598430620126434e-05, 2.4598430620126434e-05, 2.4598430620126434e-05, 2.4598430620126434e-05, 2.4598430620126434e-05, 2.4598430620126434e-05]
outputs_edges[ 7 ]=[0, 0, 0, 0, 0, 0, 0, 0, 0, 0, 0, 0, 0, 0, 0, 0, 0, 0, 0, 0, 0, 0, 0, 0, 0, 0, 0, 0, 0, 0, 0, 0, 0, 0, 0, 0, 0, 0, 0, 0, 0, 0, 0, 0, 0, 0, 0, 0, 0]
--------------------------------------------
outputs[ 8 ]=[0.0, 0.0, 0.0, 0.0, 0.0, 1.2299215310063217e-05, 1.2299215310063217e-05, 1.2299215310063217e-05, 1.2299215310063217e-05, 1.2299215310063217e-05, 1.2299215310063217e-05, 1.2299215310063217e-05, 1.2299215310063217e-05, 1.2299215310063217e-05, 1.2299215310063217e-05, 1.2299215310063217e-05, 1.2299215310063217e-05, 1.2299215310063217e-05, 1.2299215310063217e-05, 1.2299215310063217e-05, 1.2299215310063217e-05, 1.2299215310063217e-05, 1.2299215310063217e-05, 1.2299215310063217e-05, 1.2299215310063217e-05, 1.2299215310063217e-05, 1.2299215310063217e-05, 1.2299215310063217e-05, 1.2299215310063217e-05, 1.2299215310063217e-05, 1.2299215310063217e-05, 1.2299215310063217e-05, 1.2299215310063217e-05, 1.2299215310063217e-05, 1.2299215310063217e-05, 1.2299215310063217e-05, 1.2299215310063217e-05, 1.2299215310063217e-05, 1.2299215310063217e-05, 1.2299215310063217e-05, 1.2299215310063217e-05, 1.2299215310063217e-05, 1.2299215310063217e-05, 1.2299215310063217e-05, 1.2299215310063217e-05, 1.2299215310063217e-05, 1.2299215310063217e-05, 1.2299215310063217e-05, 1.2299215310063217e-05]
outputs_edges[ 8 ]=[0, 0, 0, 0, 0, 0, 0, 0, 0, 0, 0, 0, 0, 0, 0, 0, 0, 0, 0, 0, 0, 0, 0, 0, 0, 0, 0, 0, 0, 0, 0, 0, 0, 0, 0, 0, 0, 0, 0, 0, 0, 0, 0, 0, 0, 0, 0, 0, 0]
--------------------------------------------
outputs[ 9 ]=[0.0, 0.0, 0.0, 0.0, 0.0, 1.2299215310063217e-05, 4.919686124025287e-05, 0.00017218901434088506, 0.0017587877893390402, 0.005251764937396994, 0.009999262047081396, 0.02296263498388803, 0.06783017243499864, 0.1795562443116129, 0.3329643568740314, 0.44739625611885964, 0.5146237670036652, 0.5545347206848203, 0.5798834034388606, 0.5963397535237251, 0.6068555826138292, 0.613423363589403, 0.6173837109192434, 0.6206307037611001, 0.6226477750719505, 0.624320468354119, 0.6255872875310555, 0.6266942169089612, 0.6278872407940373, 0.6289449733107028, 0.6296706270139965, 0.630162595626399, 0.6304454775785305, 0.6306176665928713, 0.6307775563919022, 0.6308267532531424, 0.6308267532531424, 0.6308390524684525, 0.6308513516837626, 0.6308513516837626, 0.6308513516837626, 0.6308513516837626, 0.6308513516837626, 0.6308513516837626, 0.6308513516837626, 0.6308513516837626, 0.6308513516837626, 0.6308513516837626, 0.6308513516837626]
outputs_edges[ 9 ]=[0, 0, 0, 0, 0, 0, 0, 0, 0, 0, 367492, 736287, 1107668, 1475811, 1843954, 2211610, 2211610, 2211610, 2211610, 2211610, 2211610, 2211610, 2211610, 2211610, 2211610, 2211610, 2211610, 2211610, 2211610, 2211610, 2211610, 2211610, 2211610, 2211610, 2211610, 2211610, 2211610, 2211610, 2211610, 2211610, 2211610, 2211610, 2211610, 2211610, 2211610, 2211610, 2211610, 2211610, 2211610]
--------------------------------------------
avg_output=[0.0, 0.0, 0.0, 0.0, 0.0, 1.2299215310063217e-05, 4.796693970924655e-05, 0.0002976410105035299, 0.001586598774998155, 0.005014390081912773, 0.01287112882198116, 0.03186111726071876, 0.07285563181069048, 0.1383440336506531, 0.21981403586451184, 0.3002029370526161, 0.36432120630703757, 0.4119511475167884, 0.4434654269057634, 0.4631958281061669, 0.47571642929181124, 0.4832386293754459, 0.48829114702481985, 0.49208422502644333, 0.49451454997171185, 0.4962167613706246, 0.49789314441738625, 0.4991562738297298, 0.5002238457186432, 0.5009359702850958, 0.5014783656802696, 0.5019088382161219, 0.5022335375003075, 0.5024500036897647, 0.5025496273337762, 0.5026012840380784, 0.5026369517624776, 0.5026640100361598, 0.5026787690945318, 0.5026922982313728, 0.5026959879959658, 0.502698447839028, 0.5027021376036209, 0.5027045974466829, 0.5027058273682139, 0.5027058273682139, 0.502707057289745, 0.502709517132807, 0.502709517132807]
avg_output_edges=[0.0, 0.0, 0.0, 0.0, 0.0, 0.0, 0.0, 0.0, 33114.1, 133009.9, 306518.2, 545594.1, 821844.7, 1099125.8, 1370510.6, 1578297.3, 1679755.4, 1713230.7, 1746721.4, 1746721.4, 1746721.4, 1746721.4, 1746721.4, 1746721.4, 1746721.4, 1746721.4, 1746721.4, 1746721.4, 1746721.4, 1746721.4, 1746721.4, 1746721.4, 1746721.4, 1746721.4, 1746721.4, 1746721.4, 1746721.4, 1746721.4, 1746721.4, 1746721.4, 1746721.4, 1746721.4, 1746721.4, 1746721.4, 1746721.4, 1746721.4, 1746721.4, 1746721.4, 1746721.4]
