outputs[ 0 ]=[0.0, 0.0, 0.0, 0.0, 0.0, 1.2299215310063217e-05, 7.379529186037931e-05, 0.0003443780286817701, 0.0011069293779056896, 0.0018940791577497355, 0.003665166162398839, 0.009113718544756845, 0.026726194868767372, 0.07960052148672915, 0.18906353774629178, 0.32654416648217843, 0.42873834649349374, 0.49364130568469733, 0.5349543699111997, 0.5615452734115564, 0.5799817971613411, 0.5918997367967924, 0.5985044154182964, 0.6029444321452291, 0.6053550783460016, 0.6065604014463877, 0.607593535532433, 0.608552874326618, 0.6101640715322363, 0.612254938134947, 0.6134725604506432, 0.614185914938627, 0.6147762772735099, 0.6154158364696333, 0.616325978402578, 0.6168179470149805, 0.6169655375987012, 0.6170762305364917, 0.6171377266130421, 0.6171500258283521, 0.6171746242589723, 0.6172238211202126, 0.6174206085651736, 0.6179494748235063, 0.6188965144023811, 0.6192777900769931, 0.619462278306644, 0.6195360735985044, 0.6195483728138145, 0.6195483728138145, 0.6195606720291246, 0.6195729712444346, 0.6195729712444346, 0.6195729712444346, 0.6195729712444346]
outputs_edges[ 0 ]=[0, 0, 0, 0, 0, 0, 0, 0, 0, 0, 332338, 681820, 1033993, 1387242, 1740542, 2093791, 2447040, 2793007, 3100944, 3100944, 3100944, 3100944, 3100944, 3100944, 3100944, 3100944, 3100944, 3100944, 3100944, 3100944, 3100944, 3100944, 3100944, 3100944, 3100944, 3100944, 3100944, 3100944, 3100944, 3100944, 3100944, 3100944, 3100944, 3100944, 3100944, 3100944, 3100944, 3100944, 3100944, 3100944, 3100944, 3100944, 3100944, 3100944, 3100944]
--------------------------------------------
outputs[ 1 ]=[0.0, 0.0, 0.0, 0.0, 0.0, 1.2299215310063217e-05, 3.6897645930189655e-05, 7.379529186037931e-05, 0.0002090866602710747, 0.0013652128994170172, 0.007736206430029764, 0.0310309202272895, 0.08855435023245517, 0.18255725284726834, 0.2860059528202101, 0.39086906255380904, 0.4688583868349199, 0.5191498782377685, 0.5537967677662166, 0.5770914815634762, 0.5907067129117163, 0.5989840848153888, 0.6044941332742971, 0.607790322977394, 0.609733598996384, 0.6111234103264211, 0.6123164342114973, 0.6135709541731238, 0.6152559466706025, 0.6169409391680811, 0.6180232701153666, 0.6184660418665289, 0.6187366246033503, 0.6188350183258308, 0.6188965144023811, 0.6190195065554818, 0.6190933018473421, 0.6191179002779623, 0.6191547979238925, 0.6191670971392025, 0.6191670971392025, 0.6191670971392025, 0.6191670971392025, 0.6191670971392025, 0.6191670971392025, 0.6191670971392025, 0.6191670971392025, 0.6191670971392025, 0.6191670971392025, 0.6191670971392025, 0.6191670971392025, 0.6191670971392025, 0.6191670971392025, 0.6191670971392025, 0.6191670971392025]
outputs_edges[ 1 ]=[0, 0, 0, 0, 0, 0, 0, 0, 0, 296025, 637469, 985542, 1335411, 1685585, 2035647, 2385709, 2670964, 2917276, 2917276, 2917276, 2917276, 2917276, 2917276, 2917276, 2917276, 2917276, 2917276, 2917276, 2917276, 2917276, 2917276, 2917276, 2917276, 2917276, 2917276, 2917276, 2917276, 2917276, 2917276, 2917276, 2917276, 2917276, 2917276, 2917276, 2917276, 2917276, 2917276, 2917276, 2917276, 2917276, 2917276, 2917276, 2917276, 2917276, 2917276]
--------------------------------------------
outputs[ 2 ]=[0.0, 0.0, 0.0, 0.0, 0.0, 1.2299215310063217e-05, 3.6897645930189655e-05, 0.0006149607655031609, 0.002496740707942833, 0.0028042210906944138, 0.004919686124025287, 0.016985216343197305, 0.050020908666027104, 0.1293385482006248, 0.24415172312006495, 0.35211423511179984, 0.42969768528767865, 0.48546232750350526, 0.52531178510811, 0.5502545937569183, 0.5655056207413967, 0.5746070400708435, 0.5808550414483556, 0.5854426487590092, 0.5890586180601678, 0.5911986815241188, 0.5931419575431087, 0.5954911076673308, 0.5971883993801196, 0.5986028091407768, 0.6007059749587976, 0.6020588886429046, 0.6030305266523995, 0.6038176764322436, 0.6042973458293361, 0.6049369050254594, 0.6055518657909625, 0.6064620077239072, 0.6073229527956117, 0.6076796300396035, 0.6078518190539444, 0.6079502127764249, 0.6079502127764249, 0.607974811207045, 0.6079994096376651, 0.6080117088529752, 0.6080117088529752, 0.6080240080682853, 0.6080240080682853, 0.6080363072835953, 0.6080363072835953, 0.6080363072835953, 0.6080363072835953, 0.6080363072835953, 0.6080363072835953]
outputs_edges[ 2 ]=[0, 0, 0, 0, 0, 0, 0, 0, 0, 278113, 599781, 940063, 1284967, 1630247, 1975527, 2318312, 2649282, 2960517, 2960517, 2960517, 2960517, 2960517, 2960517, 2960517, 2960517, 2960517, 2960517, 2960517, 2960517, 2960517, 2960517, 2960517, 2960517, 2960517, 2960517, 2960517, 2960517, 2960517, 2960517, 2960517, 2960517, 2960517, 2960517, 2960517, 2960517, 2960517, 2960517, 2960517, 2960517, 2960517, 2960517, 2960517, 2960517, 2960517, 2960517]
--------------------------------------------
outputs[ 3 ]=[0.0, 0.0, 0.0, 0.0, 0.0, 1.2299215310063217e-05, 1.2299215310063217e-05, 1.2299215310063217e-05, 1.2299215310063217e-05, 1.2299215310063217e-05, 1.2299215310063217e-05, 1.2299215310063217e-05, 1.2299215310063217e-05, 1.2299215310063217e-05, 1.2299215310063217e-05, 1.2299215310063217e-05, 1.2299215310063217e-05, 1.2299215310063217e-05, 1.2299215310063217e-05, 1.2299215310063217e-05, 1.2299215310063217e-05, 1.2299215310063217e-05, 1.2299215310063217e-05, 1.2299215310063217e-05, 1.2299215310063217e-05, 1.2299215310063217e-05, 1.2299215310063217e-05, 1.2299215310063217e-05, 1.2299215310063217e-05, 1.2299215310063217e-05, 1.2299215310063217e-05, 1.2299215310063217e-05, 1.2299215310063217e-05, 1.2299215310063217e-05, 1.2299215310063217e-05, 1.2299215310063217e-05, 1.2299215310063217e-05, 1.2299215310063217e-05, 1.2299215310063217e-05, 1.2299215310063217e-05, 1.2299215310063217e-05, 1.2299215310063217e-05, 1.2299215310063217e-05, 1.2299215310063217e-05, 1.2299215310063217e-05, 1.2299215310063217e-05, 1.2299215310063217e-05, 1.2299215310063217e-05, 1.2299215310063217e-05, 1.2299215310063217e-05, 1.2299215310063217e-05, 1.2299215310063217e-05, 1.2299215310063217e-05, 1.2299215310063217e-05, 1.2299215310063217e-05]
outputs_edges[ 3 ]=[0, 0, 0, 0, 0, 0, 0, 0, 0, 0, 0, 0, 0, 0, 0, 0, 0, 0, 0, 0, 0, 0, 0, 0, 0, 0, 0, 0, 0, 0, 0, 0, 0, 0, 0, 0, 0, 0, 0, 0, 0, 0, 0, 0, 0, 0, 0, 0, 0, 0, 0, 0, 0, 0, 0]
--------------------------------------------
outputs[ 4 ]=[0.0, 0.0, 0.0, 0.0, 0.0, 1.2299215310063217e-05, 0.00011069293779056896, 0.001193023885076132, 0.006014316286620913, 0.013885814085061373, 0.03609819693503555, 0.10300592822177945, 0.22850712124566452, 0.3665043170245738, 0.45845325068260645, 0.5143900819127739, 0.5496642314220352, 0.5742134651809214, 0.5890094211989275, 0.5967702260595774, 0.601751408260153, 0.6053304799153814, 0.6078887166998745, 0.6095614099820431, 0.6113447962020023, 0.6132511745750621, 0.6143458047376578, 0.615563427053354, 0.6166949548618799, 0.6178633803163358, 0.6192162940004428, 0.6202617273017982, 0.6207536959142007, 0.6210488770816421, 0.621196467665363, 0.6212948613878434, 0.6213440582490837, 0.6214178535409441, 0.6214916488328045, 0.6215285464787347, 0.6215285464787347, 0.6215285464787347, 0.6215285464787347, 0.6215285464787347, 0.6215285464787347, 0.6215285464787347, 0.6215285464787347, 0.6215285464787347, 0.6215285464787347, 0.6215285464787347, 0.6215285464787347, 0.6215285464787347, 0.6215285464787347, 0.6215285464787347, 0.6215285464787347]
outputs_edges[ 4 ]=[0, 0, 0, 0, 0, 0, 0, 268812, 610567, 956645, 1304835, 1650468, 1996101, 2341734, 2686944, 3029081, 3029081, 3029081, 3029081, 3029081, 3029081, 3029081, 3029081, 3029081, 3029081, 3029081, 3029081, 3029081, 3029081, 3029081, 3029081, 3029081, 3029081, 3029081, 3029081, 3029081, 3029081, 3029081, 3029081, 3029081, 3029081, 3029081, 3029081, 3029081, 3029081, 3029081, 3029081, 3029081, 3029081, 3029081, 3029081, 3029081, 3029081, 3029081, 3029081]
--------------------------------------------
outputs[ 5 ]=[0.0, 0.0, 0.0, 0.0, 0.0, 1.2299215310063217e-05, 3.6897645930189655e-05, 8.609450717044253e-05, 0.00023368509089120114, 0.00044277175116227583, 0.0006641576267434137, 0.0012545199616264483, 0.001967874449610115, 0.0021646618945711264, 0.002545937569183086, 0.0032346936265466265, 0.004686001033134086, 0.009015324822276339, 0.025483974122450986, 0.07113866135340566, 0.1686960371928271, 0.3026467911347256, 0.4104740117580498, 0.4790052394657221, 0.5200600201707131, 0.5438344033650653, 0.5600693675743488, 0.5707942833247239, 0.5779770250658008, 0.582687624529555, 0.5856271369886601, 0.5882591690650136, 0.5912232799547389, 0.5935109340024106, 0.5949868398396182, 0.5956140998204315, 0.5959215802031831, 0.5960445723562837, 0.596106068432834, 0.5961306668634541, 0.5961429660787642, 0.5961552652940743, 0.5961552652940743, 0.5961552652940743, 0.5961552652940743, 0.5961552652940743, 0.5961552652940743, 0.5961552652940743, 0.5961552652940743, 0.5961552652940743, 0.5961552652940743, 0.5961552652940743, 0.5961552652940743, 0.5961552652940743, 0.5961552652940743]
outputs_edges[ 5 ]=[0, 0, 0, 0, 0, 0, 0, 0, 0, 0, 0, 0, 0, 0, 0, 0, 328334, 668250, 1018734, 1369218, 1720323, 2071428, 2420946, 2766486, 2766486, 2766486, 2766486, 2766486, 2766486, 2766486, 2766486, 2766486, 2766486, 2766486, 2766486, 2766486, 2766486, 2766486, 2766486, 2766486, 2766486, 2766486, 2766486, 2766486, 2766486, 2766486, 2766486, 2766486, 2766486, 2766486, 2766486, 2766486, 2766486, 2766486, 2766486]
--------------------------------------------
outputs[ 6 ]=[0.0, 0.0, 0.0, 0.0, 0.0, 1.2299215310063217e-05, 1.2299215310063217e-05, 2.4598430620126434e-05, 0.0001352913684106954, 0.0004919686124025287, 0.0016849924974786609, 0.009913167539910953, 0.04105478070499102, 0.09680712370550759, 0.17816643298157578, 0.2888962684180749, 0.3996875999311244, 0.4747866086143704, 0.5249920055100484, 0.5546454136226109, 0.573537008338868, 0.5852704597446683, 0.5937569183086119, 0.5994637542124812, 0.602919833714609, 0.6056010626522028, 0.6074213465180921, 0.6090325437237104, 0.6097458982116941, 0.6102747644700268, 0.6107790322977394, 0.6111480087570413, 0.611283300125452, 0.6114800875704131, 0.6120089538287458, 0.6126608122401791, 0.6133126706516124, 0.6147024819816496, 0.615366639608393, 0.6155265294074238, 0.6155880254839742, 0.6156372223452143, 0.6156741199911445, 0.6157110176370748, 0.6157110176370748, 0.6157110176370748, 0.6157110176370748, 0.6157110176370748, 0.6157110176370748, 0.6157110176370748, 0.6157110176370748, 0.6157110176370748, 0.6157110176370748, 0.6157110176370748, 0.6157110176370748]
outputs_edges[ 6 ]=[0, 0, 0, 0, 0, 0, 0, 0, 0, 0, 282470, 616779, 953321, 1293773, 1634447, 1975121, 2315795, 2575187, 2799295, 2799295, 2799295, 2799295, 2799295, 2799295, 2799295, 2799295, 2799295, 2799295, 2799295, 2799295, 2799295, 2799295, 2799295, 2799295, 2799295, 2799295, 2799295, 2799295, 2799295, 2799295, 2799295, 2799295, 2799295, 2799295, 2799295, 2799295, 2799295, 2799295, 2799295, 2799295, 2799295, 2799295, 2799295, 2799295, 2799295]
--------------------------------------------
outputs[ 7 ]=[0.0, 0.0, 0.0, 0.0, 0.0, 1.2299215310063217e-05, 1.2299215310063217e-05, 1.2299215310063217e-05, 1.2299215310063217e-05, 1.2299215310063217e-05, 1.2299215310063217e-05, 1.2299215310063217e-05, 1.2299215310063217e-05, 1.2299215310063217e-05, 1.2299215310063217e-05, 1.2299215310063217e-05, 1.2299215310063217e-05, 1.2299215310063217e-05, 1.2299215310063217e-05, 1.2299215310063217e-05, 1.2299215310063217e-05, 1.2299215310063217e-05, 1.2299215310063217e-05, 1.2299215310063217e-05, 1.2299215310063217e-05, 1.2299215310063217e-05, 1.2299215310063217e-05, 1.2299215310063217e-05, 1.2299215310063217e-05, 1.2299215310063217e-05, 1.2299215310063217e-05, 1.2299215310063217e-05, 1.2299215310063217e-05, 1.2299215310063217e-05, 1.2299215310063217e-05, 1.2299215310063217e-05, 1.2299215310063217e-05, 1.2299215310063217e-05, 1.2299215310063217e-05, 1.2299215310063217e-05, 1.2299215310063217e-05, 1.2299215310063217e-05, 1.2299215310063217e-05, 1.2299215310063217e-05, 1.2299215310063217e-05, 1.2299215310063217e-05, 1.2299215310063217e-05, 1.2299215310063217e-05, 1.2299215310063217e-05, 1.2299215310063217e-05, 1.2299215310063217e-05, 1.2299215310063217e-05, 1.2299215310063217e-05, 1.2299215310063217e-05, 1.2299215310063217e-05]
outputs_edges[ 7 ]=[0, 0, 0, 0, 0, 0, 0, 0, 0, 0, 0, 0, 0, 0, 0, 0, 0, 0, 0, 0, 0, 0, 0, 0, 0, 0, 0, 0, 0, 0, 0, 0, 0, 0, 0, 0, 0, 0, 0, 0, 0, 0, 0, 0, 0, 0, 0, 0, 0, 0, 0, 0, 0, 0, 0]
--------------------------------------------
outputs[ 8 ]=[0.0, 0.0, 0.0, 0.0, 0.0, 1.2299215310063217e-05, 3.6897645930189655e-05, 0.0001352913684106954, 0.0006887560573635402, 0.0029764101050352987, 0.010466632228863798, 0.023405406735050305, 0.04970112906796546, 0.1155265294074238, 0.2300568223747325, 0.3495436991119967, 0.4289720315843849, 0.4821907362310285, 0.5176616731852508, 0.5396157725137136, 0.5531941062160234, 0.5609426118613633, 0.5659852901384892, 0.5701793225592208, 0.5735616067694881, 0.5765380168745234, 0.5787518756303348, 0.580732049295255, 0.5825892308070745, 0.5848768848547463, 0.5876442082995105, 0.5905837207586156, 0.5924040046245049, 0.5933141465574496, 0.5939291073229528, 0.5943103829975648, 0.5945317688731458, 0.5946916586721768, 0.5947777531793471, 0.5950237374855484, 0.5953312178683, 0.5954542100214006, 0.5955772021745013, 0.5956140998204315, 0.5956509974663616, 0.5956878951122918, 0.595724792758222, 0.5957616904041522, 0.5957862888347724, 0.5957985880500825, 0.5958108872653924, 0.5958108872653924, 0.5958108872653924, 0.5958108872653924, 0.5958108872653924]
outputs_edges[ 8 ]=[0, 0, 0, 0, 0, 0, 0, 0, 0, 245875, 570589, 907630, 1248060, 1588813, 1929566, 2255413, 2580164, 2878818, 2878818, 2878818, 2878818, 2878818, 2878818, 2878818, 2878818, 2878818, 2878818, 2878818, 2878818, 2878818, 2878818, 2878818, 2878818, 2878818, 2878818, 2878818, 2878818, 2878818, 2878818, 2878818, 2878818, 2878818, 2878818, 2878818, 2878818, 2878818, 2878818, 2878818, 2878818, 2878818, 2878818, 2878818, 2878818, 2878818, 2878818]
--------------------------------------------
outputs[ 9 ]=[0.0, 0.0, 0.0, 0.0, 0.0, 1.2299215310063217e-05, 1.2299215310063217e-05, 3.6897645930189655e-05, 0.00024598430620126436, 0.0010577325166654368, 0.0024229454160824538, 0.005829828056969966, 0.013516837625759476, 0.030280668093375644, 0.05906083191892357, 0.11140629227855263, 0.20512631294123435, 0.32296509482695, 0.42140801416869605, 0.4877745799817972, 0.5300838806484146, 0.5604506432489608, 0.577435859592158, 0.5888741298305168, 0.5962290605859346, 0.6008904631884486, 0.6036577866332128, 0.6060438344033651, 0.6090325437237104, 0.6102378668240966, 0.611492386785723, 0.6126731114554892, 0.6134479620200232, 0.614395001598898, 0.6156126239145943, 0.6172976164120729, 0.6186259316655598, 0.6192039947851327, 0.6195975696750547, 0.6197697586893957, 0.6198189555506358, 0.619843553981256, 0.6198804516271862, 0.6199050500578063, 0.6199173492731164, 0.6199296484884265, 0.6199296484884265, 0.6199296484884265, 0.6199296484884265, 0.6199296484884265, 0.6199296484884265, 0.6199296484884265, 0.6199296484884265, 0.6199296484884265, 0.6199296484884265]
outputs_edges[ 9 ]=[0, 0, 0, 0, 0, 0, 0, 0, 0, 0, 0, 159683, 462973, 785727, 1118191, 1451325, 1785220, 2110257, 2423068, 2735382, 3021444, 3021444, 3021444, 3021444, 3021444, 3021444, 3021444, 3021444, 3021444, 3021444, 3021444, 3021444, 3021444, 3021444, 3021444, 3021444, 3021444, 3021444, 3021444, 3021444, 3021444, 3021444, 3021444, 3021444, 3021444, 3021444, 3021444, 3021444, 3021444, 3021444, 3021444, 3021444, 3021444, 3021444, 3021444]
--------------------------------------------
avg_output=[0.0, 0.0, 0.0, 0.0, 0.0, 1.2299215310063217e-05, 3.812756746119596e-05, 0.0002533638353873023, 0.001115538828622734, 0.002494280864880821, 0.006768258185127789, 0.020056330406120093, 0.05000737952918603, 0.10028042210906944, 0.1647529087644208, 0.23370230979263518, 0.2915455193958625, 0.33614493395321376, 0.3692642609401521, 0.39388606006936766, 0.4163481169901361, 0.4380156446018744, 0.45394189850687533, 0.4643285858362236, 0.47082872112759205, 0.4749022212382849, 0.47773227068113056, 0.4799805672398101, 0.4818672668683738, 0.48337638058691856, 0.4846985462327503, 0.4857661181216639, 0.48656802695987994, 0.48718421764691416, 0.48772784296361893, 0.48819767298846334, 0.48853713133102106, 0.48887412983051687, 0.4890979755491599, 0.4892000590362334, 0.4892627850343148, 0.489298452758714, 0.4893378102477063, 0.48940299608884946, 0.48950507957592304, 0.4895493567510393, 0.48957149533859745, 0.4895837945539075, 0.4895874843185005, 0.4895899441615625, 0.48959240400462445, 0.48959363392615546, 0.48959363392615546, 0.48959363392615546, 0.48959363392615546]
avg_output_edges=[0.0, 0.0, 0.0, 0.0, 0.0, 0.0, 0.0, 26881.2, 61056.7, 177665.8, 372748.2, 594198.5, 831482.6, 1071312.1, 1312086.4, 1550875.2, 1780588.0, 1993239.3, 2112773.3, 2179053.1, 2242769.8, 2277880.3, 2312832.1, 2347386.1, 2347386.1, 2347386.1, 2347386.1, 2347386.1, 2347386.1, 2347386.1, 2347386.1, 2347386.1, 2347386.1, 2347386.1, 2347386.1, 2347386.1, 2347386.1, 2347386.1, 2347386.1, 2347386.1, 2347386.1, 2347386.1, 2347386.1, 2347386.1, 2347386.1, 2347386.1, 2347386.1, 2347386.1, 2347386.1, 2347386.1, 2347386.1, 2347386.1, 2347386.1, 2347386.1, 2347386.1]
