outputs[ 0 ]=[0.0, 0.0, 0.0, 0.0, 0.0, 0.0002475860361475613, 0.0002475860361475613, 0.0002475860361475613, 0.0002475860361475613, 0.0002475860361475613, 0.0002475860361475613, 0.0002475860361475613, 0.0002475860361475613, 0.0002475860361475613, 0.0002475860361475613, 0.0002475860361475613, 0.0002475860361475613, 0.0002475860361475613, 0.0002475860361475613, 0.0002475860361475613, 0.0002475860361475613, 0.0002475860361475613, 0.0002475860361475613, 0.0002475860361475613, 0.0002475860361475613, 0.0002475860361475613, 0.0002475860361475613, 0.0002475860361475613, 0.0002475860361475613, 0.0002475860361475613, 0.0002475860361475613, 0.0002475860361475613, 0.0002475860361475613, 0.0002475860361475613, 0.0002475860361475613, 0.0002475860361475613, 0.0002475860361475613, 0.0002475860361475613, 0.0002475860361475613, 0.0002475860361475613, 0.0002475860361475613, 0.0002475860361475613, 0.0002475860361475613, 0.0002475860361475613, 0.0002475860361475613, 0.0002475860361475613, 0.0002475860361475613, 0.0002475860361475613, 0.0002475860361475613, 0.0002475860361475613, 0.0002475860361475613, 0.0002475860361475613, 0.0002475860361475613, 0.0002475860361475613, 0.0002475860361475613]
--------------------------------------------
outputs[ 1 ]=[0.0, 0.0, 0.0, 0.0, 0.0, 0.0002475860361475613, 0.0024758603614756128, 0.006684822975984155, 0.007427581084426839, 0.0076751671205743995, 0.008417925229017083, 0.011141371626640258, 0.020549641000247587, 0.04060410992820005, 0.07130477841049765, 0.09829165635058183, 0.12280267392919039, 0.1700916068333746, 0.19534538252042585, 0.20425847982173806, 0.2104481307254271, 0.216142609556821, 0.2225798464966576, 0.24709086407526615, 0.2750680861599406, 0.3179004704134687, 0.3778162911611785, 0.42931418667987126, 0.46199554345134936, 0.4827927704877445, 0.49740034662045063, 0.5065610299579104, 0.5149789551869275, 0.5209210200544689, 0.5248823966328299, 0.5266154988858628, 0.5295865313196336, 0.5345382520425848, 0.5387472146570933, 0.5427085912354543, 0.5454320376330775, 0.547412725922258, 0.5486506561029958, 0.5486506561029958, 0.5488982421391434, 0.5488982421391434, 0.5488982421391434, 0.5488982421391434, 0.5488982421391434, 0.5488982421391434, 0.5488982421391434, 0.5488982421391434, 0.5488982421391434, 0.5488982421391434, 0.5488982421391434]
--------------------------------------------
outputs[ 2 ]=[0.0, 0.0, 0.0, 0.0, 0.0, 0.0002475860361475613, 0.0017331022530329288, 0.0049517207229512255, 0.007922753156721961, 0.010151027482050013, 0.011884129735082941, 0.015845506313443922, 0.025996533795493933, 0.037880663530576876, 0.05025996533795494, 0.058925476603119586, 0.06362961128992325, 0.06833374597672691, 0.0933399356276306, 0.1552364446645209, 0.19485021044813072, 0.22555087893042833, 0.26491705867789056, 0.3025501361723199, 0.3401832136667492, 0.3882149046793761, 0.4055459272097054, 0.41396385243872247, 0.42163901955929683, 0.42807625649913345, 0.43971280019806885, 0.45803416687298837, 0.4731369150779896, 0.48353552859618715, 0.48774449121069574, 0.49121069571676157, 0.5003713790542214, 0.5174548155484031, 0.5278534290666006, 0.5335479078979946, 0.5375092844763555, 0.5387472146570933, 0.539489972765536, 0.5402327308739787, 0.5404803169101263, 0.5404803169101263, 0.5407279029462738, 0.5407279029462738, 0.5407279029462738, 0.5407279029462738, 0.5407279029462738, 0.5407279029462738, 0.5407279029462738, 0.5407279029462738, 0.5407279029462738]
--------------------------------------------
outputs[ 3 ]=[0.0, 0.0, 0.0, 0.0, 0.0, 0.0002475860361475613, 0.0002475860361475613, 0.0002475860361475613, 0.0004951720722951226, 0.0004951720722951226, 0.0007427581084426838, 0.0009903441445902451, 0.0012379301807378064, 0.0012379301807378064, 0.0017331022530329288, 0.0017331022530329288, 0.0019806882891804903, 0.0024758603614756128, 0.0034662045060658577, 0.0059420648675414705, 0.010646199554345134, 0.015350334241148799, 0.017826194602624412, 0.020054468927952464, 0.021787571180985392, 0.024263431542461005, 0.03144342659074028, 0.04233721218123298, 0.05422134191631592, 0.060658578856152515, 0.06561029957910373, 0.06734340183213666, 0.06759098786828423, 0.06783857390443179, 0.06783857390443179, 0.06783857390443179, 0.06783857390443179, 0.06783857390443179, 0.06783857390443179, 0.06783857390443179, 0.06783857390443179, 0.06783857390443179, 0.06783857390443179, 0.06783857390443179, 0.06783857390443179, 0.06783857390443179, 0.06783857390443179, 0.06783857390443179, 0.06783857390443179, 0.06783857390443179, 0.06783857390443179, 0.06783857390443179, 0.06783857390443179, 0.06783857390443179, 0.06783857390443179]
--------------------------------------------
outputs[ 4 ]=[0.0, 0.0, 0.0, 0.0, 0.0, 0.0002475860361475613, 0.0002475860361475613, 0.0002475860361475613, 0.0002475860361475613, 0.0002475860361475613, 0.0002475860361475613, 0.0002475860361475613, 0.0002475860361475613, 0.0002475860361475613, 0.0002475860361475613, 0.0002475860361475613, 0.0002475860361475613, 0.0002475860361475613, 0.0002475860361475613, 0.0002475860361475613, 0.0002475860361475613, 0.0002475860361475613, 0.0002475860361475613, 0.0002475860361475613, 0.0002475860361475613, 0.0002475860361475613, 0.0002475860361475613, 0.0002475860361475613, 0.0002475860361475613, 0.0002475860361475613, 0.0002475860361475613, 0.0002475860361475613, 0.0002475860361475613, 0.0002475860361475613, 0.0002475860361475613, 0.0002475860361475613, 0.0002475860361475613, 0.0002475860361475613, 0.0002475860361475613, 0.0002475860361475613, 0.0002475860361475613, 0.0002475860361475613, 0.0002475860361475613, 0.0002475860361475613, 0.0002475860361475613, 0.0002475860361475613, 0.0002475860361475613, 0.0002475860361475613, 0.0002475860361475613, 0.0002475860361475613, 0.0002475860361475613, 0.0002475860361475613, 0.0002475860361475613, 0.0002475860361475613, 0.0002475860361475613]
--------------------------------------------
outputs[ 5 ]=[0.0, 0.0, 0.0, 0.0, 0.0, 0.0002475860361475613, 0.0012379301807378064, 0.0034662045060658577, 0.004704134686803664, 0.006932409012131715, 0.010646199554345134, 0.016340678385739046, 0.02129239910869027, 0.02673929190393662, 0.04456548650656103, 0.10918544194107452, 0.13988611042337212, 0.15251299826689774, 0.1854419410745234, 0.22084674424362466, 0.24040604109928201, 0.26764050507551373, 0.30552116860609063, 0.35082941322109434, 0.39415696954691753, 0.4238672938846249, 0.44664520921020057, 0.47338450111413716, 0.5070562020302055, 0.5281010151027482, 0.5392423867293885, 0.5488982421391434, 0.5543451349343897, 0.5588016835850458, 0.5617727160188165, 0.5649913344887348, 0.5664768507056201, 0.569447883139391, 0.5719237435008665, 0.5741520178261946, 0.5763802921515226, 0.5783609804407032, 0.5800940826937361, 0.5803416687298837, 0.5810844268383263, 0.5813320128744739, 0.5815795989106214, 0.581827184946769, 0.5820747709829166, 0.5820747709829166, 0.5820747709829166, 0.5820747709829166, 0.5820747709829166, 0.5820747709829166, 0.5820747709829166]
--------------------------------------------
outputs[ 6 ]=[0.0, 0.0, 0.0, 0.0, 0.0, 0.0002475860361475613, 0.0007427581084426838, 0.0019806882891804903, 0.002723446397623174, 0.004208962614508541, 0.006932409012131715, 0.010151027482050013, 0.014607576132706116, 0.020054468927952464, 0.028719980193117108, 0.0428323842535281, 0.06536271354295618, 0.09383510769992573, 0.12750680861599406, 0.177766773953949, 0.1936122802673929, 0.20153503342411488, 0.21094330279772222, 0.22208467442436247, 0.2314929437979698, 0.254518445159693, 0.28101015102748206, 0.3292894280762565, 0.38078732359494927, 0.43055211686060907, 0.44912106957167613, 0.45951968308987373, 0.46595692002971034, 0.46991829660807133, 0.47412725922257987, 0.47660311958405543, 0.47858380787323596, 0.47982173805397377, 0.48081208219856403, 0.48180242634315423, 0.4822975984154494, 0.48254518445159694, 0.48254518445159694, 0.48304035652389204, 0.48304035652389204, 0.48304035652389204, 0.48304035652389204, 0.48304035652389204, 0.48304035652389204, 0.48304035652389204, 0.48304035652389204, 0.48304035652389204, 0.48304035652389204, 0.48304035652389204, 0.48304035652389204]
--------------------------------------------
outputs[ 7 ]=[0.0, 0.0, 0.0, 0.0, 0.0, 0.0002475860361475613, 0.0037137905422134194, 0.029462738301559793, 0.058925476603119586, 0.07279029462738301, 0.0965585540975489, 0.1369150779896014, 0.19138400594206487, 0.24535776182223323, 0.31542461005199307, 0.35305768754642236, 0.38053973755880166, 0.40059420648675415, 0.41916315919782127, 0.43451349343897006, 0.44639762317405296, 0.452587274077742, 0.4570438227283981, 0.458776924981431, 0.45951968308987373, 0.46026244119831644, 0.460510027234464, 0.460510027234464, 0.460510027234464, 0.46075761327061154, 0.46075761327061154, 0.46075761327061154, 0.46075761327061154, 0.46075761327061154, 0.46075761327061154, 0.46075761327061154, 0.46075761327061154, 0.46075761327061154, 0.46075761327061154, 0.46075761327061154, 0.46075761327061154, 0.46075761327061154, 0.46075761327061154, 0.46075761327061154, 0.46075761327061154, 0.46075761327061154, 0.46075761327061154, 0.46075761327061154, 0.46075761327061154, 0.46075761327061154, 0.46075761327061154, 0.46075761327061154, 0.46075761327061154, 0.46075761327061154, 0.46075761327061154]
--------------------------------------------
outputs[ 8 ]=[0.0, 0.0, 0.0, 0.0, 0.0, 0.0002475860361475613, 0.0002475860361475613, 0.0002475860361475613, 0.0002475860361475613, 0.0002475860361475613, 0.0002475860361475613, 0.0002475860361475613, 0.0002475860361475613, 0.0002475860361475613, 0.0002475860361475613, 0.0002475860361475613, 0.0002475860361475613, 0.0002475860361475613, 0.0002475860361475613, 0.0002475860361475613, 0.0002475860361475613, 0.0002475860361475613, 0.0002475860361475613, 0.0002475860361475613, 0.0002475860361475613, 0.0002475860361475613, 0.0002475860361475613, 0.0002475860361475613, 0.0002475860361475613, 0.0002475860361475613, 0.0002475860361475613, 0.0002475860361475613, 0.0002475860361475613, 0.0002475860361475613, 0.0002475860361475613, 0.0002475860361475613, 0.0002475860361475613, 0.0002475860361475613, 0.0002475860361475613, 0.0002475860361475613, 0.0002475860361475613, 0.0002475860361475613, 0.0002475860361475613, 0.0002475860361475613, 0.0002475860361475613, 0.0002475860361475613, 0.0002475860361475613, 0.0002475860361475613, 0.0002475860361475613, 0.0002475860361475613, 0.0002475860361475613, 0.0002475860361475613, 0.0002475860361475613, 0.0002475860361475613, 0.0002475860361475613]
--------------------------------------------
outputs[ 9 ]=[0.0, 0.0, 0.0, 0.0, 0.0, 0.0002475860361475613, 0.0002475860361475613, 0.0002475860361475613, 0.0002475860361475613, 0.0002475860361475613, 0.0002475860361475613, 0.0002475860361475613, 0.0002475860361475613, 0.0002475860361475613, 0.0002475860361475613, 0.0002475860361475613, 0.0002475860361475613, 0.0002475860361475613, 0.0002475860361475613, 0.0002475860361475613, 0.0002475860361475613, 0.0002475860361475613, 0.0002475860361475613, 0.0002475860361475613, 0.0002475860361475613, 0.0002475860361475613, 0.0002475860361475613, 0.0002475860361475613, 0.0002475860361475613, 0.0002475860361475613, 0.0002475860361475613, 0.0002475860361475613, 0.0002475860361475613, 0.0002475860361475613, 0.0002475860361475613, 0.0002475860361475613, 0.0002475860361475613, 0.0002475860361475613, 0.0002475860361475613, 0.0002475860361475613, 0.0002475860361475613, 0.0002475860361475613, 0.0002475860361475613, 0.0002475860361475613, 0.0002475860361475613, 0.0002475860361475613, 0.0002475860361475613, 0.0002475860361475613, 0.0002475860361475613, 0.0002475860361475613, 0.0002475860361475613, 0.0002475860361475613, 0.0002475860361475613, 0.0002475860361475613, 0.0002475860361475613]
--------------------------------------------
outputs[ 10 ]=[0.0, 0.0, 0.0, 0.0, 0.0, 0.0002475860361475613, 0.0002475860361475613, 0.0002475860361475613, 0.0002475860361475613, 0.0002475860361475613, 0.0002475860361475613, 0.0002475860361475613, 0.0002475860361475613, 0.0002475860361475613, 0.0002475860361475613, 0.0002475860361475613, 0.0002475860361475613, 0.0002475860361475613, 0.0002475860361475613, 0.0002475860361475613, 0.0002475860361475613, 0.0002475860361475613, 0.0002475860361475613, 0.0002475860361475613, 0.0002475860361475613, 0.0002475860361475613, 0.0002475860361475613, 0.0002475860361475613, 0.0002475860361475613, 0.0002475860361475613, 0.0002475860361475613, 0.0002475860361475613, 0.0002475860361475613, 0.0002475860361475613, 0.0002475860361475613, 0.0002475860361475613, 0.0002475860361475613, 0.0002475860361475613, 0.0002475860361475613, 0.0002475860361475613, 0.0002475860361475613, 0.0002475860361475613, 0.0002475860361475613, 0.0002475860361475613, 0.0002475860361475613, 0.0002475860361475613, 0.0002475860361475613, 0.0002475860361475613, 0.0002475860361475613, 0.0002475860361475613, 0.0002475860361475613, 0.0002475860361475613, 0.0002475860361475613, 0.0002475860361475613, 0.0002475860361475613]
--------------------------------------------
outputs[ 11 ]=[0.0, 0.0, 0.0, 0.0, 0.0, 0.0002475860361475613, 0.0002475860361475613, 0.0002475860361475613, 0.0002475860361475613, 0.0002475860361475613, 0.0002475860361475613, 0.0002475860361475613, 0.0002475860361475613, 0.0002475860361475613, 0.0002475860361475613, 0.0002475860361475613, 0.0002475860361475613, 0.0002475860361475613, 0.0002475860361475613, 0.0002475860361475613, 0.0002475860361475613, 0.0002475860361475613, 0.0002475860361475613, 0.0002475860361475613, 0.0002475860361475613, 0.0002475860361475613, 0.0002475860361475613, 0.0002475860361475613, 0.0002475860361475613, 0.0002475860361475613, 0.0002475860361475613, 0.0002475860361475613, 0.0002475860361475613, 0.0002475860361475613, 0.0002475860361475613, 0.0002475860361475613, 0.0002475860361475613, 0.0002475860361475613, 0.0002475860361475613, 0.0002475860361475613, 0.0002475860361475613, 0.0002475860361475613, 0.0002475860361475613, 0.0002475860361475613, 0.0002475860361475613, 0.0002475860361475613, 0.0002475860361475613, 0.0002475860361475613, 0.0002475860361475613, 0.0002475860361475613, 0.0002475860361475613, 0.0002475860361475613, 0.0002475860361475613, 0.0002475860361475613, 0.0002475860361475613]
--------------------------------------------
outputs[ 12 ]=[0.0, 0.0, 0.0, 0.0, 0.0, 0.0002475860361475613, 0.0022282743253280515, 0.01931171081950978, 0.05248823966328299, 0.10027234463976231, 0.11710819509779648, 0.12701163654369893, 0.15077989601386482, 0.18742262936370388, 0.1975736568457539, 0.20252537756870512, 0.20995295865313196, 0.22802673929190392, 0.26541223075018566, 0.2985887595939589, 0.3223570190641248, 0.3471156226788809, 0.3849962862094578, 0.41916315919782127, 0.43624659569200297, 0.45382520425847983, 0.4654617479574152, 0.4743748452587274, 0.4775934637286457, 0.4815548403070067, 0.48601138895766277, 0.49343897004208964, 0.5021044813072543, 0.5095320623916811, 0.5177024015845506, 0.5263679128497153, 0.5337954939341422, 0.5419658331270116, 0.5469175538499629, 0.5501361723198812, 0.5523644466452092, 0.553602376825947, 0.5538499628620945, 0.5538499628620945, 0.5538499628620945, 0.5538499628620945, 0.5538499628620945, 0.5538499628620945, 0.5538499628620945, 0.5538499628620945, 0.5538499628620945, 0.5538499628620945, 0.5538499628620945, 0.5538499628620945, 0.5538499628620945]
--------------------------------------------
outputs[ 13 ]=[0.0, 0.0, 0.0, 0.0, 0.0, 0.0002475860361475613, 0.0007427581084426838, 0.0012379301807378064, 0.0012379301807378064, 0.0012379301807378064, 0.0012379301807378064, 0.0012379301807378064, 0.0012379301807378064, 0.0012379301807378064, 0.0012379301807378064, 0.0012379301807378064, 0.0012379301807378064, 0.0012379301807378064, 0.0012379301807378064, 0.0012379301807378064, 0.0012379301807378064, 0.0012379301807378064, 0.0012379301807378064, 0.0012379301807378064, 0.0012379301807378064, 0.0012379301807378064, 0.0012379301807378064, 0.0012379301807378064, 0.0012379301807378064, 0.0012379301807378064, 0.0012379301807378064, 0.0012379301807378064, 0.0012379301807378064, 0.0012379301807378064, 0.0012379301807378064, 0.0012379301807378064, 0.0012379301807378064, 0.0012379301807378064, 0.0012379301807378064, 0.0012379301807378064, 0.0012379301807378064, 0.0012379301807378064, 0.0012379301807378064, 0.0012379301807378064, 0.0012379301807378064, 0.0012379301807378064, 0.0012379301807378064, 0.0012379301807378064, 0.0012379301807378064, 0.0012379301807378064, 0.0012379301807378064, 0.0012379301807378064, 0.0012379301807378064, 0.0012379301807378064, 0.0012379301807378064]
--------------------------------------------
outputs[ 14 ]=[0.0, 0.0, 0.0, 0.0, 0.0, 0.0002475860361475613, 0.0014855162168853676, 0.01733102253032929, 0.05694478831393909, 0.06759098786828423, 0.07848477345877693, 0.12057439960386235, 0.177766773953949, 0.25674671948502104, 0.29883634563010647, 0.32508046546174796, 0.3505818271849468, 0.36989353800445657, 0.38970042089626145, 0.40406041099282003, 0.4199059173062639, 0.44540727902946275, 0.46595692002971034, 0.4852686308492201, 0.5164644714038128, 0.5424610051993067, 0.5568209952958653, 0.5657340925971776, 0.5706858133201288, 0.5734092597177519, 0.5753899480069324, 0.5761327061153751, 0.5771230502599654, 0.5773706362961128, 0.5773706362961128, 0.5773706362961128, 0.5773706362961128, 0.5773706362961128, 0.5773706362961128, 0.5773706362961128, 0.5773706362961128, 0.5773706362961128, 0.5773706362961128, 0.5773706362961128, 0.5773706362961128, 0.5773706362961128, 0.5773706362961128, 0.5773706362961128, 0.5773706362961128, 0.5773706362961128, 0.5773706362961128, 0.5773706362961128, 0.5773706362961128, 0.5773706362961128, 0.5773706362961128]
--------------------------------------------
outputs[ 15 ]=[0.0, 0.0, 0.0, 0.0, 0.0, 0.0002475860361475613, 0.0007427581084426838, 0.004456548650656103, 0.012131715771230503, 0.017826194602624412, 0.020549641000247587, 0.021044813072542707, 0.021044813072542707, 0.02153998514483783, 0.022035157217132954, 0.022282743253280515, 0.02327308739787076, 0.02327308739787076, 0.02327308739787076, 0.02327308739787076, 0.02327308739787076, 0.02327308739787076, 0.02327308739787076, 0.02327308739787076, 0.02327308739787076, 0.02327308739787076, 0.02327308739787076, 0.02327308739787076, 0.02327308739787076, 0.02327308739787076, 0.02327308739787076, 0.02327308739787076, 0.02327308739787076, 0.02327308739787076, 0.02327308739787076, 0.02327308739787076, 0.02327308739787076, 0.02327308739787076, 0.02327308739787076, 0.02327308739787076, 0.02327308739787076, 0.02327308739787076, 0.02327308739787076, 0.02327308739787076, 0.02327308739787076, 0.02327308739787076, 0.02327308739787076, 0.02327308739787076, 0.02327308739787076, 0.02327308739787076, 0.02327308739787076, 0.02327308739787076, 0.02327308739787076, 0.02327308739787076, 0.02327308739787076]
--------------------------------------------
outputs[ 16 ]=[0.0, 0.0, 0.0, 0.0, 0.0, 0.0002475860361475613, 0.0002475860361475613, 0.0002475860361475613, 0.0002475860361475613, 0.0002475860361475613, 0.0002475860361475613, 0.0002475860361475613, 0.0002475860361475613, 0.0002475860361475613, 0.0002475860361475613, 0.0002475860361475613, 0.0002475860361475613, 0.0002475860361475613, 0.0002475860361475613, 0.0002475860361475613, 0.0002475860361475613, 0.0002475860361475613, 0.0002475860361475613, 0.0002475860361475613, 0.0002475860361475613, 0.0002475860361475613, 0.0002475860361475613, 0.0002475860361475613, 0.0002475860361475613, 0.0002475860361475613, 0.0002475860361475613, 0.0002475860361475613, 0.0002475860361475613, 0.0002475860361475613, 0.0002475860361475613, 0.0002475860361475613, 0.0002475860361475613, 0.0002475860361475613, 0.0002475860361475613, 0.0002475860361475613, 0.0002475860361475613, 0.0002475860361475613, 0.0002475860361475613, 0.0002475860361475613, 0.0002475860361475613, 0.0002475860361475613, 0.0002475860361475613, 0.0002475860361475613, 0.0002475860361475613, 0.0002475860361475613, 0.0002475860361475613, 0.0002475860361475613, 0.0002475860361475613, 0.0002475860361475613, 0.0002475860361475613]
--------------------------------------------
outputs[ 17 ]=[0.0, 0.0, 0.0, 0.0, 0.0, 0.0002475860361475613, 0.002723446397623174, 0.012131715771230503, 0.017083436494181727, 0.038128249566724434, 0.07328546669967814, 0.11190888833869769, 0.12032681356771478, 0.13245852933894528, 0.17405298341173558, 0.19633572666501609, 0.2102005446892795, 0.23669225055706858, 0.2738301559792028, 0.30898737311215646, 0.3458776924981431, 0.37657836098044073, 0.40356523892052487, 0.43822728398118344, 0.4758603614756128, 0.49517207229512256, 0.5110175786085664, 0.5243872245605348, 0.5310720475365189, 0.5345382520425848, 0.5367665263679129, 0.5380044565486507, 0.5389948006932409, 0.5404803169101263, 0.5414706610547165, 0.5424610051993067, 0.5427085912354543, 0.5427085912354543, 0.5427085912354543, 0.5427085912354543, 0.5427085912354543, 0.5427085912354543, 0.5427085912354543, 0.5427085912354543, 0.5427085912354543, 0.5427085912354543, 0.5427085912354543, 0.5427085912354543, 0.5427085912354543, 0.5427085912354543, 0.5427085912354543, 0.5427085912354543, 0.5427085912354543, 0.5427085912354543, 0.5427085912354543]
--------------------------------------------
outputs[ 18 ]=[0.0, 0.0, 0.0, 0.0, 0.0, 0.0002475860361475613, 0.0004951720722951226, 0.0007427581084426838, 0.0007427581084426838, 0.0007427581084426838, 0.0007427581084426838, 0.0007427581084426838, 0.0007427581084426838, 0.0007427581084426838, 0.0007427581084426838, 0.0007427581084426838, 0.0007427581084426838, 0.0007427581084426838, 0.0007427581084426838, 0.0007427581084426838, 0.0007427581084426838, 0.0007427581084426838, 0.0007427581084426838, 0.0007427581084426838, 0.0007427581084426838, 0.0007427581084426838, 0.0007427581084426838, 0.0007427581084426838, 0.0007427581084426838, 0.0007427581084426838, 0.0007427581084426838, 0.0007427581084426838, 0.0007427581084426838, 0.0007427581084426838, 0.0007427581084426838, 0.0007427581084426838, 0.0007427581084426838, 0.0007427581084426838, 0.0007427581084426838, 0.0007427581084426838, 0.0007427581084426838, 0.0007427581084426838, 0.0007427581084426838, 0.0007427581084426838, 0.0007427581084426838, 0.0007427581084426838, 0.0007427581084426838, 0.0007427581084426838, 0.0007427581084426838, 0.0007427581084426838, 0.0007427581084426838, 0.0007427581084426838, 0.0007427581084426838, 0.0007427581084426838, 0.0007427581084426838]
--------------------------------------------
outputs[ 19 ]=[0.0, 0.0, 0.0, 0.0, 0.0, 0.0002475860361475613, 0.0017331022530329288, 0.009160683337459768, 0.02352067343401832, 0.038375835602872, 0.05149789551869274, 0.09036890319385987, 0.14657093339935628, 0.16860609061648923, 0.18445159692993315, 0.20004951720722952, 0.230255013617232, 0.2639267145333003, 0.31121564743748453, 0.33349839069076503, 0.34488734835355284, 0.3562763060163407, 0.36791284971527605, 0.39143352314929436, 0.4137162664025749, 0.43154246100519933, 0.4496162416439713, 0.47338450111413716, 0.49517207229512256, 0.505075513741025, 0.511265164644714, 0.5181975736568457, 0.521416192126764, 0.5221589502352068, 0.5221589502352068, 0.5221589502352068, 0.5224065362713542, 0.5224065362713542, 0.5224065362713542, 0.5224065362713542, 0.5224065362713542, 0.5224065362713542, 0.5224065362713542, 0.5224065362713542, 0.5224065362713542, 0.5224065362713542, 0.5224065362713542, 0.5224065362713542, 0.5224065362713542, 0.5224065362713542, 0.5224065362713542, 0.5224065362713542, 0.5224065362713542, 0.5224065362713542, 0.5224065362713542]
--------------------------------------------
avg_output=[0.0, 0.0, 0.0, 0.0, 0.0, 0.00024758603614756134, 0.0011017578608566478, 0.005644961624164396, 0.012404060410992821, 0.018408021787571182, 0.02399108690269869, 0.03330032186184699, 0.04476355533547908, 0.05711809853924239, 0.06963357266650162, 0.0807006684822976, 0.09010893785590494, 0.10066848229759842, 0.11457043822728397, 0.1285342906660064, 0.13781876702153997, 0.14655855409754887, 0.1564124783362218, 0.16812329784600147, 0.1795741520178262, 0.1909507303788066, 0.20064372369398362, 0.21068333745976728, 0.21938598663035408, 0.22562515474127257, 0.22941322109433027, 0.23269373607328542, 0.23516959643476104, 0.23691507798960143, 0.23814062886853185, 0.23916811091854423, 0.24034414459024508, 0.24206486754147066, 0.24321614260955685, 0.24402079722703643, 0.24460262441198316, 0.24493686556078237, 0.2451349343897004, 0.24520921020054467, 0.24527110670958158, 0.24528348601138897, 0.24530824461500372, 0.2453206239168111, 0.24533300321861845, 0.24533300321861845, 0.24533300321861845, 0.24533300321861845, 0.24533300321861845, 0.24533300321861845, 0.24533300321861845]
