outputs[ 0 ]=[0.0, 0.0, 0.0, 0.0, 0.0, 0.0002475860361475613, 0.0002475860361475613, 0.0004951720722951226, 0.0004951720722951226, 0.0004951720722951226, 0.0004951720722951226, 0.0004951720722951226, 0.0004951720722951226, 0.0004951720722951226, 0.0004951720722951226, 0.0004951720722951226, 0.0004951720722951226, 0.0004951720722951226, 0.0004951720722951226, 0.0004951720722951226, 0.0004951720722951226, 0.0004951720722951226, 0.0004951720722951226, 0.0004951720722951226, 0.0004951720722951226, 0.0004951720722951226, 0.0004951720722951226, 0.0004951720722951226, 0.0004951720722951226, 0.0004951720722951226, 0.0004951720722951226, 0.0004951720722951226, 0.0004951720722951226, 0.0004951720722951226, 0.0004951720722951226, 0.0004951720722951226, 0.0004951720722951226, 0.0004951720722951226, 0.0004951720722951226, 0.0004951720722951226, 0.0004951720722951226, 0.0004951720722951226, 0.0004951720722951226, 0.0004951720722951226, 0.0004951720722951226, 0.0004951720722951226, 0.0004951720722951226, 0.0004951720722951226, 0.0004951720722951226]
--------------------------------------------
outputs[ 1 ]=[0.0, 0.0, 0.0, 0.0, 0.0, 0.0002475860361475613, 0.0004951720722951226, 0.0009903441445902451, 0.0022282743253280515, 0.005446892795246348, 0.012874473879673186, 0.018816538747214655, 0.024263431542461005, 0.02723446397623174, 0.029957910373854913, 0.03317652884377321, 0.03490963109680614, 0.036395147313691506, 0.038128249566724434, 0.03911859371131468, 0.040356523892052486, 0.04060410992820005, 0.04060410992820005, 0.04060410992820005, 0.04060410992820005, 0.04060410992820005, 0.04060410992820005, 0.04060410992820005, 0.04060410992820005, 0.04060410992820005, 0.04060410992820005, 0.04060410992820005, 0.04060410992820005, 0.04060410992820005, 0.04060410992820005, 0.04060410992820005, 0.04060410992820005, 0.04060410992820005, 0.04060410992820005, 0.04060410992820005, 0.04060410992820005, 0.04060410992820005, 0.04060410992820005, 0.04060410992820005, 0.04060410992820005, 0.04060410992820005, 0.04060410992820005, 0.04060410992820005, 0.04060410992820005]
--------------------------------------------
outputs[ 2 ]=[0.0, 0.0, 0.0, 0.0, 0.0, 0.0002475860361475613, 0.0002475860361475613, 0.0004951720722951226, 0.0049517207229512255, 0.04060410992820005, 0.0735330527358257, 0.10720475365189404, 0.16390195592968557, 0.23644466452092103, 0.30725427085912355, 0.3446397623174053, 0.36964595196830896, 0.38970042089626145, 0.41272592225798466, 0.4295617727160188, 0.4451596929933152, 0.46001485516216883, 0.47165139886110424, 0.4897251794998762, 0.5144837831146324, 0.5323099777172567, 0.549641000247586, 0.5748947759346373, 0.5882644218866055, 0.5951968308987373, 0.5996533795493935, 0.6018816538747215, 0.602129239910869, 0.6031195840554593, 0.6031195840554593, 0.6031195840554593, 0.6031195840554593, 0.6031195840554593, 0.6031195840554593, 0.6031195840554593, 0.6031195840554593, 0.6031195840554593, 0.6031195840554593, 0.6031195840554593, 0.6031195840554593, 0.6031195840554593, 0.6031195840554593, 0.6031195840554593, 0.6031195840554593]
--------------------------------------------
outputs[ 3 ]=[0.0, 0.0, 0.0, 0.0, 0.0, 0.0002475860361475613, 0.0034662045060658577, 0.02896756622926467, 0.06090616489230007, 0.11339440455558307, 0.13320128744738796, 0.15994057935132458, 0.21391433523149295, 0.2391681109185442, 0.25922257984649666, 0.2938846249071552, 0.3394404555583065, 0.3741025006189651, 0.40628868531814805, 0.43773211190888833, 0.47214657093339935, 0.49566724436741766, 0.515226541223075, 0.5464223817776678, 0.571676157464719, 0.5830651151275068, 0.5892547660311959, 0.5934637286457044, 0.5996533795493935, 0.6058430304530824, 0.6135181975736569, 0.6199554345134934, 0.6246595692002971, 0.6306016340678385, 0.6365436989353801, 0.6395147313691508, 0.6407526615498886, 0.6417430056944788, 0.6424857638029216, 0.642733349839069, 0.6432285219113641, 0.6432285219113641, 0.6437236939836594, 0.6437236939836594, 0.6437236939836594, 0.6437236939836594, 0.6437236939836594, 0.6437236939836594, 0.6437236939836594]
--------------------------------------------
outputs[ 4 ]=[0.0, 0.0, 0.0, 0.0, 0.0, 0.0002475860361475613, 0.0014855162168853676, 0.009408269373607328, 0.04704134686803664, 0.07155236444664521, 0.08863580094082693, 0.139390938351077, 0.21465709333993563, 0.30849220103986136, 0.3466204506065858, 0.38326318395642484, 0.4174300569447883, 0.4548155484030701, 0.48700173310225303, 0.5238920524882397, 0.5627630601634068, 0.5961871750433275, 0.6150037137905422, 0.6273830155979203, 0.6385243872245605, 0.6489230007427581, 0.6603119584055459, 0.6684822975984155, 0.6736816043575142, 0.6761574647189899, 0.6778905669720228, 0.6786333250804655, 0.6791284971527606, 0.6798712552612033, 0.6803664273334984, 0.6808615994057935, 0.6811091854419411, 0.6811091854419411, 0.6811091854419411, 0.6811091854419411, 0.6811091854419411, 0.6811091854419411, 0.6811091854419411, 0.6811091854419411, 0.6811091854419411, 0.6811091854419411, 0.6811091854419411, 0.6811091854419411, 0.6811091854419411]
--------------------------------------------
outputs[ 5 ]=[0.0, 0.0, 0.0, 0.0, 0.0, 0.0002475860361475613, 0.0002475860361475613, 0.0002475860361475613, 0.0002475860361475613, 0.0002475860361475613, 0.0002475860361475613, 0.0002475860361475613, 0.0002475860361475613, 0.0002475860361475613, 0.0002475860361475613, 0.0002475860361475613, 0.0002475860361475613, 0.0002475860361475613, 0.0002475860361475613, 0.0002475860361475613, 0.0002475860361475613, 0.0002475860361475613, 0.0002475860361475613, 0.0002475860361475613, 0.0002475860361475613, 0.0002475860361475613, 0.0002475860361475613, 0.0002475860361475613, 0.0002475860361475613, 0.0002475860361475613, 0.0002475860361475613, 0.0002475860361475613, 0.0002475860361475613, 0.0002475860361475613, 0.0002475860361475613, 0.0002475860361475613, 0.0002475860361475613, 0.0002475860361475613, 0.0002475860361475613, 0.0002475860361475613, 0.0002475860361475613, 0.0002475860361475613, 0.0002475860361475613, 0.0002475860361475613, 0.0002475860361475613, 0.0002475860361475613, 0.0002475860361475613, 0.0002475860361475613, 0.0002475860361475613]
--------------------------------------------
outputs[ 6 ]=[0.0, 0.0, 0.0, 0.0, 0.0, 0.0002475860361475613, 0.0012379301807378064, 0.005446892795246348, 0.008913097301312206, 0.01138895766278782, 0.02921515226541223, 0.08591235454320377, 0.1265164644714038, 0.15226541223075019, 0.16934884872493192, 0.1938598663035405, 0.2102005446892795, 0.22728398118346124, 0.2508046546174796, 0.3052735825699431, 0.3728645704382273, 0.4540727902946274, 0.49566724436741766, 0.5199306759098787, 0.533300321861847, 0.5471651398861104, 0.5605347858380787, 0.5714285714285714, 0.5823223570190641, 0.5892547660311959, 0.5939589007179995, 0.598167863332508, 0.599900965585541, 0.6011388957662788, 0.6013864818024264, 0.6016340678385739, 0.6016340678385739, 0.6016340678385739, 0.6016340678385739, 0.6016340678385739, 0.6016340678385739, 0.6016340678385739, 0.6016340678385739, 0.6016340678385739, 0.6016340678385739, 0.6016340678385739, 0.6016340678385739, 0.6016340678385739, 0.6016340678385739]
--------------------------------------------
outputs[ 7 ]=[0.0, 0.0, 0.0, 0.0, 0.0, 0.0002475860361475613, 0.0002475860361475613, 0.0004951720722951226, 0.0014855162168853676, 0.003961376578360981, 0.009160683337459768, 0.03664273334983907, 0.08071304778410497, 0.11215647437484526, 0.15746471898984898, 0.1936122802673929, 0.2230750185689527, 0.24511017578608565, 0.26714533300321863, 0.29586531319633574, 0.31294874969051745, 0.32780391185937113, 0.35181975736568455, 0.36989353800445657, 0.37831146323347364, 0.3842535281010151, 0.3887100767516712, 0.39044317900470416, 0.3911859371131468, 0.3911859371131468, 0.39143352314929436, 0.39143352314929436, 0.39143352314929436, 0.39143352314929436, 0.39143352314929436, 0.39143352314929436, 0.39143352314929436, 0.39143352314929436, 0.39143352314929436, 0.39143352314929436, 0.39143352314929436, 0.39143352314929436, 0.39143352314929436, 0.39143352314929436, 0.39143352314929436, 0.39143352314929436, 0.39143352314929436, 0.39143352314929436, 0.39143352314929436]
--------------------------------------------
outputs[ 8 ]=[0.0, 0.0, 0.0, 0.0, 0.0, 0.0002475860361475613, 0.007179995048279277, 0.047288932904184205, 0.059173062639267145, 0.09160683337459767, 0.11933646942312454, 0.13790542213419163, 0.1624164397128002, 0.20797227036395147, 0.22926466947264174, 0.2612032681356771, 0.30799702896756626, 0.3384501114137163, 0.3587521663778163, 0.3802921515226541, 0.4015845506313444, 0.42857142857142855, 0.4545679623669225, 0.47685070562020304, 0.49839069076504083, 0.523149294379797, 0.5521168606090616, 0.5709333993562763, 0.5803416687298837, 0.5895023520673434, 0.5969299331517702, 0.602129239910869, 0.6078237187422629, 0.6110423372121813, 0.6130230255013617, 0.6145085417182471, 0.6147561277543947, 0.6152512998266898, 0.6154988858628373, 0.6169844020797227, 0.6179747462243129, 0.6187175043327556, 0.6197078484773458, 0.6211933646942313, 0.6216885367665264, 0.6224312948749691, 0.6229264669472642, 0.6229264669472642, 0.6229264669472642]
--------------------------------------------
outputs[ 9 ]=[0.0, 0.0, 0.0, 0.0, 0.0, 0.0002475860361475613, 0.0004951720722951226, 0.0019806882891804903, 0.006684822975984155, 0.01361723198811587, 0.021787571180985392, 0.030205496410002475, 0.038128249566724434, 0.04926962119336469, 0.061401336964595196, 0.06957167615746472, 0.07823718742262936, 0.10720475365189404, 0.1443426590740282, 0.20921020054468928, 0.2436246595692003, 0.270859123545432, 0.3344887348353553, 0.3882149046793761, 0.41792522901708345, 0.43773211190888833, 0.44986382768011884, 0.46372864570438227, 0.47561277543946523, 0.48650656102995793, 0.5035899975241397, 0.5367665263679129, 0.5699430552116861, 0.59593958900718, 0.6115375092844764, 0.6221837088388215, 0.630354048031691, 0.6340678385739045, 0.6367912849715276, 0.6385243872245605, 0.6395147313691508, 0.6402574894775934, 0.6402574894775934, 0.6402574894775934, 0.640505075513741, 0.6410002475860361, 0.6412478336221837, 0.6414954196583312, 0.6414954196583312]
--------------------------------------------
outputs[ 10 ]=[0.0, 0.0, 0.0, 0.0, 0.0, 0.0002475860361475613, 0.0017331022530329288, 0.016588264421886604, 0.06016340678385739, 0.09457786580836841, 0.16142609556820994, 0.2327308739787076, 0.30725427085912355, 0.3466204506065858, 0.3793018073780639, 0.40108937855904925, 0.42163901955929683, 0.4409507303788066, 0.4582817529091359, 0.47610794751176033, 0.4862589749938103, 0.49467690022282745, 0.5021044813072543, 0.5068086159940579, 0.5097796484278286, 0.5122555087893043, 0.5137410250061897, 0.515226541223075, 0.5162168853676653, 0.5164644714038128, 0.5164644714038128, 0.5164644714038128, 0.5164644714038128, 0.5167120574399604, 0.5172072295122555, 0.5174548155484031, 0.5174548155484031, 0.5174548155484031, 0.5174548155484031, 0.5174548155484031, 0.5174548155484031, 0.5174548155484031, 0.5174548155484031, 0.5174548155484031, 0.5174548155484031, 0.5174548155484031, 0.5174548155484031, 0.5174548155484031, 0.5174548155484031]
--------------------------------------------
outputs[ 11 ]=[0.0, 0.0, 0.0, 0.0, 0.0, 0.0002475860361475613, 0.0022282743253280515, 0.016093092349591484, 0.035652389205248824, 0.04629858875959396, 0.06635305768754642, 0.08343649418172815, 0.09878682842287695, 0.11116613023025501, 0.1195840554592721, 0.12577370636296112, 0.1304778410497648, 0.13344887348353554, 0.135429561772716, 0.13716266402574895, 0.1388957662787819, 0.13988611042337212, 0.1406288685318148, 0.1426095568209953, 0.1458281752909136, 0.15498885862837336, 0.19485021044813072, 0.24783362218370883, 0.29066600643723695, 0.32433770735330525, 0.35528596187175043, 0.3817776677395395, 0.40133696459519685, 0.41322109433027976, 0.42980935875216636, 0.4426838326318396, 0.45110175786085666, 0.4577865808368408, 0.4615003713790542, 0.4634810596682347, 0.4639762317405298, 0.4639762317405298, 0.4639762317405298, 0.4639762317405298, 0.4639762317405298, 0.4639762317405298, 0.4639762317405298, 0.4639762317405298, 0.4639762317405298]
--------------------------------------------
outputs[ 12 ]=[0.0, 0.0, 0.0, 0.0, 0.0, 0.0002475860361475613, 0.003961376578360981, 0.028472394156969547, 0.05100272344639762, 0.0965585540975489, 0.12205991582074771, 0.1483040356523892, 0.2047536518940332, 0.2589749938103491, 0.3062639267145333, 0.3612280267392919, 0.3929190393661797, 0.4169348848724932, 0.4340183213666749, 0.4426838326318396, 0.44813072542708593, 0.44986382768011884, 0.4533300321861847, 0.4597672691260213, 0.470661054716514, 0.48650656102995793, 0.5134934389700421, 0.5565734092597178, 0.5860361475612775, 0.6026244119831642, 0.6152512998266898, 0.6266402574894776, 0.6370388710076752, 0.642733349839069, 0.646199554345135, 0.6476850705620203, 0.648427828670463, 0.6491705867789057, 0.6513988611042337, 0.6526367912849715, 0.6536271354295617, 0.6556078237187423, 0.6568457538994801, 0.6570933399356277, 0.6578360980440703, 0.6578360980440703, 0.6580836840802179, 0.6580836840802179, 0.6580836840802179]
--------------------------------------------
outputs[ 13 ]=[0.0, 0.0, 0.0, 0.0, 0.0, 0.0002475860361475613, 0.0009903441445902451, 0.0022282743253280515, 0.0032186184699182965, 0.003961376578360981, 0.004208962614508541, 0.004208962614508541, 0.004208962614508541, 0.004208962614508541, 0.004208962614508541, 0.004208962614508541, 0.004208962614508541, 0.004208962614508541, 0.004208962614508541, 0.004208962614508541, 0.004208962614508541, 0.004208962614508541, 0.004208962614508541, 0.004208962614508541, 0.004208962614508541, 0.004208962614508541, 0.004208962614508541, 0.004208962614508541, 0.004208962614508541, 0.004208962614508541, 0.004208962614508541, 0.004208962614508541, 0.004208962614508541, 0.004208962614508541, 0.004208962614508541, 0.004208962614508541, 0.004208962614508541, 0.004208962614508541, 0.004208962614508541, 0.004208962614508541, 0.004208962614508541, 0.004208962614508541, 0.004208962614508541, 0.004208962614508541, 0.004208962614508541, 0.004208962614508541, 0.004208962614508541, 0.004208962614508541, 0.004208962614508541]
--------------------------------------------
outputs[ 14 ]=[0.0, 0.0, 0.0, 0.0, 0.0, 0.0002475860361475613, 0.0002475860361475613, 0.0007427581084426838, 0.003961376578360981, 0.009408269373607328, 0.017083436494181727, 0.023768259470165882, 0.02772963604852686, 0.02896756622926467, 0.03144342659074028, 0.037880663530576876, 0.04704134686803664, 0.05471651398861104, 0.061401336964595196, 0.06635305768754642, 0.0722951225550879, 0.07897994553107204, 0.10522406536271355, 0.1386481802426343, 0.20103986135181975, 0.24090121317157712, 0.30329289428076256, 0.3671700916068334, 0.4233721218123298, 0.462738301559792, 0.49740034662045063, 0.5281010151027482, 0.5526120326813567, 0.5855409754889824, 0.6102995791037386, 0.6276306016340678, 0.6350581827184947, 0.6397623174052983, 0.6412478336221837, 0.6434761079475118, 0.644466452092102, 0.644466452092102, 0.6447140381282496, 0.6447140381282496, 0.6447140381282496, 0.6447140381282496, 0.6447140381282496, 0.6447140381282496, 0.6447140381282496]
--------------------------------------------
outputs[ 15 ]=[0.0, 0.0, 0.0, 0.0, 0.0, 0.0002475860361475613, 0.0022282743253280515, 0.006189650903689032, 0.016588264421886604, 0.039366179747462246, 0.07279029462738301, 0.10621440950730379, 0.1406288685318148, 0.18940331765288437, 0.20921020054468928, 0.22282743253280515, 0.24337707353305274, 0.2772963604852686, 0.32631839564248577, 0.3906907650408517, 0.43773211190888833, 0.5082941322109433, 0.531567219608814, 0.5461747957415202, 0.5588016835850458, 0.5669720227779154, 0.571676157464719, 0.5748947759346373, 0.5768754642238177, 0.5783609804407032, 0.5810844268383263, 0.58578856152513, 0.5927209705372617, 0.5954444169348849, 0.5986630354048031, 0.6003961376578361, 0.6018816538747215, 0.6051002723446398, 0.6117850953206239, 0.6159940579351325, 0.6197078484773458, 0.6211933646942313, 0.6216885367665264, 0.6221837088388215, 0.6221837088388215, 0.6221837088388215, 0.6221837088388215, 0.6221837088388215, 0.6221837088388215]
--------------------------------------------
outputs[ 16 ]=[0.0, 0.0, 0.0, 0.0, 0.0, 0.0002475860361475613, 0.0002475860361475613, 0.0002475860361475613, 0.0004951720722951226, 0.0004951720722951226, 0.0004951720722951226, 0.0004951720722951226, 0.0004951720722951226, 0.0004951720722951226, 0.0004951720722951226, 0.0004951720722951226, 0.0004951720722951226, 0.0004951720722951226, 0.0004951720722951226, 0.0004951720722951226, 0.0004951720722951226, 0.0004951720722951226, 0.0004951720722951226, 0.0004951720722951226, 0.0004951720722951226, 0.0004951720722951226, 0.0004951720722951226, 0.0004951720722951226, 0.0004951720722951226, 0.0004951720722951226, 0.0004951720722951226, 0.0004951720722951226, 0.0004951720722951226, 0.0004951720722951226, 0.0004951720722951226, 0.0004951720722951226, 0.0004951720722951226, 0.0004951720722951226, 0.0004951720722951226, 0.0004951720722951226, 0.0004951720722951226, 0.0004951720722951226, 0.0004951720722951226, 0.0004951720722951226, 0.0004951720722951226, 0.0004951720722951226, 0.0004951720722951226, 0.0004951720722951226, 0.0004951720722951226]
--------------------------------------------
outputs[ 17 ]=[0.0, 0.0, 0.0, 0.0, 0.0, 0.0002475860361475613, 0.0002475860361475613, 0.0002475860361475613, 0.0002475860361475613, 0.0002475860361475613, 0.0002475860361475613, 0.0002475860361475613, 0.0002475860361475613, 0.0002475860361475613, 0.0002475860361475613, 0.0002475860361475613, 0.0002475860361475613, 0.0002475860361475613, 0.0002475860361475613, 0.0002475860361475613, 0.0002475860361475613, 0.0002475860361475613, 0.0002475860361475613, 0.0002475860361475613, 0.0002475860361475613, 0.0002475860361475613, 0.0002475860361475613, 0.0002475860361475613, 0.0002475860361475613, 0.0002475860361475613, 0.0002475860361475613, 0.0002475860361475613, 0.0002475860361475613, 0.0002475860361475613, 0.0002475860361475613, 0.0002475860361475613, 0.0002475860361475613, 0.0002475860361475613, 0.0002475860361475613, 0.0002475860361475613, 0.0002475860361475613, 0.0002475860361475613, 0.0002475860361475613, 0.0002475860361475613, 0.0002475860361475613, 0.0002475860361475613, 0.0002475860361475613, 0.0002475860361475613, 0.0002475860361475613]
--------------------------------------------
outputs[ 18 ]=[0.0, 0.0, 0.0, 0.0, 0.0, 0.0002475860361475613, 0.0009903441445902451, 0.002723446397623174, 0.006684822975984155, 0.014112404060410992, 0.04456548650656103, 0.07922753156721961, 0.1297350829413221, 0.16934884872493192, 0.21886605595444417, 0.23768259470165884, 0.2666501609309235, 0.31369150779896016, 0.3535528596187175, 0.37484525872740776, 0.385986630354048, 0.3986135181975737, 0.4092597177519188, 0.420401089378559, 0.42931418667987126, 0.4399603862342164, 0.45605347858380785, 0.4743748452587274, 0.48551621688536767, 0.49517207229512256, 0.5162168853676653, 0.5285961871750433, 0.5340430799702897, 0.5365189403317653, 0.5392423867293885, 0.539489972765536, 0.5399851448378311, 0.5399851448378311, 0.5399851448378311, 0.5399851448378311, 0.5402327308739787, 0.5402327308739787, 0.5402327308739787, 0.5402327308739787, 0.5402327308739787, 0.5402327308739787, 0.5402327308739787, 0.5402327308739787, 0.5402327308739787]
--------------------------------------------
outputs[ 19 ]=[0.0, 0.0, 0.0, 0.0, 0.0, 0.0002475860361475613, 0.0007427581084426838, 0.0014855162168853676, 0.0049517207229512255, 0.014607576132706116, 0.03342411487992077, 0.0933399356276306, 0.16984402079722705, 0.2012874473879673, 0.2205991582074771, 0.23545432037633077, 0.2512998266897747, 0.2961128992324833, 0.35008665511265163, 0.4278286704629859, 0.4748700173310225, 0.5167120574399604, 0.5595444416934885, 0.5820747709829166, 0.5974251052240653, 0.6078237187422629, 0.6157464718989849, 0.6194602624411983, 0.6216885367665264, 0.6224312948749691, 0.6244119831641496, 0.6251547412725922, 0.6254023273087398, 0.6258974993810349, 0.6258974993810349, 0.6258974993810349, 0.6261450854171825, 0.6261450854171825, 0.6261450854171825, 0.6261450854171825, 0.6261450854171825, 0.6261450854171825, 0.6261450854171825, 0.6261450854171825, 0.6261450854171825, 0.6261450854171825, 0.6261450854171825, 0.6261450854171825, 0.6261450854171825]
--------------------------------------------
avg_output=[0.0, 0.0, 0.0, 0.0, 0.0, 0.00024758603614756134, 0.0014483783114632338, 0.008541718247090864, 0.018754642238177764, 0.033597425105224066, 0.05055706858133201, 0.0744367417677643, 0.10544689279524636, 0.1322233226046051, 0.1525748947759346, 0.1700420896261451, 0.18700173310225301, 0.20559544441693492, 0.2244986382768012, 0.24711562267888096, 0.2650656102995791, 0.2833250804654618, 0.29931913840059415, 0.3130601634067838, 0.3255880168358504, 0.33561525129982667, 0.34827927704877437, 0.36176033671700913, 0.37188660559544445, 0.37910373854914586, 0.38646942312453575, 0.3933894528348601, 0.39904679376083185, 0.4037756870512503, 0.4075513741025006, 0.41003961376578363, 0.41147561277543937, 0.41250309482545183, 0.4133944045555831, 0.4140505075513741, 0.4144961624164397, 0.4147437484525872, 0.4149170586778905, 0.4150284723941569, 0.41510274820500115, 0.415164644714038, 0.41521416192126753, 0.4152265412230749, 0.4152265412230749]
