outputs[ 0 ]=[0.0, 0.0, 0.0, 0.0, 0.0, 0.0002475860361475613, 0.0017331022530329288, 0.00965585540975489, 0.028719980193117108, 0.040356523892052486, 0.05025996533795494, 0.0735330527358257, 0.09482545184451598, 0.10943302797722208, 0.11933646942312454, 0.12503094825451844, 0.13468680366427332, 0.16563505818271848, 0.20054468927952462, 0.21143847487001732, 0.23000742758108442, 0.26714533300321863, 0.29982668977469673, 0.3223570190641248, 0.3332508046546175, 0.3396880415944541, 0.34563010646199555, 0.34860113889576627, 0.3523149294379797, 0.355533547907898, 0.35701906412478335, 0.3575142361970785, 0.35776182223322606, 0.35776182223322606, 0.35825699430552116, 0.3585045803416687, 0.3585045803416687, 0.3585045803416687, 0.3585045803416687, 0.3585045803416687, 0.3585045803416687, 0.3585045803416687, 0.3585045803416687, 0.3585045803416687, 0.3585045803416687, 0.3585045803416687, 0.3585045803416687, 0.3585045803416687, 0.3585045803416687, 0.3585045803416687, 0.3585045803416687, 0.3585045803416687, 0.3585045803416687, 0.3585045803416687, 0.3585045803416687]
--------------------------------------------
outputs[ 1 ]=[0.0, 0.0, 0.0, 0.0, 0.0, 0.0002475860361475613, 0.0002475860361475613, 0.0002475860361475613, 0.0002475860361475613, 0.0002475860361475613, 0.0002475860361475613, 0.0002475860361475613, 0.0002475860361475613, 0.0002475860361475613, 0.0002475860361475613, 0.0002475860361475613, 0.0002475860361475613, 0.0002475860361475613, 0.0002475860361475613, 0.0002475860361475613, 0.0002475860361475613, 0.0002475860361475613, 0.0002475860361475613, 0.0002475860361475613, 0.0002475860361475613, 0.0002475860361475613, 0.0002475860361475613, 0.0002475860361475613, 0.0002475860361475613, 0.0002475860361475613, 0.0002475860361475613, 0.0002475860361475613, 0.0002475860361475613, 0.0002475860361475613, 0.0002475860361475613, 0.0002475860361475613, 0.0002475860361475613, 0.0002475860361475613, 0.0002475860361475613, 0.0002475860361475613, 0.0002475860361475613, 0.0002475860361475613, 0.0002475860361475613, 0.0002475860361475613, 0.0002475860361475613, 0.0002475860361475613, 0.0002475860361475613, 0.0002475860361475613, 0.0002475860361475613, 0.0002475860361475613, 0.0002475860361475613, 0.0002475860361475613, 0.0002475860361475613, 0.0002475860361475613, 0.0002475860361475613]
--------------------------------------------
outputs[ 2 ]=[0.0, 0.0, 0.0, 0.0, 0.0, 0.0002475860361475613, 0.0007427581084426838, 0.0022282743253280515, 0.004704134686803664, 0.008913097301312206, 0.01386481802426343, 0.020302054964100025, 0.02723446397623174, 0.03441445902451102, 0.0638771973260708, 0.10695716761574647, 0.15102748205001237, 0.16142609556820994, 0.19039366179747463, 0.2314929437979698, 0.2503094825451844, 0.26937360732854665, 0.3104728893290418, 0.351572171329537, 0.39093835107699926, 0.426095568209953, 0.44936865560782374, 0.4711562267888091, 0.48947759346372866, 0.5132458529338946, 0.5397375588016836, 0.5543451349343897, 0.5625154741272592, 0.569447883139391, 0.5753899480069324, 0.5810844268383263, 0.5870264917058677, 0.5917306263926715, 0.5944540727902946, 0.5986630354048031, 0.6023768259470166, 0.6051002723446398, 0.6055954444169349, 0.6055954444169349, 0.6058430304530824, 0.6058430304530824, 0.6058430304530824, 0.6058430304530824, 0.6058430304530824, 0.6058430304530824, 0.6058430304530824, 0.6058430304530824, 0.6058430304530824, 0.6058430304530824, 0.6058430304530824]
--------------------------------------------
outputs[ 3 ]=[0.0, 0.0, 0.0, 0.0, 0.0, 0.0002475860361475613, 0.010151027482050013, 0.04704134686803664, 0.0581827184946769, 0.09309234959148303, 0.11735578113394404, 0.1280019806882892, 0.135429561772716, 0.14483783114632334, 0.1752909135924734, 0.21440950730378808, 0.23124535776182223, 0.24634810596682347, 0.2668977469670711, 0.30378806635305766, 0.351572171329537, 0.3862342163901956, 0.4104976479326566, 0.4312948749690517, 0.44466452092102005, 0.4520921020054469, 0.45852933894528347, 0.4679376083188908, 0.47387967318643226, 0.47734587769249814, 0.4800693240901213, 0.4820500123793018, 0.48502104481307257, 0.48947759346372866, 0.4954196583312701, 0.498885862837336, 0.5030948254518445, 0.5063134439217628, 0.5087893042832384, 0.5095320623916811, 0.5102748205001237, 0.5102748205001237, 0.5102748205001237, 0.5102748205001237, 0.5102748205001237, 0.5102748205001237, 0.5102748205001237, 0.5102748205001237, 0.5102748205001237, 0.5102748205001237, 0.5102748205001237, 0.5102748205001237, 0.5102748205001237, 0.5102748205001237, 0.5102748205001237]
--------------------------------------------
outputs[ 4 ]=[0.0, 0.0, 0.0, 0.0, 0.0, 0.0002475860361475613, 0.0019806882891804903, 0.006189650903689032, 0.015845506313443922, 0.02129239910869027, 0.025253775687051252, 0.029462738301559793, 0.03664273334983907, 0.04555583065115128, 0.05620203020549641, 0.06907650408516959, 0.09185441941074524, 0.1369150779896014, 0.16910126268878437, 0.19163159197821242, 0.2480812082198564, 0.35305768754642236, 0.4256003961376578, 0.47734587769249814, 0.5253775687051251, 0.5503837583560287, 0.5642485763802921, 0.571676157464719, 0.5786085664768507, 0.5808368408021788, 0.5820747709829166, 0.5828175290913592, 0.5830651151275068, 0.5833127011636544, 0.5833127011636544, 0.5833127011636544, 0.5833127011636544, 0.5833127011636544, 0.5833127011636544, 0.5833127011636544, 0.5833127011636544, 0.5833127011636544, 0.5833127011636544, 0.5833127011636544, 0.5833127011636544, 0.5833127011636544, 0.5833127011636544, 0.5833127011636544, 0.5833127011636544, 0.5833127011636544, 0.5833127011636544, 0.5833127011636544, 0.5833127011636544, 0.5833127011636544, 0.5833127011636544]
--------------------------------------------
outputs[ 5 ]=[0.0, 0.0, 0.0, 0.0, 0.0, 0.0002475860361475613, 0.0007427581084426838, 0.002723446397623174, 0.008417925229017083, 0.021044813072542707, 0.03664273334983907, 0.05644961624164397, 0.11265164644714037, 0.1661302302550136, 0.18717504332755633, 0.2007922753156722, 0.22579846496657588, 0.2602129239910869, 0.29017083436494184, 0.34290666006437237, 0.375835602871998, 0.4112404060410993, 0.4436741767764298, 0.48180242634315423, 0.5040851695964348, 0.5159692993315177, 0.5241396385243873, 0.5328051497895518, 0.5441941074523396, 0.5533547907897994, 0.5585540975488983, 0.561525129982669, 0.563753404307997, 0.5649913344887348, 0.565981678633325, 0.5667244367417678, 0.5669720227779154, 0.5669720227779154, 0.5669720227779154, 0.5669720227779154, 0.5669720227779154, 0.5669720227779154, 0.5669720227779154, 0.5669720227779154, 0.5669720227779154, 0.5669720227779154, 0.5669720227779154, 0.5669720227779154, 0.5669720227779154, 0.5669720227779154, 0.5669720227779154, 0.5669720227779154, 0.5669720227779154, 0.5669720227779154, 0.5669720227779154]
--------------------------------------------
outputs[ 6 ]=[0.0, 0.0, 0.0, 0.0, 0.0, 0.0002475860361475613, 0.0007427581084426838, 0.0014855162168853676, 0.010893785590492696, 0.05149789551869274, 0.0703144342659074, 0.08096063382025254, 0.10448130725427086, 0.16761574647189897, 0.22926466947264174, 0.2941322109433028, 0.32433770735330525, 0.3483535528596187, 0.37880663530576875, 0.41272592225798466, 0.44416934884872494, 0.4657093339935628, 0.47858380787323596, 0.48873483535528595, 0.5011141371626641, 0.5100272344639762, 0.5196830898737311, 0.5273582569943055, 0.5323099777172567, 0.5407279029462738, 0.5484030700668482, 0.5533547907897994, 0.5573161673681605, 0.5585540975488983, 0.5600396137657836, 0.5607823718742263, 0.5632582322357019, 0.5640009903441446, 0.5647437484525872, 0.5652389205248824, 0.5652389205248824, 0.56548650656103, 0.56548650656103, 0.56548650656103, 0.56548650656103, 0.5657340925971776, 0.5657340925971776, 0.5657340925971776, 0.5657340925971776, 0.5657340925971776, 0.5657340925971776, 0.5657340925971776, 0.5657340925971776, 0.5657340925971776, 0.5657340925971776]
--------------------------------------------
outputs[ 7 ]=[0.0, 0.0, 0.0, 0.0, 0.0, 0.0002475860361475613, 0.006189650903689032, 0.04530824461500371, 0.07427581084426839, 0.08789304283238425, 0.12007922753156722, 0.16860609061648923, 0.21317157712305027, 0.2720970537261698, 0.33300321861846993, 0.40826937360732857, 0.45852933894528347, 0.48551621688536767, 0.5045803416687299, 0.5181975736568457, 0.5246348105966824, 0.5283486011388958, 0.531567219608814, 0.5355285961871751, 0.5399851448378311, 0.5461747957415202, 0.5501361723198812, 0.55533547907898, 0.5607823718742263, 0.5635058182718494, 0.5652389205248824, 0.5679623669225056, 0.5692002971032434, 0.5701906412478336, 0.5721713295370141, 0.5743996038623421, 0.5766278781876703, 0.5771230502599654, 0.5771230502599654, 0.5773706362961128, 0.5773706362961128, 0.5773706362961128, 0.5773706362961128, 0.5773706362961128, 0.5773706362961128, 0.5773706362961128, 0.5773706362961128, 0.5773706362961128, 0.5773706362961128, 0.5773706362961128, 0.5773706362961128, 0.5773706362961128, 0.5773706362961128, 0.5773706362961128, 0.5773706362961128]
--------------------------------------------
outputs[ 8 ]=[0.0, 0.0, 0.0, 0.0, 0.0, 0.0002475860361475613, 0.0012379301807378064, 0.0032186184699182965, 0.0059420648675414705, 0.007922753156721961, 0.008913097301312206, 0.01163654369893538, 0.016835850458034166, 0.026491705867789057, 0.041842040108937856, 0.06362961128992325, 0.09383510769992573, 0.13716266402574895, 0.19212676405050755, 0.2270363951473137, 0.24931913840059422, 0.26442188660559546, 0.2782867046298589, 0.2914087645456796, 0.3151770240158455, 0.34736320871502846, 0.3951473136915078, 0.420401089378559, 0.43377073533052735, 0.43897004208962614, 0.4409507303788066, 0.4431790047041347, 0.4444169348848725, 0.4449121069571676, 0.44540727902946275, 0.44540727902946275, 0.44540727902946275, 0.44540727902946275, 0.44540727902946275, 0.44540727902946275, 0.44540727902946275, 0.44540727902946275, 0.44540727902946275, 0.44540727902946275, 0.44540727902946275, 0.44540727902946275, 0.44540727902946275, 0.44540727902946275, 0.44540727902946275, 0.44540727902946275, 0.44540727902946275, 0.44540727902946275, 0.44540727902946275, 0.44540727902946275, 0.44540727902946275]
--------------------------------------------
outputs[ 9 ]=[0.0, 0.0, 0.0, 0.0, 0.0, 0.0002475860361475613, 0.0002475860361475613, 0.0004951720722951226, 0.0009903441445902451, 0.0019806882891804903, 0.0029710324337707352, 0.0034662045060658577, 0.003961376578360981, 0.004456548650656103, 0.004456548650656103, 0.004456548650656103, 0.004456548650656103, 0.004456548650656103, 0.004456548650656103, 0.004456548650656103, 0.004456548650656103, 0.004456548650656103, 0.004456548650656103, 0.004456548650656103, 0.004456548650656103, 0.004456548650656103, 0.004456548650656103, 0.004456548650656103, 0.004456548650656103, 0.004456548650656103, 0.004456548650656103, 0.004456548650656103, 0.004456548650656103, 0.004456548650656103, 0.004456548650656103, 0.004456548650656103, 0.004456548650656103, 0.004456548650656103, 0.004456548650656103, 0.004456548650656103, 0.004456548650656103, 0.004456548650656103, 0.004456548650656103, 0.004456548650656103, 0.004456548650656103, 0.004456548650656103, 0.004456548650656103, 0.004456548650656103, 0.004456548650656103, 0.004456548650656103, 0.004456548650656103, 0.004456548650656103, 0.004456548650656103, 0.004456548650656103, 0.004456548650656103]
--------------------------------------------
outputs[ 10 ]=[0.0, 0.0, 0.0, 0.0, 0.0, 0.0002475860361475613, 0.0007427581084426838, 0.0019806882891804903, 0.0034662045060658577, 0.003961376578360981, 0.004208962614508541, 0.004208962614508541, 0.004208962614508541, 0.004208962614508541, 0.004208962614508541, 0.004208962614508541, 0.004208962614508541, 0.004208962614508541, 0.004208962614508541, 0.004208962614508541, 0.004208962614508541, 0.004208962614508541, 0.004208962614508541, 0.004208962614508541, 0.004208962614508541, 0.004208962614508541, 0.004208962614508541, 0.004208962614508541, 0.004208962614508541, 0.004208962614508541, 0.004208962614508541, 0.004208962614508541, 0.004208962614508541, 0.004208962614508541, 0.004208962614508541, 0.004208962614508541, 0.004208962614508541, 0.004208962614508541, 0.004208962614508541, 0.004208962614508541, 0.004208962614508541, 0.004208962614508541, 0.004208962614508541, 0.004208962614508541, 0.004208962614508541, 0.004208962614508541, 0.004208962614508541, 0.004208962614508541, 0.004208962614508541, 0.004208962614508541, 0.004208962614508541, 0.004208962614508541, 0.004208962614508541, 0.004208962614508541, 0.004208962614508541]
--------------------------------------------
outputs[ 11 ]=[0.0, 0.0, 0.0, 0.0, 0.0, 0.0002475860361475613, 0.0004951720722951226, 0.0009903441445902451, 0.0012379301807378064, 0.0022282743253280515, 0.004704134686803664, 0.012626887843525626, 0.034166872988363454, 0.051250309482545185, 0.0658578856152513, 0.08591235454320377, 0.10943302797722208, 0.11859371131468185, 0.12552612032681357, 0.12998266897746968, 0.13122059915820747, 0.13221094330279773, 0.1329537014112404, 0.1336964595196831, 0.1336964595196831, 0.13394404555583064, 0.13394404555583064, 0.13394404555583064, 0.13394404555583064, 0.13394404555583064, 0.13394404555583064, 0.13394404555583064, 0.13394404555583064, 0.13394404555583064, 0.13394404555583064, 0.13394404555583064, 0.13394404555583064, 0.13394404555583064, 0.13394404555583064, 0.13394404555583064, 0.13394404555583064, 0.13394404555583064, 0.13394404555583064, 0.13394404555583064, 0.13394404555583064, 0.13394404555583064, 0.13394404555583064, 0.13394404555583064, 0.13394404555583064, 0.13394404555583064, 0.13394404555583064, 0.13394404555583064, 0.13394404555583064, 0.13394404555583064, 0.13394404555583064]
--------------------------------------------
outputs[ 12 ]=[0.0, 0.0, 0.0, 0.0, 0.0, 0.0002475860361475613, 0.0009903441445902451, 0.0014855162168853676, 0.0019806882891804903, 0.0019806882891804903, 0.0022282743253280515, 0.0022282743253280515, 0.0022282743253280515, 0.0022282743253280515, 0.0022282743253280515, 0.0022282743253280515, 0.0022282743253280515, 0.0022282743253280515, 0.0022282743253280515, 0.0022282743253280515, 0.0022282743253280515, 0.0022282743253280515, 0.0022282743253280515, 0.0022282743253280515, 0.0022282743253280515, 0.0022282743253280515, 0.0022282743253280515, 0.0022282743253280515, 0.0022282743253280515, 0.0022282743253280515, 0.0022282743253280515, 0.0022282743253280515, 0.0022282743253280515, 0.0022282743253280515, 0.0022282743253280515, 0.0022282743253280515, 0.0022282743253280515, 0.0022282743253280515, 0.0022282743253280515, 0.0022282743253280515, 0.0022282743253280515, 0.0022282743253280515, 0.0022282743253280515, 0.0022282743253280515, 0.0022282743253280515, 0.0022282743253280515, 0.0022282743253280515, 0.0022282743253280515, 0.0022282743253280515, 0.0022282743253280515, 0.0022282743253280515, 0.0022282743253280515, 0.0022282743253280515, 0.0022282743253280515, 0.0022282743253280515]
--------------------------------------------
outputs[ 13 ]=[0.0, 0.0, 0.0, 0.0, 0.0, 0.0002475860361475613, 0.0007427581084426838, 0.003961376578360981, 0.02550136172319881, 0.05942064867541471, 0.07130477841049765, 0.08492201039861352, 0.12057439960386235, 0.1648923000742758, 0.18965090368903195, 0.2052488239663283, 0.21440950730378808, 0.22530329289428075, 0.23768259470165884, 0.2557563753404308, 0.274820500123793, 0.29636048526863085, 0.3349839069076504, 0.3567714780886358, 0.36989353800445657, 0.3763307749442931, 0.379796979450359, 0.38326318395642484, 0.3849962862094578, 0.385986630354048, 0.3867293884624907, 0.38697697449863827, 0.38697697449863827, 0.38697697449863827, 0.3872245605347858, 0.3872245605347858, 0.3872245605347858, 0.3872245605347858, 0.3872245605347858, 0.3872245605347858, 0.3872245605347858, 0.3872245605347858, 0.3872245605347858, 0.3872245605347858, 0.3872245605347858, 0.3872245605347858, 0.3872245605347858, 0.3872245605347858, 0.3872245605347858, 0.3872245605347858, 0.3872245605347858, 0.3872245605347858, 0.3872245605347858, 0.3872245605347858, 0.3872245605347858]
--------------------------------------------
outputs[ 14 ]=[0.0, 0.0, 0.0, 0.0, 0.0, 0.0002475860361475613, 0.0007427581084426838, 0.0014855162168853676, 0.0029710324337707352, 0.006189650903689032, 0.012626887843525626, 0.028472394156969547, 0.04951720722951226, 0.08739787076008913, 0.15449368655607823, 0.18494676900222828, 0.20747709829165636, 0.21960881406288685, 0.23892052488239662, 0.2772963604852686, 0.30675909878682844, 0.35330527358256997, 0.3708838821490468, 0.38573904431790046, 0.3986135181975737, 0.4164397128001981, 0.4518445159692993, 0.5006189650903689, 0.529338945283486, 0.5454320376330775, 0.5588016835850458, 0.5689527110670958, 0.5741520178261946, 0.5761327061153751, 0.5771230502599654, 0.5771230502599654, 0.5776182223322605, 0.5778658083684081, 0.5781133944045556, 0.5786085664768507, 0.5786085664768507, 0.5786085664768507, 0.5786085664768507, 0.5786085664768507, 0.5786085664768507, 0.5786085664768507, 0.5786085664768507, 0.5786085664768507, 0.5786085664768507, 0.5786085664768507, 0.5786085664768507, 0.5786085664768507, 0.5786085664768507, 0.5786085664768507, 0.5786085664768507]
--------------------------------------------
outputs[ 15 ]=[0.0, 0.0, 0.0, 0.0, 0.0, 0.0002475860361475613, 0.0007427581084426838, 0.005199306759098787, 0.038128249566724434, 0.06858133201287447, 0.0921020054468928, 0.11537509284476355, 0.14756127754394652, 0.1790047041346868, 0.20574399603862342, 0.22951225550878931, 0.2582322357019064, 0.28497152760584304, 0.29809358752166376, 0.31022530329289427, 0.3337459767269126, 0.34637286457043825, 0.35008665511265163, 0.35206734340183216, 0.3540480316910126, 0.35528596187175043, 0.3567714780886358, 0.3572666501609309, 0.3572666501609309, 0.3572666501609309, 0.3575142361970785, 0.3575142361970785, 0.35776182223322606, 0.35776182223322606, 0.35776182223322606, 0.35776182223322606, 0.35776182223322606, 0.35776182223322606, 0.35776182223322606, 0.35776182223322606, 0.35776182223322606, 0.35776182223322606, 0.35776182223322606, 0.35776182223322606, 0.35776182223322606, 0.35776182223322606, 0.35776182223322606, 0.35776182223322606, 0.35776182223322606, 0.35776182223322606, 0.35776182223322606, 0.35776182223322606, 0.35776182223322606, 0.35776182223322606, 0.35776182223322606]
--------------------------------------------
outputs[ 16 ]=[0.0, 0.0, 0.0, 0.0, 0.0, 0.0002475860361475613, 0.0004951720722951226, 0.0017331022530329288, 0.004456548650656103, 0.012131715771230503, 0.028719980193117108, 0.06189650903689032, 0.12428819014607576, 0.1445902451101758, 0.16761574647189897, 0.1846991829660807, 0.19534538252042585, 0.20500123793018074, 0.2141619212676405, 0.21911364199059172, 0.2230750185689527, 0.22357019064124783, 0.22456053478583807, 0.22579846496657588, 0.226293637038871, 0.22728398118346124, 0.22777915325575637, 0.22802673929190392, 0.2282743253280515, 0.2282743253280515, 0.22876949740034663, 0.22975984154493687, 0.23050259965337955, 0.2307501856895271, 0.23124535776182223, 0.23322604605100272, 0.2396632829908393, 0.24931913840059422, 0.2659074028224808, 0.2834860113889577, 0.30403565238920527, 0.32829908393166624, 0.34043079970289675, 0.34513493438970044, 0.34736320871502846, 0.3488487249319138, 0.35008665511265163, 0.3505818271849468, 0.3510769992572419, 0.351572171329537, 0.35181975736568455, 0.35181975736568455, 0.35206734340183216, 0.35206734340183216, 0.35206734340183216]
--------------------------------------------
outputs[ 17 ]=[0.0, 0.0, 0.0, 0.0, 0.0, 0.0002475860361475613, 0.0002475860361475613, 0.0002475860361475613, 0.0002475860361475613, 0.0002475860361475613, 0.0002475860361475613, 0.0002475860361475613, 0.0002475860361475613, 0.0002475860361475613, 0.0002475860361475613, 0.0002475860361475613, 0.0002475860361475613, 0.0002475860361475613, 0.0002475860361475613, 0.0002475860361475613, 0.0002475860361475613, 0.0002475860361475613, 0.0002475860361475613, 0.0002475860361475613, 0.0002475860361475613, 0.0002475860361475613, 0.0002475860361475613, 0.0002475860361475613, 0.0002475860361475613, 0.0002475860361475613, 0.0002475860361475613, 0.0002475860361475613, 0.0002475860361475613, 0.0002475860361475613, 0.0002475860361475613, 0.0002475860361475613, 0.0002475860361475613, 0.0002475860361475613, 0.0002475860361475613, 0.0002475860361475613, 0.0002475860361475613, 0.0002475860361475613, 0.0002475860361475613, 0.0002475860361475613, 0.0002475860361475613, 0.0002475860361475613, 0.0002475860361475613, 0.0002475860361475613, 0.0002475860361475613, 0.0002475860361475613, 0.0002475860361475613, 0.0002475860361475613, 0.0002475860361475613, 0.0002475860361475613, 0.0002475860361475613]
--------------------------------------------
outputs[ 18 ]=[0.0, 0.0, 0.0, 0.0, 0.0, 0.0002475860361475613, 0.0004951720722951226, 0.0009903441445902451, 0.0019806882891804903, 0.003961376578360981, 0.007922753156721961, 0.011884129735082941, 0.01733102253032929, 0.02079722703639515, 0.02352067343401832, 0.025253775687051252, 0.025996533795493933, 0.026491705867789057, 0.02673929190393662, 0.02673929190393662, 0.02673929190393662, 0.02673929190393662, 0.02673929190393662, 0.02673929190393662, 0.02673929190393662, 0.02673929190393662, 0.02673929190393662, 0.02673929190393662, 0.02673929190393662, 0.02673929190393662, 0.02673929190393662, 0.02673929190393662, 0.02673929190393662, 0.02673929190393662, 0.02673929190393662, 0.02673929190393662, 0.02673929190393662, 0.02673929190393662, 0.02673929190393662, 0.02673929190393662, 0.02673929190393662, 0.02673929190393662, 0.02673929190393662, 0.02673929190393662, 0.02673929190393662, 0.02673929190393662, 0.02673929190393662, 0.02673929190393662, 0.02673929190393662, 0.02673929190393662, 0.02673929190393662, 0.02673929190393662, 0.02673929190393662, 0.02673929190393662, 0.02673929190393662]
--------------------------------------------
outputs[ 19 ]=[0.0, 0.0, 0.0, 0.0, 0.0, 0.0002475860361475613, 0.0009903441445902451, 0.0022282743253280515, 0.005446892795246348, 0.011141371626640258, 0.029957910373854913, 0.0703144342659074, 0.09457786580836841, 0.10571923743500866, 0.11388957662787819, 0.11809853924238672, 0.11908888338697697, 0.12007922753156722, 0.12057439960386235, 0.12057439960386235, 0.1208219856400099, 0.1208219856400099, 0.1208219856400099, 0.1208219856400099, 0.1208219856400099, 0.1208219856400099, 0.1208219856400099, 0.1208219856400099, 0.1208219856400099, 0.1208219856400099, 0.1208219856400099, 0.1208219856400099, 0.1208219856400099, 0.1208219856400099, 0.1208219856400099, 0.1208219856400099, 0.1208219856400099, 0.1208219856400099, 0.1208219856400099, 0.1208219856400099, 0.1208219856400099, 0.1208219856400099, 0.1208219856400099, 0.1208219856400099, 0.1208219856400099, 0.1208219856400099, 0.1208219856400099, 0.1208219856400099, 0.1208219856400099, 0.1208219856400099, 0.1208219856400099, 0.1208219856400099, 0.1208219856400099, 0.1208219856400099, 0.1208219856400099]
--------------------------------------------
avg_output=[0.0, 0.0, 0.0, 0.0, 0.0, 0.00024758603614756134, 0.0015350334241148803, 0.006944788313939093, 0.014681851943550381, 0.025204258479821738, 0.03499628620945778, 0.048242139143352326, 0.06700916068333745, 0.08658083684080217, 0.10690765040851695, 0.12636791284971527, 0.14263431542461003, 0.15765040851695963, 0.1732854666996782, 0.18951473136915076, 0.20512503094825454, 0.22281505323099782, 0.23754642238177767, 0.24965337954939343, 0.2598044070314435, 0.2678014359990097, 0.27579846496657595, 0.2828670462985888, 0.2879054221341916, 0.29166872988363457, 0.29483783114632334, 0.2969423124535776, 0.298266897746967, 0.2991582074770983, 0.30011141371626643, 0.3008665511265164, 0.3019683089873731, 0.3029215152265412, 0.30406041099282, 0.30524882396632824, 0.3064991334488735, 0.30786085664768503, 0.3084922010398613, 0.30872740777420155, 0.3088512007922753, 0.30893785590492695, 0.3089997524139638, 0.3090245110175786, 0.3090492696211934, 0.3090740282248081, 0.3090864075266155, 0.3090864075266155, 0.30909878682842284, 0.30909878682842284, 0.30909878682842284]
