outputs[ 0 ]=[0.0, 0.0, 0.0, 0.0, 0.0, 0.0002475860361475613, 0.0024758603614756128, 0.014359990096558554, 0.03218618469918297, 0.05025996533795494, 0.07774201535033425, 0.09903441445902451, 0.11438474870017332, 0.14681851943550384, 0.18519435503837584, 0.20103986135181975, 0.22579846496657588, 0.27407774201535035, 0.3119584055459272, 0.3562763060163407, 0.39787076008913097, 0.4335231492943798, 0.4867541470661055, 0.502847239415697, 0.5181975736568457, 0.5290913592473384, 0.5362713542956177, 0.5432037633077494, 0.549641000247586, 0.5518692745729141, 0.5573161673681605, 0.5610299579103738, 0.5620203020549641, 0.5627630601634068, 0.5630106461995543, 0.5630106461995543, 0.5632582322357019, 0.5635058182718494, 0.563753404307997, 0.563753404307997, 0.563753404307997, 0.563753404307997, 0.563753404307997, 0.563753404307997, 0.563753404307997, 0.563753404307997, 0.563753404307997, 0.563753404307997, 0.563753404307997, 0.563753404307997, 0.563753404307997, 0.563753404307997, 0.563753404307997, 0.563753404307997, 0.563753404307997]
--------------------------------------------
outputs[ 1 ]=[0.0, 0.0, 0.0, 0.0, 0.0, 0.0002475860361475613, 0.0009903441445902451, 0.0037137905422134194, 0.00965585540975489, 0.025996533795493933, 0.050507551374102504, 0.08269373607328546, 0.10200544689279524, 0.11364199059173062, 0.12007922753156722, 0.12453577618222332, 0.12701163654369893, 0.13617231988115872, 0.18123297846001485, 0.21193364694231245, 0.2485763802921515, 0.31988115870264916, 0.38375835602872, 0.45233968804159447, 0.47907897994553106, 0.49591483040356527, 0.5045803416687299, 0.5157217132953701, 0.523149294379797, 0.5281010151027482, 0.5310720475365189, 0.5335479078979946, 0.5347858380787324, 0.5355285961871751, 0.5367665263679129, 0.5367665263679129, 0.5370141124040604, 0.5370141124040604, 0.5370141124040604, 0.5370141124040604, 0.5370141124040604, 0.5370141124040604, 0.5370141124040604, 0.5370141124040604, 0.5370141124040604, 0.5370141124040604, 0.5370141124040604, 0.5370141124040604, 0.5370141124040604, 0.5370141124040604, 0.5370141124040604, 0.5370141124040604, 0.5370141124040604, 0.5370141124040604, 0.5370141124040604]
--------------------------------------------
outputs[ 2 ]=[0.0, 0.0, 0.0, 0.0, 0.0, 0.0002475860361475613, 0.0007427581084426838, 0.003961376578360981, 0.028719980193117108, 0.06164892300074276, 0.07501856895271107, 0.09581579598910621, 0.14904679376083188, 0.21762812577370635, 0.28719980193117106, 0.3230997771725675, 0.3466204506065858, 0.3575142361970785, 0.3689031938598663, 0.38648180242634317, 0.4147066105471651, 0.45432037633077493, 0.48130725427085913, 0.5085417182470908, 0.5444416934884873, 0.5706858133201288, 0.5825699430552117, 0.591978212428819, 0.599900965585541, 0.6085664768507056, 0.6125278534290666, 0.6142609556820995, 0.6152512998266898, 0.61624164397128, 0.6164892300074276, 0.6167368160435751, 0.6167368160435751, 0.6167368160435751, 0.6167368160435751, 0.6167368160435751, 0.6167368160435751, 0.6167368160435751, 0.6167368160435751, 0.6167368160435751, 0.6167368160435751, 0.6167368160435751, 0.6167368160435751, 0.6167368160435751, 0.6167368160435751, 0.6167368160435751, 0.6167368160435751, 0.6167368160435751, 0.6167368160435751, 0.6167368160435751, 0.6167368160435751]
--------------------------------------------
outputs[ 3 ]=[0.0, 0.0, 0.0, 0.0, 0.0, 0.0002475860361475613, 0.0012379301807378064, 0.006437236939836593, 0.021787571180985392, 0.03441445902451102, 0.04060410992820005, 0.04679376083188908, 0.05793513245852934, 0.07947511760336717, 0.09853924238672938, 0.10992820004951721, 0.11760336717009161, 0.12453577618222332, 0.1297350829413221, 0.1336964595196831, 0.14013369645951967, 0.16934884872493192, 0.20698192621936123, 0.22876949740034663, 0.26318395642485765, 0.31121564743748453, 0.36568457538994803, 0.41916315919782127, 0.4929437979697945, 0.5367665263679129, 0.5664768507056201, 0.5872740777420153, 0.5976726912602129, 0.6041099282000495, 0.610051993067591, 0.6142609556820995, 0.6172319881158702, 0.618469918296608, 0.6189650903689032, 0.6194602624411983, 0.6194602624411983, 0.6194602624411983, 0.6194602624411983, 0.6194602624411983, 0.6194602624411983, 0.6194602624411983, 0.6194602624411983, 0.6194602624411983, 0.6194602624411983, 0.6194602624411983, 0.6194602624411983, 0.6194602624411983, 0.6194602624411983, 0.6194602624411983, 0.6194602624411983]
--------------------------------------------
outputs[ 4 ]=[0.0, 0.0, 0.0, 0.0, 0.0, 0.0002475860361475613, 0.0009903441445902451, 0.0019806882891804903, 0.004208962614508541, 0.008417925229017083, 0.02079722703639515, 0.04456548650656103, 0.08145580589254767, 0.1438474870017331, 0.19014607576132705, 0.21119088883386977, 0.22208467442436247, 0.22728398118346124, 0.23099777172567468, 0.23347363208715027, 0.2379301807378064, 0.2485763802921515, 0.27704877444912107, 0.3094825451844516, 0.34290666006437237, 0.3649418172815053, 0.3793018073780639, 0.3911859371131468, 0.4038128249566724, 0.4134686803664273, 0.4231245357761822, 0.4374845258727408, 0.452587274077742, 0.45951968308987373, 0.46372864570438227, 0.46694726417430055, 0.4696707105719237, 0.47090864075266153, 0.4731369150779896, 0.47387967318643226, 0.4743748452587274, 0.47462243129487497, 0.47462243129487497, 0.47462243129487497, 0.47462243129487497, 0.47462243129487497, 0.47462243129487497, 0.47462243129487497, 0.47462243129487497, 0.47462243129487497, 0.47462243129487497, 0.47462243129487497, 0.47462243129487497, 0.47462243129487497, 0.47462243129487497]
--------------------------------------------
outputs[ 5 ]=[0.0, 0.0, 0.0, 0.0, 0.0, 0.0002475860361475613, 0.0029710324337707352, 0.024263431542461005, 0.05075513741025006, 0.09903441445902451, 0.115127506808616, 0.15177024015845506, 0.1975736568457539, 0.21119088883386977, 0.2218370883882149, 0.23471156226788809, 0.26318395642485765, 0.30032186184699183, 0.33399356276306014, 0.35602871998019314, 0.3711314681851944, 0.3862342163901956, 0.40752661549888586, 0.4238672938846249, 0.43575142361970787, 0.45630106461995545, 0.49442931418667985, 0.5179499876206982, 0.5360237682594702, 0.5501361723198812, 0.5625154741272592, 0.5743996038623421, 0.5805892547660312, 0.5838078732359495, 0.5847982173805397, 0.5860361475612775, 0.5867789056697202, 0.5870264917058677, 0.587521663778163, 0.587521663778163, 0.587521663778163, 0.587521663778163, 0.587521663778163, 0.587521663778163, 0.587521663778163, 0.587521663778163, 0.587521663778163, 0.587521663778163, 0.587521663778163, 0.587521663778163, 0.587521663778163, 0.587521663778163, 0.587521663778163, 0.587521663778163, 0.587521663778163]
--------------------------------------------
outputs[ 6 ]=[0.0, 0.0, 0.0, 0.0, 0.0, 0.0002475860361475613, 0.0009903441445902451, 0.002723446397623174, 0.005199306759098787, 0.009160683337459768, 0.017826194602624412, 0.037880663530576876, 0.06189650903689032, 0.11339440455558307, 0.17058677890566973, 0.1923743500866551, 0.20673434018321366, 0.22010398613518198, 0.2480812082198564, 0.28101015102748206, 0.3337459767269126, 0.36221837088388215, 0.4008417925229017, 0.4451596929933152, 0.464471403812825, 0.47982173805397377, 0.4872493191384006, 0.49343897004208964, 0.49740034662045063, 0.49962862094577865, 0.5008665511265165, 0.5016093092349592, 0.5023520673434019, 0.5023520673434019, 0.502847239415697, 0.5030948254518445, 0.5033424114879921, 0.5038375835602872, 0.5038375835602872, 0.5040851695964348, 0.5040851695964348, 0.5040851695964348, 0.5040851695964348, 0.5040851695964348, 0.5040851695964348, 0.5040851695964348, 0.5040851695964348, 0.5040851695964348, 0.5040851695964348, 0.5040851695964348, 0.5040851695964348, 0.5040851695964348, 0.5040851695964348, 0.5040851695964348, 0.5040851695964348]
--------------------------------------------
outputs[ 7 ]=[0.0, 0.0, 0.0, 0.0, 0.0, 0.0002475860361475613, 0.0007427581084426838, 0.0037137905422134194, 0.014359990096558554, 0.03367170091606833, 0.049764793265659815, 0.06709581579598911, 0.09036890319385987, 0.11562267888091111, 0.12453577618222332, 0.12998266897746968, 0.13196335726665015, 0.13320128744738796, 0.13344887348353554, 0.1336964595196831, 0.1336964595196831, 0.1336964595196831, 0.1336964595196831, 0.1336964595196831, 0.1336964595196831, 0.1336964595196831, 0.1336964595196831, 0.1336964595196831, 0.1336964595196831, 0.1336964595196831, 0.1336964595196831, 0.1336964595196831, 0.1336964595196831, 0.1336964595196831, 0.1336964595196831, 0.1336964595196831, 0.1336964595196831, 0.1336964595196831, 0.1336964595196831, 0.1336964595196831, 0.1336964595196831, 0.1336964595196831, 0.1336964595196831, 0.1336964595196831, 0.1336964595196831, 0.1336964595196831, 0.1336964595196831, 0.1336964595196831, 0.1336964595196831, 0.1336964595196831, 0.1336964595196831, 0.1336964595196831, 0.1336964595196831, 0.1336964595196831, 0.1336964595196831]
--------------------------------------------
outputs[ 8 ]=[0.0, 0.0, 0.0, 0.0, 0.0, 0.0002475860361475613, 0.0002475860361475613, 0.0002475860361475613, 0.0002475860361475613, 0.0002475860361475613, 0.0002475860361475613, 0.0002475860361475613, 0.0002475860361475613, 0.0002475860361475613, 0.0002475860361475613, 0.0002475860361475613, 0.0002475860361475613, 0.0002475860361475613, 0.0002475860361475613, 0.0002475860361475613, 0.0002475860361475613, 0.0002475860361475613, 0.0002475860361475613, 0.0002475860361475613, 0.0002475860361475613, 0.0002475860361475613, 0.0002475860361475613, 0.0002475860361475613, 0.0002475860361475613, 0.0002475860361475613, 0.0002475860361475613, 0.0002475860361475613, 0.0002475860361475613, 0.0002475860361475613, 0.0002475860361475613, 0.0002475860361475613, 0.0002475860361475613, 0.0002475860361475613, 0.0002475860361475613, 0.0002475860361475613, 0.0002475860361475613, 0.0002475860361475613, 0.0002475860361475613, 0.0002475860361475613, 0.0002475860361475613, 0.0002475860361475613, 0.0002475860361475613, 0.0002475860361475613, 0.0002475860361475613, 0.0002475860361475613, 0.0002475860361475613, 0.0002475860361475613, 0.0002475860361475613, 0.0002475860361475613, 0.0002475860361475613]
--------------------------------------------
outputs[ 9 ]=[0.0, 0.0, 0.0, 0.0, 0.0, 0.0002475860361475613, 0.007427581084426839, 0.04530824461500371, 0.06635305768754642, 0.08021787571180986, 0.12824956672443674, 0.2141619212676405, 0.3446397623174053, 0.42114384748700173, 0.46645209210200544, 0.49789551869274573, 0.523149294379797, 0.541718247090864, 0.5568209952958653, 0.5699430552116861, 0.579598910621441, 0.5823223570190641, 0.5845506313443922, 0.588016835850458, 0.5902451101757861, 0.5912354543203764, 0.5924733845011141, 0.5932161426095568, 0.5947016588264422, 0.5984154493686556, 0.6006437236939837, 0.6016340678385739, 0.6018816538747215, 0.6018816538747215, 0.6018816538747215, 0.6018816538747215, 0.6018816538747215, 0.6018816538747215, 0.6018816538747215, 0.6018816538747215, 0.6018816538747215, 0.6018816538747215, 0.6018816538747215, 0.6018816538747215, 0.6018816538747215, 0.6018816538747215, 0.6018816538747215, 0.6018816538747215, 0.6018816538747215, 0.6018816538747215, 0.6018816538747215, 0.6018816538747215, 0.6018816538747215, 0.6018816538747215, 0.6018816538747215]
--------------------------------------------
outputs[ 10 ]=[0.0, 0.0, 0.0, 0.0, 0.0, 0.0002475860361475613, 0.0034662045060658577, 0.0319385986630354, 0.06660064372369398, 0.07526615498885862, 0.08814062886853181, 0.11859371131468185, 0.15845506313443922, 0.2116860609061649, 0.27061153750928446, 0.34043079970289675, 0.389948006932409, 0.4312948749690517, 0.4577865808368408, 0.4800693240901213, 0.5092844763555335, 0.5387472146570933, 0.5498885862837336, 0.5602871998019312, 0.565981678633325, 0.5696954691755385, 0.5711809853924239, 0.571676157464719, 0.571676157464719, 0.571676157464719, 0.571676157464719, 0.571676157464719, 0.571676157464719, 0.571676157464719, 0.571676157464719, 0.571676157464719, 0.571676157464719, 0.571676157464719, 0.571676157464719, 0.571676157464719, 0.571676157464719, 0.571676157464719, 0.571676157464719, 0.571676157464719, 0.571676157464719, 0.571676157464719, 0.571676157464719, 0.571676157464719, 0.571676157464719, 0.571676157464719, 0.571676157464719, 0.571676157464719, 0.571676157464719, 0.571676157464719, 0.571676157464719]
--------------------------------------------
outputs[ 11 ]=[0.0, 0.0, 0.0, 0.0, 0.0, 0.0002475860361475613, 0.0009903441445902451, 0.0017331022530329288, 0.0019806882891804903, 0.0029710324337707352, 0.0034662045060658577, 0.004208962614508541, 0.0049517207229512255, 0.006932409012131715, 0.009408269373607328, 0.014607576132706116, 0.022282743253280515, 0.033919286952215896, 0.05620203020549641, 0.09309234959148303, 0.13765783609804408, 0.1834612527853429, 0.2102005446892795, 0.25179499876206984, 0.2886853181480564, 0.31740529834117354, 0.3389452834860114, 0.3523149294379797, 0.3599900965585541, 0.3664273334983907, 0.36865560782371876, 0.36964595196830896, 0.3706362961128992, 0.37360732854666995, 0.379796979450359, 0.3849962862094578, 0.39019559296855655, 0.39489972765536024, 0.3983659321614261, 0.40232730873978706, 0.4065362713542956, 0.4124783362218371, 0.4186679871255261, 0.42238177766773954, 0.4270859123545432, 0.43055211686060907, 0.4327803911859371, 0.4330279772220847, 0.43377073533052735, 0.4342659074028225, 0.43451349343897006, 0.43451349343897006, 0.43451349343897006, 0.43451349343897006, 0.43451349343897006]
--------------------------------------------
outputs[ 12 ]=[0.0, 0.0, 0.0, 0.0, 0.0, 0.0002475860361475613, 0.0002475860361475613, 0.0002475860361475613, 0.0002475860361475613, 0.0002475860361475613, 0.0002475860361475613, 0.0002475860361475613, 0.0002475860361475613, 0.0002475860361475613, 0.0002475860361475613, 0.0002475860361475613, 0.0002475860361475613, 0.0002475860361475613, 0.0002475860361475613, 0.0002475860361475613, 0.0002475860361475613, 0.0002475860361475613, 0.0002475860361475613, 0.0002475860361475613, 0.0002475860361475613, 0.0002475860361475613, 0.0002475860361475613, 0.0002475860361475613, 0.0002475860361475613, 0.0002475860361475613, 0.0002475860361475613, 0.0002475860361475613, 0.0002475860361475613, 0.0002475860361475613, 0.0002475860361475613, 0.0002475860361475613, 0.0002475860361475613, 0.0002475860361475613, 0.0002475860361475613, 0.0002475860361475613, 0.0002475860361475613, 0.0002475860361475613, 0.0002475860361475613, 0.0002475860361475613, 0.0002475860361475613, 0.0002475860361475613, 0.0002475860361475613, 0.0002475860361475613, 0.0002475860361475613, 0.0002475860361475613, 0.0002475860361475613, 0.0002475860361475613, 0.0002475860361475613, 0.0002475860361475613, 0.0002475860361475613]
--------------------------------------------
outputs[ 13 ]=[0.0, 0.0, 0.0, 0.0, 0.0, 0.0002475860361475613, 0.0012379301807378064, 0.0034662045060658577, 0.011884129735082941, 0.03094825451844516, 0.04679376083188908, 0.07378063877197326, 0.1297350829413221, 0.19014607576132705, 0.20252537756870512, 0.2116860609061649, 0.22158950235206734, 0.2488239663282991, 0.282743253280515, 0.33300321861846993, 0.36296112899232486, 0.4020797227036395, 0.44070314434265906, 0.47784104976479325, 0.5095320623916811, 0.5199306759098787, 0.5290913592473384, 0.5377568705125031, 0.5444416934884873, 0.5479078979945531, 0.5506313443921763, 0.5521168606090616, 0.5528596187175043, 0.5533547907897994, 0.5540975488982421, 0.5543451349343897, 0.5543451349343897, 0.5548403070066849, 0.55533547907898, 0.5555830651151276, 0.5560782371874227, 0.5565734092597178, 0.5573161673681605, 0.5573161673681605, 0.557563753404308, 0.5578113394404556, 0.5578113394404556, 0.5578113394404556, 0.5578113394404556, 0.5578113394404556, 0.5578113394404556, 0.5578113394404556, 0.5578113394404556, 0.5578113394404556, 0.5578113394404556]
--------------------------------------------
outputs[ 14 ]=[0.0, 0.0, 0.0, 0.0, 0.0, 0.0002475860361475613, 0.0014855162168853676, 0.008417925229017083, 0.01386481802426343, 0.016093092349591484, 0.020549641000247587, 0.06263926714533301, 0.10943302797722208, 0.12453577618222332, 0.16315919782124289, 0.19509779648427827, 0.21440950730378808, 0.24709086407526615, 0.2985887595939589, 0.3327556325823224, 0.36345630106461996, 0.4015845506313444, 0.43253280514978953, 0.4622431294874969, 0.49343897004208964, 0.5177024015845506, 0.5268630849220104, 0.5360237682594702, 0.5432037633077494, 0.5528596187175043, 0.5612775439465214, 0.5647437484525872, 0.5674671948502105, 0.5701906412478336, 0.5714285714285714, 0.5719237435008665, 0.5726665016093092, 0.5729140876454568, 0.5729140876454568, 0.5729140876454568, 0.5729140876454568, 0.5729140876454568, 0.5729140876454568, 0.5729140876454568, 0.5729140876454568, 0.5729140876454568, 0.5729140876454568, 0.5729140876454568, 0.5729140876454568, 0.5729140876454568, 0.5729140876454568, 0.5729140876454568, 0.5729140876454568, 0.5729140876454568, 0.5729140876454568]
--------------------------------------------
outputs[ 15 ]=[0.0, 0.0, 0.0, 0.0, 0.0, 0.0002475860361475613, 0.0002475860361475613, 0.0002475860361475613, 0.0002475860361475613, 0.0002475860361475613, 0.0002475860361475613, 0.0002475860361475613, 0.0002475860361475613, 0.0002475860361475613, 0.0002475860361475613, 0.0002475860361475613, 0.0002475860361475613, 0.0002475860361475613, 0.0002475860361475613, 0.0002475860361475613, 0.0002475860361475613, 0.0002475860361475613, 0.0002475860361475613, 0.0002475860361475613, 0.0002475860361475613, 0.0002475860361475613, 0.0002475860361475613, 0.0002475860361475613, 0.0002475860361475613, 0.0002475860361475613, 0.0002475860361475613, 0.0002475860361475613, 0.0002475860361475613, 0.0002475860361475613, 0.0002475860361475613, 0.0002475860361475613, 0.0002475860361475613, 0.0002475860361475613, 0.0002475860361475613, 0.0002475860361475613, 0.0002475860361475613, 0.0002475860361475613, 0.0002475860361475613, 0.0002475860361475613, 0.0002475860361475613, 0.0002475860361475613, 0.0002475860361475613, 0.0002475860361475613, 0.0002475860361475613, 0.0002475860361475613, 0.0002475860361475613, 0.0002475860361475613, 0.0002475860361475613, 0.0002475860361475613, 0.0002475860361475613]
--------------------------------------------
outputs[ 16 ]=[0.0, 0.0, 0.0, 0.0, 0.0, 0.0002475860361475613, 0.0002475860361475613, 0.0002475860361475613, 0.0004951720722951226, 0.0019806882891804903, 0.008417925229017083, 0.02475860361475613, 0.06858133201287447, 0.11537509284476355, 0.14681851943550384, 0.17925229017083436, 0.2012874473879673, 0.21317157712305027, 0.22332260460510028, 0.23867293884624907, 0.2659074028224808, 0.2956177271601882, 0.32260460510027233, 0.33473632087150285, 0.3396880415944541, 0.3434018321366675, 0.34563010646199555, 0.34860113889576627, 0.3498390690765041, 0.3510769992572419, 0.351572171329537, 0.351572171329537, 0.351572171329537, 0.35181975736568455, 0.35181975736568455, 0.35181975736568455, 0.35181975736568455, 0.35181975736568455, 0.35181975736568455, 0.35181975736568455, 0.35181975736568455, 0.35181975736568455, 0.35181975736568455, 0.35181975736568455, 0.35181975736568455, 0.35181975736568455, 0.35181975736568455, 0.35181975736568455, 0.35181975736568455, 0.35181975736568455, 0.35181975736568455, 0.35181975736568455, 0.35181975736568455, 0.35181975736568455, 0.35181975736568455]
--------------------------------------------
outputs[ 17 ]=[0.0, 0.0, 0.0, 0.0, 0.0, 0.0002475860361475613, 0.0007427581084426838, 0.0007427581084426838, 0.0009903441445902451, 0.0009903441445902451, 0.0009903441445902451, 0.0009903441445902451, 0.0009903441445902451, 0.0009903441445902451, 0.0009903441445902451, 0.0009903441445902451, 0.0009903441445902451, 0.0009903441445902451, 0.0009903441445902451, 0.0009903441445902451, 0.0009903441445902451, 0.0009903441445902451, 0.0009903441445902451, 0.0009903441445902451, 0.0009903441445902451, 0.0009903441445902451, 0.0009903441445902451, 0.0009903441445902451, 0.0009903441445902451, 0.0009903441445902451, 0.0009903441445902451, 0.0009903441445902451, 0.0009903441445902451, 0.0009903441445902451, 0.0009903441445902451, 0.0009903441445902451, 0.0009903441445902451, 0.0009903441445902451, 0.0009903441445902451, 0.0009903441445902451, 0.0009903441445902451, 0.0009903441445902451, 0.0009903441445902451, 0.0009903441445902451, 0.0009903441445902451, 0.0009903441445902451, 0.0009903441445902451, 0.0009903441445902451, 0.0009903441445902451, 0.0009903441445902451, 0.0009903441445902451, 0.0009903441445902451, 0.0009903441445902451, 0.0009903441445902451, 0.0009903441445902451]
--------------------------------------------
outputs[ 18 ]=[0.0, 0.0, 0.0, 0.0, 0.0, 0.0002475860361475613, 0.0012379301807378064, 0.009903441445902451, 0.02921515226541223, 0.038128249566724434, 0.0428323842535281, 0.045060658578856154, 0.05075513741025006, 0.07130477841049765, 0.09185441941074524, 0.10324337707353305, 0.11166130230255014, 0.11686060906164893, 0.11983164149541965, 0.12205991582074771, 0.1260212923991087, 0.13394404555583064, 0.15994057935132458, 0.21515226541223076, 0.24610051993067592, 0.2852191136419906, 0.3179004704134687, 0.349343897004209, 0.37435008665511266, 0.39366179747462243, 0.40406041099282003, 0.40802178757118096, 0.4100024758603615, 0.41198316414954195, 0.4124783362218371, 0.4129735082941322, 0.41396385243872247, 0.41594454072790293, 0.41842040108937856, 0.420401089378559, 0.4226293637038871, 0.42535281010151027, 0.4270859123545432, 0.42881901460757615, 0.43104728893290417, 0.432285219113642, 0.4335231492943798, 0.4335231492943798, 0.43377073533052735, 0.43377073533052735, 0.43377073533052735, 0.43377073533052735, 0.43377073533052735, 0.43377073533052735, 0.43377073533052735]
--------------------------------------------
outputs[ 19 ]=[0.0, 0.0, 0.0, 0.0, 0.0, 0.0002475860361475613, 0.0004951720722951226, 0.0009903441445902451, 0.0009903441445902451, 0.0009903441445902451, 0.0009903441445902451, 0.0009903441445902451, 0.0009903441445902451, 0.0009903441445902451, 0.0009903441445902451, 0.0009903441445902451, 0.0009903441445902451, 0.0009903441445902451, 0.0009903441445902451, 0.0009903441445902451, 0.0009903441445902451, 0.0009903441445902451, 0.0009903441445902451, 0.0009903441445902451, 0.0009903441445902451, 0.0009903441445902451, 0.0009903441445902451, 0.0009903441445902451, 0.0009903441445902451, 0.0009903441445902451, 0.0009903441445902451, 0.0009903441445902451, 0.0009903441445902451, 0.0009903441445902451, 0.0009903441445902451, 0.0009903441445902451, 0.0009903441445902451, 0.0009903441445902451, 0.0009903441445902451, 0.0009903441445902451, 0.0009903441445902451, 0.0009903441445902451, 0.0009903441445902451, 0.0009903441445902451, 0.0009903441445902451, 0.0009903441445902451, 0.0009903441445902451, 0.0009903441445902451, 0.0009903441445902451, 0.0009903441445902451, 0.0009903441445902451, 0.0009903441445902451, 0.0009903441445902451, 0.0009903441445902451, 0.0009903441445902451]
--------------------------------------------
avg_output=[0.0, 0.0, 0.0, 0.0, 0.0, 0.00024758603614756134, 0.0014607576132706116, 0.008232235701906409, 0.0179995048279277, 0.028546669967813815, 0.039428076256499134, 0.058578856152513, 0.08619707848477345, 0.11427333498390693, 0.1375835602871998, 0.15358999752413965, 0.16640257489477595, 0.18044070314434263, 0.19681851943550382, 0.21324585293389445, 0.23127011636543698, 0.2524139638524387, 0.27405298341173556, 0.2948749690517455, 0.31090616489230005, 0.32444912106957163, 0.335429561772716, 0.3448997276553602, 0.35387472146570925, 0.360349096310968, 0.36494181728150527, 0.3682718494676899, 0.3703887100767516, 0.3717628125773706, 0.3728645704382272, 0.37364446645209204, 0.37435008665511255, 0.3748947759346372, 0.3753899480069324, 0.3757737063629611, 0.37614508541718245, 0.3766154988858628, 0.377048774449121, 0.3773211190888833, 0.37768011884129726, 0.37792770487744487, 0.37810101510274813, 0.3781133944045555, 0.378162911611785, 0.3781876702153998, 0.3782000495172072, 0.3782000495172072, 0.3782000495172072, 0.3782000495172072, 0.3782000495172072]
