outputs[ 0 ]=[0.0, 0.0, 0.0, 0.0, 0.0, 0.0002475860361475613, 0.0019806882891804903, 0.0059420648675414705, 0.012626887843525626, 0.030700668482297598, 0.1260212923991087, 0.15994057935132458, 0.1733102253032929, 0.18519435503837584, 0.24659569200297105, 0.2829908393166625, 0.3023025501361723, 0.3151770240158455, 0.3344887348353553, 0.38573904431790046, 0.4449121069571676, 0.5256251547412726, 0.6157464718989849, 0.6655112651646448, 0.7019064124783362, 0.7202277791532558, 0.7383015597920277, 0.7593463728645704, 0.7756870512503095, 0.7803911859371131, 0.7821242881901461, 0.7833622183708839, 0.7836098044070314, 0.7841049764793265, 0.7841049764793265, 0.7841049764793265, 0.7841049764793265, 0.7841049764793265, 0.7841049764793265, 0.7841049764793265, 0.7841049764793265, 0.7841049764793265, 0.7841049764793265]
outputs_edges[ 0 ]=[0, 0, 0, 0, 0, 0, 0, 2479, 4958, 8695, 12484, 16273, 16273, 16273, 16273, 16273, 20283, 23329, 26420, 29511, 32602, 35641, 38680, 38680, 38680, 38680, 38680, 38680, 38680, 38680, 38680, 38680, 38680, 38680, 38680, 38680, 38680, 38680, 38680, 38680, 38680, 38680, 38680]
--------------------------------------------
outputs[ 1 ]=[0.0, 0.0, 0.0, 0.0, 0.0, 0.0002475860361475613, 0.0012379301807378064, 0.006684822975984155, 0.021787571180985392, 0.0415944540727903, 0.05793513245852934, 0.07501856895271107, 0.08913097301312206, 0.11686060906164893, 0.18816538747214656, 0.2379301807378064, 0.3223570190641248, 0.4164397128001981, 0.49789551869274573, 0.6033671700916068, 0.6570933399356277, 0.6840802178757118, 0.6984402079722704, 0.7080960633820252, 0.7147808863580094, 0.7189898489725179, 0.7217132953701412, 0.7249319138400594, 0.7283981183461253, 0.7306263926714534, 0.7323594949244863, 0.7328546669967814, 0.733102253032929, 0.733102253032929, 0.7333498390690765, 0.7333498390690765, 0.7333498390690765, 0.7333498390690765, 0.7333498390690765, 0.7333498390690765, 0.7333498390690765, 0.7333498390690765, 0.7333498390690765]
outputs_edges[ 1 ]=[0, 0, 0, 0, 0, 0, 0, 0, 0, 0, 0, 3524, 7048, 12570, 18998, 25426, 31659, 36634, 41437, 45236, 45236, 45236, 45236, 45236, 45236, 45236, 45236, 45236, 45236, 45236, 45236, 45236, 45236, 45236, 45236, 45236, 45236, 45236, 45236, 45236, 45236, 45236, 45236]
--------------------------------------------
outputs[ 2 ]=[0.0, 0.0, 0.0, 0.0, 0.0, 0.0002475860361475613, 0.0007427581084426838, 0.0019806882891804903, 0.0059420648675414705, 0.018073780638771974, 0.0351572171329537, 0.04530824461500371, 0.05199306759098787, 0.09185441941074524, 0.15251299826689774, 0.2045060658578856, 0.27457291408764545, 0.3087397870760089, 0.32582322357019067, 0.351572171329537, 0.4104976479326566, 0.46075761327061154, 0.4820500123793018, 0.49442931418667985, 0.5003713790542214, 0.5035899975241397, 0.505075513741025, 0.5068086159940579, 0.5095320623916811, 0.5100272344639762, 0.5100272344639762, 0.5100272344639762, 0.5100272344639762, 0.5100272344639762, 0.5100272344639762, 0.5100272344639762, 0.5100272344639762, 0.5100272344639762, 0.5100272344639762, 0.5100272344639762, 0.5100272344639762, 0.5100272344639762, 0.5100272344639762]
outputs_edges[ 2 ]=[0, 0, 0, 0, 0, 0, 0, 0, 0, 0, 0, 3789, 7578, 11698, 15766, 20313, 24905, 28591, 30953, 33315, 33315, 33315, 33315, 33315, 33315, 33315, 33315, 33315, 33315, 33315, 33315, 33315, 33315, 33315, 33315, 33315, 33315, 33315, 33315, 33315, 33315, 33315, 33315]
--------------------------------------------
outputs[ 3 ]=[0.0, 0.0, 0.0, 0.0, 0.0, 0.0002475860361475613, 0.0009903441445902451, 0.0012379301807378064, 0.0032186184699182965, 0.015350334241148799, 0.047288932904184205, 0.08195097796484278, 0.13840059420648676, 0.2250557068581332, 0.26491705867789056, 0.31864322852191135, 0.38697697449863827, 0.4060410992820005, 0.418172815053231, 0.4265907402822481, 0.43154246100519933, 0.4347610794751176, 0.43723693983659323, 0.4416934884872493, 0.4518445159692993, 0.4657093339935628, 0.4795741520178262, 0.5011141371626641, 0.5169596434761079, 0.5229017083436495, 0.5288437732111909, 0.5330527358256995, 0.5347858380787324, 0.5365189403317653, 0.5397375588016836, 0.541718247090864, 0.5432037633077494, 0.5439465214161922, 0.5439465214161922, 0.5439465214161922, 0.5439465214161922, 0.5439465214161922, 0.5439465214161922]
outputs_edges[ 3 ]=[0, 0, 0, 0, 0, 0, 0, 0, 0, 3508, 8286, 13970, 19654, 25338, 30154, 34970, 34970, 34970, 34970, 34970, 34970, 34970, 34970, 34970, 34970, 34970, 34970, 34970, 34970, 34970, 34970, 34970, 34970, 34970, 34970, 34970, 34970, 34970, 34970, 34970, 34970, 34970, 34970]
--------------------------------------------
outputs[ 4 ]=[0.0, 0.0, 0.0, 0.0, 0.0, 0.0002475860361475613, 0.0009903441445902451, 0.0022282743253280515, 0.003961376578360981, 0.0049517207229512255, 0.005446892795246348, 0.009160683337459768, 0.020054468927952464, 0.041842040108937856, 0.060658578856152515, 0.07699925724189156, 0.09309234959148303, 0.10299579103738549, 0.11388957662787819, 0.13196335726665015, 0.22728398118346124, 0.3216142609556821, 0.3815300817033919, 0.46075761327061154, 0.5246348105966824, 0.5823223570190641, 0.6187175043327556, 0.6362961128992325, 0.6457043822728398, 0.6511512750680861, 0.6533795493934142, 0.6551126516464472, 0.6556078237187423, 0.6558554097548899, 0.6558554097548899, 0.6558554097548899, 0.6558554097548899, 0.6558554097548899, 0.6558554097548899, 0.6558554097548899, 0.6558554097548899, 0.6558554097548899, 0.6558554097548899]
outputs_edges[ 4 ]=[0, 0, 0, 0, 0, 0, 0, 0, 0, 0, 0, 0, 0, 0, 0, 0, 3807, 8884, 15673, 22936, 30199, 37417, 43517, 48936, 54355, 54355, 54355, 54355, 54355, 54355, 54355, 54355, 54355, 54355, 54355, 54355, 54355, 54355, 54355, 54355, 54355, 54355, 54355]
--------------------------------------------
outputs[ 5 ]=[0.0, 0.0, 0.0, 0.0, 0.0, 0.0002475860361475613, 0.0012379301807378064, 0.008170339192869523, 0.02153998514483783, 0.03738549145828175, 0.05620203020549641, 0.07922753156721961, 0.10745233968804159, 0.16142609556820994, 0.2560039613765784, 0.3082446150037138, 0.35479078979945533, 0.38351076999257244, 0.43005694478831397, 0.464471403812825, 0.4840307006684823, 0.4914582817529091, 0.49863827680118844, 0.5117603367170092, 0.5404803169101263, 0.5543451349343897, 0.5583065115127507, 0.5590492696211934, 0.5597920277296361, 0.5597920277296361, 0.5600396137657836, 0.5600396137657836, 0.5600396137657836, 0.5600396137657836, 0.5600396137657836, 0.5600396137657836, 0.5600396137657836, 0.5600396137657836, 0.5600396137657836, 0.5600396137657836, 0.5600396137657836, 0.5600396137657836, 0.5600396137657836]
outputs_edges[ 5 ]=[0, 0, 0, 0, 0, 0, 0, 0, 0, 0, 3481, 6962, 10922, 14882, 18842, 22802, 25713, 25713, 25713, 25713, 25713, 25713, 25713, 25713, 25713, 25713, 25713, 25713, 25713, 25713, 25713, 25713, 25713, 25713, 25713, 25713, 25713, 25713, 25713, 25713, 25713, 25713, 25713]
--------------------------------------------
outputs[ 6 ]=[0.0, 0.0, 0.0, 0.0, 0.0, 0.0002475860361475613, 0.0002475860361475613, 0.0004951720722951226, 0.0004951720722951226, 0.0004951720722951226, 0.0004951720722951226, 0.0004951720722951226, 0.0004951720722951226, 0.0004951720722951226, 0.0004951720722951226, 0.0004951720722951226, 0.0004951720722951226, 0.0004951720722951226, 0.0004951720722951226, 0.0004951720722951226, 0.0004951720722951226, 0.0004951720722951226, 0.0004951720722951226, 0.0004951720722951226, 0.0004951720722951226, 0.0004951720722951226, 0.0004951720722951226, 0.0004951720722951226, 0.0004951720722951226, 0.0004951720722951226, 0.0004951720722951226, 0.0004951720722951226, 0.0004951720722951226, 0.0004951720722951226, 0.0004951720722951226, 0.0004951720722951226, 0.0004951720722951226, 0.0004951720722951226, 0.0004951720722951226, 0.0004951720722951226, 0.0004951720722951226, 0.0004951720722951226, 0.0004951720722951226]
outputs_edges[ 6 ]=[0, 0, 0, 0, 0, 0, 0, 0, 0, 0, 0, 0, 0, 0, 0, 0, 0, 0, 0, 0, 0, 0, 0, 0, 0, 0, 0, 0, 0, 0, 0, 0, 0, 0, 0, 0, 0, 0, 0, 0, 0, 0, 0]
--------------------------------------------
outputs[ 7 ]=[0.0, 0.0, 0.0, 0.0, 0.0, 0.0002475860361475613, 0.0012379301807378064, 0.00965585540975489, 0.03887100767516712, 0.0735330527358257, 0.12428819014607576, 0.15696954691755385, 0.17727160188165386, 0.21812329784600148, 0.30601634067838573, 0.38796731864322853, 0.48873483535528595, 0.5323099777172567, 0.5674671948502105, 0.5996533795493935, 0.6098044070314435, 0.6135181975736569, 0.6157464718989849, 0.6172319881158702, 0.62639267145333, 0.6551126516464472, 0.6922505570685813, 0.7123050259965338, 0.7197326070809607, 0.7256746719485021, 0.7269126021292399, 0.7276553602376826, 0.7281505323099777, 0.7283981183461253, 0.7286457043822728, 0.7286457043822728, 0.7286457043822728, 0.7286457043822728, 0.7286457043822728, 0.7286457043822728, 0.7286457043822728, 0.7286457043822728, 0.7286457043822728]
outputs_edges[ 7 ]=[0, 0, 0, 0, 0, 0, 0, 1076, 2152, 4526, 8144, 13672, 18906, 24140, 28919, 33371, 36570, 36570, 36570, 36570, 36570, 36570, 36570, 36570, 36570, 36570, 36570, 36570, 36570, 36570, 36570, 36570, 36570, 36570, 36570, 36570, 36570, 36570, 36570, 36570, 36570, 36570, 36570]
--------------------------------------------
outputs[ 8 ]=[0.0, 0.0, 0.0, 0.0, 0.0, 0.0002475860361475613, 0.002723446397623174, 0.005199306759098787, 0.008417925229017083, 0.016093092349591484, 0.028719980193117108, 0.03540480316910126, 0.041099282000495174, 0.045803416687298835, 0.05174548155484031, 0.09680614013369646, 0.17628125773706363, 0.19336469423124536, 0.24040604109928201, 0.29066600643723695, 0.3208715028472394, 0.3624659569200297, 0.3958900717999505, 0.45283486011388957, 0.47288932904184205, 0.48081208219856403, 0.48378311463233475, 0.48551621688536767, 0.48650656102995793, 0.4867541470661055, 0.4867541470661055, 0.4867541470661055, 0.48700173310225303, 0.48700173310225303, 0.48700173310225303, 0.48700173310225303, 0.48700173310225303, 0.48700173310225303, 0.48700173310225303, 0.48700173310225303, 0.48700173310225303, 0.48700173310225303, 0.48700173310225303]
outputs_edges[ 8 ]=[0, 0, 0, 0, 0, 0, 0, 0, 0, 0, 0, 0, 0, 2531, 6320, 10057, 14638, 20265, 24737, 29209, 33627, 36723, 36723, 36723, 36723, 36723, 36723, 36723, 36723, 36723, 36723, 36723, 36723, 36723, 36723, 36723, 36723, 36723, 36723, 36723, 36723, 36723, 36723]
--------------------------------------------
outputs[ 9 ]=[0.0, 0.0, 0.0, 0.0, 0.0, 0.0002475860361475613, 0.0022282743253280515, 0.010151027482050013, 0.024015845506313444, 0.06090616489230007, 0.17405298341173558, 0.23471156226788809, 0.2634315424610052, 0.2904184204010894, 0.31022530329289427, 0.3325080465461748, 0.3711314681851944, 0.4169348848724932, 0.46818519435503836, 0.4981431047288933, 0.5177024015845506, 0.5285961871750433, 0.5355285961871751, 0.5409754889824214, 0.5432037633077494, 0.547412725922258, 0.5523644466452092, 0.5543451349343897, 0.55533547907898, 0.5560782371874227, 0.5560782371874227, 0.5560782371874227, 0.5560782371874227, 0.5560782371874227, 0.5560782371874227, 0.5560782371874227, 0.5560782371874227, 0.5560782371874227, 0.5560782371874227, 0.5560782371874227, 0.5560782371874227, 0.5560782371874227, 0.5560782371874227]
outputs_edges[ 9 ]=[0, 0, 0, 0, 0, 0, 3478, 6956, 10479, 14002, 17525, 21048, 21048, 24111, 24700, 25289, 25878, 26467, 26467, 26467, 26467, 26467, 26467, 26467, 26467, 26467, 26467, 26467, 26467, 26467, 26467, 26467, 26467, 26467, 26467, 26467, 26467, 26467, 26467, 26467, 26467, 26467, 26467]
--------------------------------------------
avg_output=[0.0, 0.0, 0.0, 0.0, 0.0, 0.0002475860361475613, 0.001361723198811587, 0.00517454815548403, 0.014087645456796236, 0.029908393166625403, 0.06556078237187421, 0.08781876702153998, 0.1062639267145333, 0.1377073533052736, 0.18373359742510526, 0.22470908640752665, 0.2770735330527358, 0.3076008913097302, 0.339688041594454, 0.3752661549888586, 0.41042337212181235, 0.44233721218123295, 0.4661302302550136, 0.4893785590492696, 0.5076999257241892, 0.5229017083436494, 0.5350581827184947, 0.5440207972270363, 0.5498143104728893, 0.552389205248824, 0.5537014112404062, 0.5545432037633078, 0.5548898242139144, 0.5551621688536768, 0.555533547907898, 0.555731616736816, 0.5558801683585046, 0.5559544441693489, 0.5559544441693489, 0.5559544441693489, 0.5559544441693489, 0.5559544441693489, 0.5559544441693489]
avg_output_edges=[0.0, 0.0, 0.0, 0.0, 0.0, 0.0, 347.8, 1051.1, 1758.9, 3073.1, 4992.0, 7923.8, 10142.9, 13154.3, 15997.2, 18850.1, 21842.3, 24142.3, 26294.0, 28392.7, 29869.9, 31205.2, 32119.1, 32661.0, 33202.9, 33202.9, 33202.9, 33202.9, 33202.9, 33202.9, 33202.9, 33202.9, 33202.9, 33202.9, 33202.9, 33202.9, 33202.9, 33202.9, 33202.9, 33202.9, 33202.9, 33202.9, 33202.9]
