outputs[ 0 ]=[0.0, 0.0, 0.0, 0.0, 0.0, 0.0002475860361475613, 0.0007427581084426838, 0.0014855162168853676, 0.0019806882891804903, 0.0029710324337707352, 0.0034662045060658577, 0.0034662045060658577, 0.0034662045060658577, 0.0034662045060658577, 0.0034662045060658577, 0.0034662045060658577, 0.0034662045060658577, 0.0034662045060658577, 0.0034662045060658577, 0.0034662045060658577, 0.0034662045060658577, 0.0034662045060658577, 0.0034662045060658577, 0.0034662045060658577, 0.0034662045060658577, 0.0034662045060658577, 0.0034662045060658577, 0.0034662045060658577, 0.0034662045060658577, 0.0034662045060658577, 0.0034662045060658577, 0.0034662045060658577, 0.0034662045060658577, 0.0034662045060658577, 0.0034662045060658577, 0.0034662045060658577, 0.0034662045060658577]
--------------------------------------------
outputs[ 1 ]=[0.0, 0.0, 0.0, 0.0, 0.0, 0.0002475860361475613, 0.0024758603614756128, 0.012379301807378064, 0.03144342659074028, 0.051250309482545185, 0.06660064372369398, 0.0812082198564001, 0.09234959148304035, 0.09829165635058183, 0.10126268878435256, 0.10274820500123794, 0.10373854914582818, 0.10472889329041841, 0.10472889329041841, 0.10472889329041841, 0.10472889329041841, 0.10472889329041841, 0.10472889329041841, 0.10472889329041841, 0.10472889329041841, 0.10472889329041841, 0.10472889329041841, 0.10472889329041841, 0.10472889329041841, 0.10472889329041841, 0.10472889329041841, 0.10472889329041841, 0.10472889329041841, 0.10472889329041841, 0.10472889329041841, 0.10472889329041841, 0.10472889329041841]
--------------------------------------------
outputs[ 2 ]=[0.0, 0.0, 0.0, 0.0, 0.0, 0.0002475860361475613, 0.0022282743253280515, 0.019064124783362217, 0.05496410002475861, 0.09061648923000742, 0.16093092349591484, 0.20351572171329538, 0.23471156226788809, 0.24337707353305274, 0.24535776182223323, 0.24659569200297105, 0.2468432780391186, 0.24709086407526615, 0.24709086407526615, 0.24709086407526615, 0.24709086407526615, 0.24709086407526615, 0.24709086407526615, 0.24709086407526615, 0.24709086407526615, 0.24709086407526615, 0.24709086407526615, 0.24709086407526615, 0.24709086407526615, 0.24709086407526615, 0.24709086407526615, 0.24709086407526615, 0.24709086407526615, 0.24709086407526615, 0.24709086407526615, 0.24709086407526615, 0.24709086407526615]
--------------------------------------------
outputs[ 3 ]=[0.0, 0.0, 0.0, 0.0, 0.0, 0.0002475860361475613, 0.002723446397623174, 0.009160683337459768, 0.00965585540975489, 0.010646199554345134, 0.014607576132706116, 0.03094825451844516, 0.060658578856152515, 0.08071304778410497, 0.08516959643476107, 0.08739787076008913, 0.08838821490467938, 0.08838821490467938, 0.08863580094082693, 0.08863580094082693, 0.08863580094082693, 0.08863580094082693, 0.08863580094082693, 0.08863580094082693, 0.08863580094082693, 0.08863580094082693, 0.08863580094082693, 0.08863580094082693, 0.08863580094082693, 0.08863580094082693, 0.08863580094082693, 0.08863580094082693, 0.08863580094082693, 0.08863580094082693, 0.08863580094082693, 0.08863580094082693, 0.08863580094082693]
--------------------------------------------
outputs[ 4 ]=[0.0, 0.0, 0.0, 0.0, 0.0, 0.0002475860361475613, 0.0009903441445902451, 0.004456548650656103, 0.016340678385739046, 0.0319385986630354, 0.08096063382025254, 0.17306263926714532, 0.19534538252042585, 0.2116860609061649, 0.21985640009903443, 0.2230750185689527, 0.22604605100272346, 0.2282743253280515, 0.22901708343649418, 0.22926466947264174, 0.22951225550878931, 0.22975984154493687, 0.23000742758108442, 0.23050259965337955, 0.2307501856895271, 0.2307501856895271, 0.2307501856895271, 0.2307501856895271, 0.2307501856895271, 0.2307501856895271, 0.2307501856895271, 0.2307501856895271, 0.2307501856895271, 0.2307501856895271, 0.2307501856895271, 0.2307501856895271, 0.2307501856895271]
--------------------------------------------
outputs[ 5 ]=[0.0, 0.0, 0.0, 0.0, 0.0, 0.0002475860361475613, 0.0009903441445902451, 0.0049517207229512255, 0.012131715771230503, 0.024511017578608567, 0.09680614013369646, 0.23693983659321613, 0.3332508046546175, 0.41025006189650903, 0.4810596682347116, 0.5268630849220104, 0.5523644466452092, 0.5709333993562763, 0.5803416687298837, 0.584055459272097, 0.5865313196335726, 0.587521663778163, 0.5877692498143104, 0.5877692498143104, 0.588016835850458, 0.588016835850458, 0.588016835850458, 0.588016835850458, 0.588016835850458, 0.588016835850458, 0.588016835850458, 0.588016835850458, 0.588016835850458, 0.588016835850458, 0.588016835850458, 0.588016835850458, 0.588016835850458]
--------------------------------------------
outputs[ 6 ]=[0.0, 0.0, 0.0, 0.0, 0.0, 0.0002475860361475613, 0.0002475860361475613, 0.0004951720722951226, 0.0014855162168853676, 0.0019806882891804903, 0.0022282743253280515, 0.0022282743253280515, 0.0022282743253280515, 0.0022282743253280515, 0.0022282743253280515, 0.0022282743253280515, 0.0022282743253280515, 0.0022282743253280515, 0.0022282743253280515, 0.0022282743253280515, 0.0022282743253280515, 0.0022282743253280515, 0.0022282743253280515, 0.0022282743253280515, 0.0022282743253280515, 0.0022282743253280515, 0.0022282743253280515, 0.0022282743253280515, 0.0022282743253280515, 0.0022282743253280515, 0.0022282743253280515, 0.0022282743253280515, 0.0022282743253280515, 0.0022282743253280515, 0.0022282743253280515, 0.0022282743253280515, 0.0022282743253280515]
--------------------------------------------
outputs[ 7 ]=[0.0, 0.0, 0.0, 0.0, 0.0, 0.0002475860361475613, 0.0004951720722951226, 0.0017331022530329288, 0.007179995048279277, 0.011141371626640258, 0.014855162168853677, 0.018568952711067097, 0.02500618965090369, 0.042089626145085414, 0.06660064372369398, 0.08368408021787571, 0.09284476355533548, 0.10076751671205744, 0.10324337707353305, 0.10497647932656598, 0.10547165139886111, 0.10571923743500866, 0.10596682347115623, 0.10596682347115623, 0.10596682347115623, 0.10596682347115623, 0.10596682347115623, 0.10596682347115623, 0.10596682347115623, 0.10596682347115623, 0.10596682347115623, 0.10596682347115623, 0.10596682347115623, 0.10596682347115623, 0.10596682347115623, 0.10596682347115623, 0.10596682347115623]
--------------------------------------------
outputs[ 8 ]=[0.0, 0.0, 0.0, 0.0, 0.0, 0.0002475860361475613, 0.004208962614508541, 0.028224808120821985, 0.0460510027234464, 0.06239168110918544, 0.09185441941074524, 0.11388957662787819, 0.13790542213419163, 0.15375092844763555, 0.15994057935132458, 0.16266402574894775, 0.16315919782124289, 0.16365436989353802, 0.16365436989353802, 0.16365436989353802, 0.16365436989353802, 0.16365436989353802, 0.16365436989353802, 0.16365436989353802, 0.16365436989353802, 0.16365436989353802, 0.16365436989353802, 0.16365436989353802, 0.16365436989353802, 0.16365436989353802, 0.16365436989353802, 0.16365436989353802, 0.16365436989353802, 0.16365436989353802, 0.16365436989353802, 0.16365436989353802, 0.16365436989353802]
--------------------------------------------
outputs[ 9 ]=[0.0, 0.0, 0.0, 0.0, 0.0, 0.0002475860361475613, 0.0019806882891804903, 0.004208962614508541, 0.004704134686803664, 0.009903441445902451, 0.04134686803664273, 0.10299579103738549, 0.1336964595196831, 0.15003713790542214, 0.15994057935132458, 0.1661302302550136, 0.16761574647189897, 0.16860609061648923, 0.16885367665263679, 0.16885367665263679, 0.16885367665263679, 0.16885367665263679, 0.16885367665263679, 0.16885367665263679, 0.16885367665263679, 0.16885367665263679, 0.16885367665263679, 0.16885367665263679, 0.16885367665263679, 0.16885367665263679, 0.16885367665263679, 0.16885367665263679, 0.16885367665263679, 0.16885367665263679, 0.16885367665263679, 0.16885367665263679, 0.16885367665263679]
--------------------------------------------
outputs[ 10 ]=[0.0, 0.0, 0.0, 0.0, 0.0, 0.0002475860361475613, 0.016340678385739046, 0.05323099777172567, 0.05694478831393909, 0.057439960386234216, 0.057687546422381775, 0.057687546422381775, 0.057687546422381775, 0.057687546422381775, 0.057687546422381775, 0.057687546422381775, 0.057687546422381775, 0.057687546422381775, 0.057687546422381775, 0.057687546422381775, 0.057687546422381775, 0.057687546422381775, 0.057687546422381775, 0.057687546422381775, 0.057687546422381775, 0.057687546422381775, 0.057687546422381775, 0.057687546422381775, 0.057687546422381775, 0.057687546422381775, 0.057687546422381775, 0.057687546422381775, 0.057687546422381775, 0.057687546422381775, 0.057687546422381775, 0.057687546422381775, 0.057687546422381775]
--------------------------------------------
outputs[ 11 ]=[0.0, 0.0, 0.0, 0.0, 0.0, 0.0002475860361475613, 0.0002475860361475613, 0.0002475860361475613, 0.0002475860361475613, 0.0002475860361475613, 0.0002475860361475613, 0.0002475860361475613, 0.0002475860361475613, 0.0002475860361475613, 0.0002475860361475613, 0.0002475860361475613, 0.0002475860361475613, 0.0002475860361475613, 0.0002475860361475613, 0.0002475860361475613, 0.0002475860361475613, 0.0002475860361475613, 0.0002475860361475613, 0.0002475860361475613, 0.0002475860361475613, 0.0002475860361475613, 0.0002475860361475613, 0.0002475860361475613, 0.0002475860361475613, 0.0002475860361475613, 0.0002475860361475613, 0.0002475860361475613, 0.0002475860361475613, 0.0002475860361475613, 0.0002475860361475613, 0.0002475860361475613, 0.0002475860361475613]
--------------------------------------------
outputs[ 12 ]=[0.0, 0.0, 0.0, 0.0, 0.0, 0.0002475860361475613, 0.0014855162168853676, 0.007922753156721961, 0.020054468927952464, 0.028224808120821985, 0.033919286952215896, 0.03763307749442931, 0.03862342163901956, 0.039366179747462246, 0.04010893785590493, 0.040356523892052486, 0.040356523892052486, 0.040356523892052486, 0.040356523892052486, 0.040356523892052486, 0.040356523892052486, 0.040356523892052486, 0.040356523892052486, 0.040356523892052486, 0.040356523892052486, 0.040356523892052486, 0.040356523892052486, 0.040356523892052486, 0.040356523892052486, 0.040356523892052486, 0.040356523892052486, 0.040356523892052486, 0.040356523892052486, 0.040356523892052486, 0.040356523892052486, 0.040356523892052486, 0.040356523892052486]
--------------------------------------------
outputs[ 13 ]=[0.0, 0.0, 0.0, 0.0, 0.0, 0.0002475860361475613, 0.0004951720722951226, 0.0004951720722951226, 0.0004951720722951226, 0.0004951720722951226, 0.0004951720722951226, 0.0004951720722951226, 0.0004951720722951226, 0.0004951720722951226, 0.0004951720722951226, 0.0004951720722951226, 0.0004951720722951226, 0.0004951720722951226, 0.0004951720722951226, 0.0004951720722951226, 0.0004951720722951226, 0.0004951720722951226, 0.0004951720722951226, 0.0004951720722951226, 0.0004951720722951226, 0.0004951720722951226, 0.0004951720722951226, 0.0004951720722951226, 0.0004951720722951226, 0.0004951720722951226, 0.0004951720722951226, 0.0004951720722951226, 0.0004951720722951226, 0.0004951720722951226, 0.0004951720722951226, 0.0004951720722951226, 0.0004951720722951226]
--------------------------------------------
outputs[ 14 ]=[0.0, 0.0, 0.0, 0.0, 0.0, 0.0002475860361475613, 0.0024758603614756128, 0.01336964595196831, 0.02500618965090369, 0.03292894280762565, 0.04060410992820005, 0.0460510027234464, 0.050507551374102504, 0.052735825699430555, 0.05347858380787324, 0.055211686060906165, 0.05545927209705372, 0.05570685813320129, 0.055954444169348846, 0.055954444169348846, 0.055954444169348846, 0.055954444169348846, 0.055954444169348846, 0.055954444169348846, 0.055954444169348846, 0.055954444169348846, 0.055954444169348846, 0.055954444169348846, 0.055954444169348846, 0.055954444169348846, 0.055954444169348846, 0.055954444169348846, 0.055954444169348846, 0.055954444169348846, 0.055954444169348846, 0.055954444169348846, 0.055954444169348846]
--------------------------------------------
outputs[ 15 ]=[0.0, 0.0, 0.0, 0.0, 0.0, 0.0002475860361475613, 0.0017331022530329288, 0.004208962614508541, 0.005446892795246348, 0.006437236939836593, 0.009408269373607328, 0.020549641000247587, 0.03763307749442931, 0.04629858875959396, 0.04926962119336469, 0.05174548155484031, 0.053726169844020795, 0.05471651398861104, 0.055211686060906165, 0.05570685813320129, 0.05570685813320129, 0.055954444169348846, 0.05644961624164397, 0.05694478831393909, 0.05719237435008666, 0.05843030453082446, 0.06808615994057936, 0.09086407526615499, 0.11190888833869769, 0.12998266897746968, 0.139390938351077, 0.14359990096558553, 0.14483783114632334, 0.14558058925476602, 0.1463233473632087, 0.14657093339935628, 0.14657093339935628]
--------------------------------------------
outputs[ 16 ]=[0.0, 0.0, 0.0, 0.0, 0.0, 0.0002475860361475613, 0.0002475860361475613, 0.0002475860361475613, 0.0004951720722951226, 0.0004951720722951226, 0.0004951720722951226, 0.0004951720722951226, 0.0004951720722951226, 0.0004951720722951226, 0.0004951720722951226, 0.0004951720722951226, 0.0004951720722951226, 0.0004951720722951226, 0.0004951720722951226, 0.0004951720722951226, 0.0004951720722951226, 0.0004951720722951226, 0.0004951720722951226, 0.0004951720722951226, 0.0004951720722951226, 0.0004951720722951226, 0.0004951720722951226, 0.0004951720722951226, 0.0004951720722951226, 0.0004951720722951226, 0.0004951720722951226, 0.0004951720722951226, 0.0004951720722951226, 0.0004951720722951226, 0.0004951720722951226, 0.0004951720722951226, 0.0004951720722951226]
--------------------------------------------
outputs[ 17 ]=[0.0, 0.0, 0.0, 0.0, 0.0, 0.0002475860361475613, 0.0002475860361475613, 0.0002475860361475613, 0.0002475860361475613, 0.0002475860361475613, 0.0002475860361475613, 0.0002475860361475613, 0.0002475860361475613, 0.0002475860361475613, 0.0002475860361475613, 0.0002475860361475613, 0.0002475860361475613, 0.0002475860361475613, 0.0002475860361475613, 0.0002475860361475613, 0.0002475860361475613, 0.0002475860361475613, 0.0002475860361475613, 0.0002475860361475613, 0.0002475860361475613, 0.0002475860361475613, 0.0002475860361475613, 0.0002475860361475613, 0.0002475860361475613, 0.0002475860361475613, 0.0002475860361475613, 0.0002475860361475613, 0.0002475860361475613, 0.0002475860361475613, 0.0002475860361475613, 0.0002475860361475613, 0.0002475860361475613]
--------------------------------------------
outputs[ 18 ]=[0.0, 0.0, 0.0, 0.0, 0.0, 0.0002475860361475613, 0.01757860856647685, 0.05323099777172567, 0.055954444169348846, 0.057687546422381775, 0.05793513245852934, 0.0581827184946769, 0.05843030453082446, 0.05843030453082446, 0.05843030453082446, 0.05843030453082446, 0.05843030453082446, 0.05843030453082446, 0.05843030453082446, 0.05843030453082446, 0.05843030453082446, 0.05843030453082446, 0.05843030453082446, 0.05843030453082446, 0.05843030453082446, 0.05843030453082446, 0.05843030453082446, 0.05843030453082446, 0.05843030453082446, 0.05843030453082446, 0.05843030453082446, 0.05843030453082446, 0.05843030453082446, 0.05843030453082446, 0.05843030453082446, 0.05843030453082446, 0.05843030453082446]
--------------------------------------------
outputs[ 19 ]=[0.0, 0.0, 0.0, 0.0, 0.0, 0.0002475860361475613, 0.0012379301807378064, 0.0022282743253280515, 0.005446892795246348, 0.012379301807378064, 0.028472394156969547, 0.06957167615746472, 0.09631096806140134, 0.10621440950730379, 0.11017578608566476, 0.11141371626640258, 0.11190888833869769, 0.11265164644714037, 0.11289923248328794, 0.1131468185194355, 0.11339440455558307, 0.11364199059173062, 0.11438474870017332, 0.11562267888091111, 0.12750680861599406, 0.1923743500866551, 0.24337707353305274, 0.270859123545432, 0.2973508294132211, 0.31245357761822234, 0.3248328794256004, 0.32904184204010894, 0.3317652884377321, 0.33300321861846993, 0.33300321861846993, 0.33300321861846993, 0.33300321861846993]
--------------------------------------------
avg_output=[0.0, 0.0, 0.0, 0.0, 0.0, 0.00024758603614756134, 0.0029586531319633564, 0.011079475117603366, 0.01781381530081703, 0.024696707105719234, 0.040158455063134445, 0.06289923248328794, 0.07796484278286706, 0.08790542213419164, 0.09477593463728648, 0.09905917306263928, 0.10128744738796733, 0.10295865313196337, 0.10366427333498392, 0.10398613518197572, 0.10415944540727903, 0.10425847982173808, 0.10435751423619707, 0.10446892795246347, 0.10510027234463977, 0.10840554592720972, 0.11143847487001735, 0.11395147313691507, 0.11632829908393165, 0.11798712552612031, 0.11907650408516961, 0.11949740034662044, 0.1196954691755385, 0.11979450358999752, 0.11983164149541965, 0.11984402079722703, 0.11984402079722703]
