outputs[ 0 ]=[0.0, 0.0, 0.0, 0.0, 0.0, 0.0002475860361475613, 0.0012379301807378064, 0.007922753156721961, 0.02153998514483783, 0.03367170091606833, 0.045803416687298835, 0.06783857390443179, 0.086902698687794, 0.10175786085664769, 0.11735578113394404, 0.13097301312205992, 0.14929437979697946, 0.22084674424362466, 0.33127011636543696, 0.44194107452339687, 0.5610299579103738, 0.6085664768507056, 0.6365436989353801, 0.6476850705620203, 0.6543698935380045, 0.6578360980440703, 0.6588264421886606, 0.6590740282248081, 0.6595692002971032, 0.6595692002971032, 0.6595692002971032, 0.6595692002971032, 0.6595692002971032, 0.6595692002971032, 0.6595692002971032, 0.6595692002971032, 0.6595692002971032, 0.6595692002971032, 0.6595692002971032, 0.6595692002971032, 0.6595692002971032, 0.6595692002971032, 0.6595692002971032, 0.6595692002971032, 0.6595692002971032, 0.6595692002971032, 0.6595692002971032, 0.6595692002971032, 0.6595692002971032]
--------------------------------------------
outputs[ 1 ]=[0.0, 0.0, 0.0, 0.0, 0.0, 0.0002475860361475613, 0.0009903441445902451, 0.004208962614508541, 0.02327308739787076, 0.11587026491705868, 0.17677642980935876, 0.22876949740034663, 0.3159197821242882, 0.39613765783609806, 0.4553107204753652, 0.5077989601386482, 0.5261203268135677, 0.5340430799702897, 0.5414706610547165, 0.5429561772716018, 0.5436989353800445, 0.5439465214161922, 0.5439465214161922, 0.5439465214161922, 0.5441941074523396, 0.5446892795246349, 0.5446892795246349, 0.5446892795246349, 0.5446892795246349, 0.5446892795246349, 0.5446892795246349, 0.5446892795246349, 0.5446892795246349, 0.5446892795246349, 0.5446892795246349, 0.5446892795246349, 0.5446892795246349, 0.5446892795246349, 0.5446892795246349, 0.5446892795246349, 0.5446892795246349, 0.5446892795246349, 0.5446892795246349, 0.5446892795246349, 0.5446892795246349, 0.5446892795246349, 0.5446892795246349, 0.5446892795246349, 0.5446892795246349]
--------------------------------------------
outputs[ 2 ]=[0.0, 0.0, 0.0, 0.0, 0.0, 0.0002475860361475613, 0.0017331022530329288, 0.008913097301312206, 0.02079722703639515, 0.0351572171329537, 0.04778410497647933, 0.06660064372369398, 0.0888833869769745, 0.1502847239415697, 0.21440950730378808, 0.272592225798465, 0.3431542461005199, 0.4015845506313444, 0.4451596929933152, 0.4731369150779896, 0.48873483535528595, 0.497152760584303, 0.4998762069819262, 0.5023520673434019, 0.5053230997771726, 0.5070562020302055, 0.5117603367170092, 0.5357761822233226, 0.5538499628620945, 0.5578113394404556, 0.5590492696211934, 0.5595444416934885, 0.5595444416934885, 0.5595444416934885, 0.5595444416934885, 0.5595444416934885, 0.5595444416934885, 0.5595444416934885, 0.5595444416934885, 0.5595444416934885, 0.5595444416934885, 0.5595444416934885, 0.5595444416934885, 0.5595444416934885, 0.5595444416934885, 0.5595444416934885, 0.5595444416934885, 0.5595444416934885, 0.5595444416934885]
--------------------------------------------
outputs[ 3 ]=[0.0, 0.0, 0.0, 0.0, 0.0, 0.0002475860361475613, 0.0004951720722951226, 0.0012379301807378064, 0.0024758603614756128, 0.003961376578360981, 0.006684822975984155, 0.007427581084426839, 0.010893785590492696, 0.022530329289428077, 0.03763307749442931, 0.04307997028967566, 0.04778410497647933, 0.05224065362713543, 0.05397375588016836, 0.05446892795246348, 0.05496410002475861, 0.055954444169348846, 0.059173062639267145, 0.06734340183213666, 0.12750680861599406, 0.18816538747214656, 0.30205496410002475, 0.4488734835355286, 0.5352810101510275, 0.632087150284724, 0.6744243624659569, 0.7056202030205496, 0.729636048526863, 0.7462243129487497, 0.7548898242139144, 0.7590987868284229, 0.763555335479079, 0.7645456796236693, 0.7655360237682595, 0.7660311958405546, 0.7660311958405546, 0.7660311958405546, 0.7660311958405546, 0.7660311958405546, 0.7660311958405546, 0.7660311958405546, 0.7660311958405546, 0.7660311958405546, 0.7660311958405546]
--------------------------------------------
outputs[ 4 ]=[0.0, 0.0, 0.0, 0.0, 0.0, 0.0002475860361475613, 0.0007427581084426838, 0.0024758603614756128, 0.007179995048279277, 0.027482050012379303, 0.05843030453082446, 0.09606338202525377, 0.1369150779896014, 0.15177024015845506, 0.16984402079722705, 0.23693983659321613, 0.28497152760584304, 0.3862342163901956, 0.4657093339935628, 0.5095320623916811, 0.5464223817776678, 0.5758851200792275, 0.6063382025253776, 0.6214409507303789, 0.6291161178509532, 0.6323347363208714, 0.6340678385739045, 0.6350581827184947, 0.6353057687546423, 0.6355533547907898, 0.6355533547907898, 0.6358009408269374, 0.6360485268630849, 0.6360485268630849, 0.6360485268630849, 0.6360485268630849, 0.6360485268630849, 0.6360485268630849, 0.6360485268630849, 0.6360485268630849, 0.6360485268630849, 0.6360485268630849, 0.6360485268630849, 0.6360485268630849, 0.6360485268630849, 0.6360485268630849, 0.6360485268630849, 0.6360485268630849, 0.6360485268630849]
--------------------------------------------
outputs[ 5 ]=[0.0, 0.0, 0.0, 0.0, 0.0, 0.0002475860361475613, 0.0012379301807378064, 0.0037137905422134194, 0.010151027482050013, 0.028224808120821985, 0.06684822975984155, 0.13122059915820747, 0.27902946273830154, 0.41445902451101757, 0.4872493191384006, 0.5484030700668482, 0.5944540727902946, 0.634315424610052, 0.6565981678633325, 0.6729388462490715, 0.6830898737311215, 0.6887843525625155, 0.690765040851696, 0.692993315177024, 0.6934884872493191, 0.6939836593216142, 0.6944788313939094, 0.6954691755384996, 0.6974498638276801, 0.6984402079722704, 0.7011636543698936, 0.7028967566229265, 0.7041346868036643, 0.7048774449121069, 0.7051250309482545, 0.7051250309482545, 0.7051250309482545, 0.7051250309482545, 0.7051250309482545, 0.7051250309482545, 0.7051250309482545, 0.7051250309482545, 0.7051250309482545, 0.7051250309482545, 0.7051250309482545, 0.7051250309482545, 0.7051250309482545, 0.7051250309482545, 0.7051250309482545]
--------------------------------------------
outputs[ 6 ]=[0.0, 0.0, 0.0, 0.0, 0.0, 0.0002475860361475613, 0.0004951720722951226, 0.0012379301807378064, 0.0022282743253280515, 0.0034662045060658577, 0.0049517207229512255, 0.0076751671205743995, 0.015350334241148799, 0.04555583065115128, 0.07823718742262936, 0.11487992077246843, 0.16018816538747216, 0.22555087893042833, 0.24585293389452834, 0.2542708591235454, 0.26046051002723447, 0.26442188660559546, 0.2678880911116613, 0.27927704877444914, 0.32953701411240405, 0.4104976479326566, 0.4548155484030701, 0.48353552859618715, 0.507303788066353, 0.5251299826689775, 0.5355285961871751, 0.5412230750185689, 0.5427085912354543, 0.543451349343897, 0.5441941074523396, 0.5441941074523396, 0.5441941074523396, 0.5441941074523396, 0.5441941074523396, 0.5441941074523396, 0.5441941074523396, 0.5441941074523396, 0.5441941074523396, 0.5441941074523396, 0.5441941074523396, 0.5441941074523396, 0.5441941074523396, 0.5441941074523396, 0.5441941074523396]
--------------------------------------------
outputs[ 7 ]=[0.0, 0.0, 0.0, 0.0, 0.0, 0.0002475860361475613, 0.0017331022530329288, 0.005446892795246348, 0.010398613518197574, 0.01757860856647685, 0.03763307749442931, 0.06709581579598911, 0.11042337212181233, 0.19163159197821242, 0.24436741767764297, 0.2602129239910869, 0.2666501609309235, 0.272592225798465, 0.2743253280514979, 0.27630601634067836, 0.27927704877444914, 0.2852191136419906, 0.30205496410002475, 0.32384253528101015, 0.35825699430552116, 0.4112404060410993, 0.46372864570438227, 0.5068086159940579, 0.5313196335726665, 0.5436989353800445, 0.549641000247586, 0.5531072047536519, 0.5543451349343897, 0.5563258232235702, 0.5570685813320129, 0.557563753404308, 0.5578113394404556, 0.5578113394404556, 0.5578113394404556, 0.5578113394404556, 0.5578113394404556, 0.5578113394404556, 0.5578113394404556, 0.5578113394404556, 0.5578113394404556, 0.5578113394404556, 0.5578113394404556, 0.5578113394404556, 0.5578113394404556]
--------------------------------------------
outputs[ 8 ]=[0.0, 0.0, 0.0, 0.0, 0.0, 0.0002475860361475613, 0.0019806882891804903, 0.01931171081950978, 0.040356523892052486, 0.05100272344639762, 0.07303788066353058, 0.10670958157959891, 0.13221094330279773, 0.14805644961624165, 0.1661302302550136, 0.24733845011141373, 0.347610794751176, 0.4003466204506066, 0.42535281010151027, 0.4436741767764298, 0.4483783114632335, 0.452587274077742, 0.45432037633077493, 0.4548155484030701, 0.4548155484030701, 0.45506313443921764, 0.45506313443921764, 0.45506313443921764, 0.45506313443921764, 0.45506313443921764, 0.45506313443921764, 0.45506313443921764, 0.45506313443921764, 0.45506313443921764, 0.45506313443921764, 0.45506313443921764, 0.45506313443921764, 0.45506313443921764, 0.45506313443921764, 0.45506313443921764, 0.45506313443921764, 0.45506313443921764, 0.45506313443921764, 0.45506313443921764, 0.45506313443921764, 0.45506313443921764, 0.45506313443921764, 0.45506313443921764, 0.45506313443921764]
--------------------------------------------
outputs[ 9 ]=[0.0, 0.0, 0.0, 0.0, 0.0, 0.0002475860361475613, 0.0034662045060658577, 0.014607576132706116, 0.026491705867789057, 0.04060410992820005, 0.0888833869769745, 0.1277543946521416, 0.2047536518940332, 0.282743253280515, 0.30403565238920527, 0.3122059915820748, 0.3166625402327309, 0.3201287447387967, 0.3230997771725675, 0.32433770735330525, 0.32458529338945286, 0.3253280514978955, 0.3275563258232236, 0.33473632087150285, 0.3396880415944541, 0.349343897004209, 0.37880663530576875, 0.4186679871255261, 0.48502104481307257, 0.5838078732359495, 0.6511512750680861, 0.6880415944540728, 0.7098291656350582, 0.7192374350086655, 0.727407774201535, 0.7430056944788314, 0.7566229264669473, 0.7694974003466204, 0.8014359990096559, 0.8140628868531815, 0.8185194355038375, 0.8212428819014608, 0.8224808120821986, 0.8227283981183461, 0.8229759841544937, 0.8229759841544937, 0.8229759841544937, 0.8229759841544937, 0.8229759841544937]
--------------------------------------------
outputs[ 10 ]=[0.0, 0.0, 0.0, 0.0, 0.0, 0.0002475860361475613, 0.0014855162168853676, 0.004704134686803664, 0.012379301807378064, 0.03292894280762565, 0.09507303788066353, 0.15498885862837336, 0.16736816043575142, 0.173805397375588, 0.19064124783362218, 0.2488239663282991, 0.2569943055211686, 0.2634315424610052, 0.2881901460757613, 0.345382520425848, 0.3996038623421639, 0.4488734835355286, 0.498885862837336, 0.5263679128497153, 0.5429561772716018, 0.5526120326813567, 0.5583065115127507, 0.5625154741272592, 0.5647437484525872, 0.565981678633325, 0.5662292646694727, 0.5667244367417678, 0.5669720227779154, 0.5669720227779154, 0.5669720227779154, 0.5669720227779154, 0.5669720227779154, 0.5669720227779154, 0.5669720227779154, 0.5669720227779154, 0.5669720227779154, 0.5669720227779154, 0.5669720227779154, 0.5669720227779154, 0.5669720227779154, 0.5669720227779154, 0.5669720227779154, 0.5669720227779154, 0.5669720227779154]
--------------------------------------------
outputs[ 11 ]=[0.0, 0.0, 0.0, 0.0, 0.0, 0.0002475860361475613, 0.0002475860361475613, 0.0002475860361475613, 0.0002475860361475613, 0.0002475860361475613, 0.0002475860361475613, 0.0002475860361475613, 0.0002475860361475613, 0.0002475860361475613, 0.0002475860361475613, 0.0002475860361475613, 0.0002475860361475613, 0.0002475860361475613, 0.0002475860361475613, 0.0002475860361475613, 0.0002475860361475613, 0.0002475860361475613, 0.0002475860361475613, 0.0002475860361475613, 0.0002475860361475613, 0.0002475860361475613, 0.0002475860361475613, 0.0002475860361475613, 0.0002475860361475613, 0.0002475860361475613, 0.0002475860361475613, 0.0002475860361475613, 0.0002475860361475613, 0.0002475860361475613, 0.0002475860361475613, 0.0002475860361475613, 0.0002475860361475613, 0.0002475860361475613, 0.0002475860361475613, 0.0002475860361475613, 0.0002475860361475613, 0.0002475860361475613, 0.0002475860361475613, 0.0002475860361475613, 0.0002475860361475613, 0.0002475860361475613, 0.0002475860361475613, 0.0002475860361475613, 0.0002475860361475613]
--------------------------------------------
outputs[ 12 ]=[0.0, 0.0, 0.0, 0.0, 0.0, 0.0002475860361475613, 0.004208962614508541, 0.04233721218123298, 0.086902698687794, 0.2136667491953454, 0.2666501609309235, 0.3337459767269126, 0.38400594206486754, 0.41421143847487, 0.44540727902946275, 0.4884872493191384, 0.5196830898737311, 0.5340430799702897, 0.5427085912354543, 0.5464223817776678, 0.5488982421391434, 0.5597920277296361, 0.5872740777420153, 0.5976726912602129, 0.6008913097301313, 0.6018816538747215, 0.602129239910869, 0.6026244119831642, 0.6026244119831642, 0.6026244119831642, 0.6026244119831642, 0.6026244119831642, 0.6026244119831642, 0.6026244119831642, 0.6026244119831642, 0.6026244119831642, 0.6026244119831642, 0.6026244119831642, 0.6026244119831642, 0.6026244119831642, 0.6026244119831642, 0.6026244119831642, 0.6026244119831642, 0.6026244119831642, 0.6026244119831642, 0.6026244119831642, 0.6026244119831642, 0.6026244119831642, 0.6026244119831642]
--------------------------------------------
outputs[ 13 ]=[0.0, 0.0, 0.0, 0.0, 0.0, 0.0002475860361475613, 0.0002475860361475613, 0.0002475860361475613, 0.0004951720722951226, 0.010398613518197574, 0.06461995543451349, 0.0876454567962367, 0.13023025501361724, 0.20227779153255757, 0.24511017578608565, 0.2730873978707601, 0.30378806635305766, 0.347610794751176, 0.3887100767516712, 0.4312948749690517, 0.4582817529091359, 0.47660311958405543, 0.4852686308492201, 0.4897251794998762, 0.49343897004208964, 0.4954196583312701, 0.4966575885120079, 0.497152760584303, 0.49789551869274573, 0.4993810349096311, 0.5008665511265165, 0.5018568952711067, 0.5023520673434019, 0.5025996533795494, 0.502847239415697, 0.5030948254518445, 0.5033424114879921, 0.5033424114879921, 0.5033424114879921, 0.5033424114879921, 0.5033424114879921, 0.5033424114879921, 0.5033424114879921, 0.5033424114879921, 0.5033424114879921, 0.5033424114879921, 0.5033424114879921, 0.5033424114879921, 0.5033424114879921]
--------------------------------------------
outputs[ 14 ]=[0.0, 0.0, 0.0, 0.0, 0.0, 0.0002475860361475613, 0.0002475860361475613, 0.0002475860361475613, 0.0002475860361475613, 0.0002475860361475613, 0.0002475860361475613, 0.0002475860361475613, 0.0002475860361475613, 0.0002475860361475613, 0.0002475860361475613, 0.0002475860361475613, 0.0002475860361475613, 0.0002475860361475613, 0.0002475860361475613, 0.0002475860361475613, 0.0002475860361475613, 0.0002475860361475613, 0.0002475860361475613, 0.0002475860361475613, 0.0002475860361475613, 0.0002475860361475613, 0.0002475860361475613, 0.0002475860361475613, 0.0002475860361475613, 0.0002475860361475613, 0.0002475860361475613, 0.0002475860361475613, 0.0002475860361475613, 0.0002475860361475613, 0.0002475860361475613, 0.0002475860361475613, 0.0002475860361475613, 0.0002475860361475613, 0.0002475860361475613, 0.0002475860361475613, 0.0002475860361475613, 0.0002475860361475613, 0.0002475860361475613, 0.0002475860361475613, 0.0002475860361475613, 0.0002475860361475613, 0.0002475860361475613, 0.0002475860361475613, 0.0002475860361475613]
--------------------------------------------
outputs[ 15 ]=[0.0, 0.0, 0.0, 0.0, 0.0, 0.0002475860361475613, 0.0007427581084426838, 0.0014855162168853676, 0.0024758603614756128, 0.005199306759098787, 0.018816538747214655, 0.06016340678385739, 0.10943302797722208, 0.14087645456796236, 0.16835850458034166, 0.230255013617232, 0.24981431047288932, 0.2557563753404308, 0.2634315424610052, 0.2914087645456796, 0.39663282990839316, 0.5033424114879921, 0.5560782371874227, 0.5907402822480812, 0.618469918296608, 0.6323347363208714, 0.6410002475860361, 0.6499133448873483, 0.6617974746224313, 0.6783857390443179, 0.6853181480564496, 0.6920029710324338, 0.6972022777915325, 0.7028967566229265, 0.7076008913097301, 0.7090864075266154, 0.7103243377073533, 0.7118098539242387, 0.7123050259965338, 0.7123050259965338, 0.7123050259965338, 0.7123050259965338, 0.7123050259965338, 0.7123050259965338, 0.7123050259965338, 0.7123050259965338, 0.7123050259965338, 0.7123050259965338, 0.7123050259965338]
--------------------------------------------
outputs[ 16 ]=[0.0, 0.0, 0.0, 0.0, 0.0, 0.0002475860361475613, 0.0007427581084426838, 0.005199306759098787, 0.03119584055459272, 0.07402822480812082, 0.15375092844763555, 0.2327308739787076, 0.24659569200297105, 0.2542708591235454, 0.25674671948502104, 0.25847982173805395, 0.25996533795493937, 0.260708096063382, 0.26194602624411983, 0.2639267145333003, 0.27061153750928446, 0.29116117850953205, 0.3379549393414211, 0.38053973755880166, 0.43377073533052735, 0.4788313939093835, 0.509036890319386, 0.529338945283486, 0.5404803169101263, 0.5491458281752909, 0.5526120326813567, 0.5538499628620945, 0.5540975488982421, 0.5540975488982421, 0.5540975488982421, 0.5540975488982421, 0.5540975488982421, 0.5540975488982421, 0.5540975488982421, 0.5540975488982421, 0.5540975488982421, 0.5540975488982421, 0.5540975488982421, 0.5540975488982421, 0.5540975488982421, 0.5540975488982421, 0.5540975488982421, 0.5540975488982421, 0.5540975488982421]
--------------------------------------------
outputs[ 17 ]=[0.0, 0.0, 0.0, 0.0, 0.0, 0.0002475860361475613, 0.0017331022530329288, 0.030453082446150036, 0.07576132706115375, 0.09606338202525377, 0.17677642980935876, 0.2948749690517455, 0.3741025006189651, 0.4112404060410993, 0.4449121069571676, 0.49789551869274573, 0.5256251547412726, 0.5436989353800445, 0.5558306511512751, 0.5592968556573409, 0.561525129982669, 0.5622678880911116, 0.5627630601634068, 0.5632582322357019, 0.5632582322357019, 0.5632582322357019, 0.5632582322357019, 0.5632582322357019, 0.5632582322357019, 0.5632582322357019, 0.5632582322357019, 0.5632582322357019, 0.5632582322357019, 0.5632582322357019, 0.5632582322357019, 0.5632582322357019, 0.5632582322357019, 0.5632582322357019, 0.5632582322357019, 0.5632582322357019, 0.5632582322357019, 0.5632582322357019, 0.5632582322357019, 0.5632582322357019, 0.5632582322357019, 0.5632582322357019, 0.5632582322357019, 0.5632582322357019, 0.5632582322357019]
--------------------------------------------
outputs[ 18 ]=[0.0, 0.0, 0.0, 0.0, 0.0, 0.0002475860361475613, 0.0014855162168853676, 0.012131715771230503, 0.03317652884377321, 0.05323099777172567, 0.09829165635058183, 0.17801435999009657, 0.2359494924486259, 0.25971775191879176, 0.2666501609309235, 0.2698687794008418, 0.2711067095815796, 0.2743253280514979, 0.27655360237682597, 0.27902946273830154, 0.2844763555335479, 0.29710324337707356, 0.32508046546174796, 0.36568457538994803, 0.4025748947759346, 0.44936865560782374, 0.48823966328299084, 0.5137410250061897, 0.533300321861847, 0.5454320376330775, 0.5521168606090616, 0.5570685813320129, 0.5595444416934885, 0.5620203020549641, 0.5635058182718494, 0.5640009903441446, 0.5649913344887348, 0.5652389205248824, 0.5662292646694727, 0.5662292646694727, 0.5662292646694727, 0.5664768507056201, 0.5664768507056201, 0.5664768507056201, 0.5664768507056201, 0.5664768507056201, 0.5664768507056201, 0.5664768507056201, 0.5664768507056201]
--------------------------------------------
outputs[ 19 ]=[0.0, 0.0, 0.0, 0.0, 0.0, 0.0002475860361475613, 0.0076751671205743995, 0.05496410002475861, 0.11760336717009161, 0.15498885862837336, 0.2314929437979698, 0.270859123545432, 0.28992324832879424, 0.3052735825699431, 0.3114632334736321, 0.31641495419658333, 0.31988115870264916, 0.32210943302797723, 0.3248328794256004, 0.3297846001485516, 0.34117355781133946, 0.3654369893538004, 0.3968804159445407, 0.44020797227036396, 0.5110175786085664, 0.5657340925971776, 0.6251547412725922, 0.6783857390443179, 0.7189898489725179, 0.7452339688041595, 0.7613270611537509, 0.7709829165635058, 0.7729636048526863, 0.7756870512503095, 0.7761822233226046, 0.7764298093587522, 0.7764298093587522, 0.7766773953948998, 0.7769249814310473, 0.7769249814310473, 0.7769249814310473, 0.7769249814310473, 0.7769249814310473, 0.7769249814310473, 0.7769249814310473, 0.7769249814310473, 0.7769249814310473, 0.7769249814310473, 0.7769249814310473]
--------------------------------------------
avg_output=[0.0, 0.0, 0.0, 0.0, 0.0, 0.00024758603614756134, 0.0016464471403812824, 0.011054716513988611, 0.02626887843525625, 0.04990096558554098, 0.08564000990344144, 0.12603367170091603, 0.16596929933151772, 0.20335479078979946, 0.2302178757118098, 0.26291161178509526, 0.28721218123297854, 0.3125030948254519, 0.33327556325823227, 0.35203020549641, 0.37261698440207974, 0.3901460757613271, 0.4069571676157466, 0.4211562267888091, 0.4401584550631344, 0.4595073037880663, 0.4791284971527606, 0.4990220351572172, 0.5144218866055954, 0.5292894280762566, 0.5375340430799703, 0.5427209705372618, 0.5457538994800692, 0.5477841049764794, 0.5490591730626394, 0.5501980688289182, 0.5512379301807379, 0.5520302054964101, 0.553763307749443, 0.554419410745234, 0.5546422381777669, 0.5547907897994554, 0.5548526863084923, 0.5548650656102996, 0.554877444912107, 0.554877444912107, 0.554877444912107, 0.554877444912107, 0.554877444912107]
