outputs[ 0 ]=[0.0, 0.0, 0.0, 0.0, 0.0, 0.0002475860361475613, 0.0004951720722951226, 0.004208962614508541, 0.014359990096558554, 0.02500618965090369, 0.0351572171329537, 0.0428323842535281, 0.04629858875959396, 0.049022035157217134, 0.05397375588016836, 0.055954444169348846, 0.05620203020549641, 0.05620203020549641, 0.05620203020549641, 0.05620203020549641, 0.05620203020549641, 0.05620203020549641, 0.05620203020549641, 0.05620203020549641, 0.05620203020549641, 0.05620203020549641, 0.05620203020549641, 0.05620203020549641, 0.05620203020549641, 0.05620203020549641, 0.05620203020549641, 0.05620203020549641, 0.05620203020549641, 0.05620203020549641, 0.05620203020549641, 0.05620203020549641, 0.05620203020549641, 0.05620203020549641, 0.05620203020549641, 0.05620203020549641, 0.05620203020549641, 0.05620203020549641, 0.05620203020549641]
--------------------------------------------
outputs[ 1 ]=[0.0, 0.0, 0.0, 0.0, 0.0, 0.0002475860361475613, 0.0002475860361475613, 0.0004951720722951226, 0.0009903441445902451, 0.0032186184699182965, 0.010398613518197574, 0.032433770735330526, 0.07056202030205497, 0.09408269373607328, 0.15251299826689774, 0.2525377568705125, 0.3166625402327309, 0.39415696954691753, 0.44936865560782374, 0.48254518445159694, 0.5033424114879921, 0.5172072295122555, 0.5241396385243873, 0.5285961871750433, 0.531567219608814, 0.5330527358256995, 0.5340430799702897, 0.5342906660064373, 0.5352810101510275, 0.5360237682594702, 0.5362713542956177, 0.5365189403317653, 0.5365189403317653, 0.5365189403317653, 0.5365189403317653, 0.5365189403317653, 0.5365189403317653, 0.5365189403317653, 0.5365189403317653, 0.5365189403317653, 0.5365189403317653, 0.5365189403317653, 0.5365189403317653]
--------------------------------------------
outputs[ 2 ]=[0.0, 0.0, 0.0, 0.0, 0.0, 0.0002475860361475613, 0.0004951720722951226, 0.0019806882891804903, 0.014112404060410992, 0.0415944540727903, 0.06461995543451349, 0.08863580094082693, 0.11884129735082942, 0.16291161178509533, 0.22728398118346124, 0.25798464966575885, 0.31418667987125526, 0.4129735082941322, 0.4654617479574152, 0.4936865560782372, 0.5120079227531568, 0.5216637781629117, 0.5266154988858628, 0.5290913592473384, 0.5318148056449616, 0.5429561772716018, 0.5479078979945531, 0.5481554840307007, 0.5484030700668482, 0.5486506561029958, 0.5486506561029958, 0.5486506561029958, 0.5486506561029958, 0.5486506561029958, 0.5486506561029958, 0.5486506561029958, 0.5486506561029958, 0.5486506561029958, 0.5486506561029958, 0.5486506561029958, 0.5486506561029958, 0.5486506561029958, 0.5486506561029958]
--------------------------------------------
outputs[ 3 ]=[0.0, 0.0, 0.0, 0.0, 0.0, 0.0002475860361475613, 0.0017331022530329288, 0.0032186184699182965, 0.0037137905422134194, 0.006437236939836593, 0.02129239910869027, 0.0460510027234464, 0.0703144342659074, 0.08615994057935132, 0.10695716761574647, 0.14161921267640504, 0.20673434018321366, 0.24659569200297105, 0.32631839564248577, 0.4307997028967566, 0.5456796236692251, 0.6137657836098044, 0.6598167863332508, 0.6811091854419411, 0.6905174548155484, 0.6959643476107947, 0.6984402079722704, 0.6994305521168606, 0.7004208962614509, 0.7006684822975984, 0.7006684822975984, 0.7006684822975984, 0.7006684822975984, 0.7006684822975984, 0.7006684822975984, 0.7006684822975984, 0.7006684822975984, 0.7006684822975984, 0.7006684822975984, 0.7006684822975984, 0.7006684822975984, 0.7006684822975984, 0.7006684822975984]
--------------------------------------------
outputs[ 4 ]=[0.0, 0.0, 0.0, 0.0, 0.0, 0.0002475860361475613, 0.0019806882891804903, 0.010151027482050013, 0.04407031443426591, 0.07922753156721961, 0.13196335726665015, 0.21911364199059172, 0.25476603119584057, 0.27853429066600643, 0.2953701411240406, 0.3122059915820748, 0.3317652884377321, 0.35701906412478335, 0.3706362961128992, 0.3793018073780639, 0.38648180242634317, 0.3924238672938846, 0.39935627630601633, 0.4251052240653627, 0.48130725427085913, 0.5266154988858628, 0.5446892795246349, 0.5533547907897994, 0.5610299579103738, 0.5642485763802921, 0.5652389205248824, 0.5652389205248824, 0.5652389205248824, 0.5652389205248824, 0.5652389205248824, 0.5652389205248824, 0.5652389205248824, 0.5652389205248824, 0.5652389205248824, 0.5652389205248824, 0.5652389205248824, 0.5652389205248824, 0.5652389205248824]
--------------------------------------------
outputs[ 5 ]=[0.0, 0.0, 0.0, 0.0, 0.0, 0.0002475860361475613, 0.0029710324337707352, 0.043327556325823226, 0.08937855904926963, 0.15895023520673435, 0.27927704877444914, 0.3882149046793761, 0.4674424362465957, 0.5568209952958653, 0.6051002723446398, 0.6395147313691508, 0.6712057439960386, 0.6954691755384996, 0.7066105471651399, 0.7130477841049765, 0.7152760584303045, 0.7187422629363703, 0.7214657093339936, 0.7281505323099777, 0.7303788066353057, 0.7321119088883387, 0.7323594949244863, 0.7323594949244863, 0.7323594949244863, 0.7323594949244863, 0.7323594949244863, 0.7323594949244863, 0.7323594949244863, 0.7323594949244863, 0.7323594949244863, 0.7323594949244863, 0.7323594949244863, 0.7323594949244863, 0.7323594949244863, 0.7323594949244863, 0.7323594949244863, 0.7323594949244863, 0.7323594949244863]
--------------------------------------------
outputs[ 6 ]=[0.0, 0.0, 0.0, 0.0, 0.0, 0.0002475860361475613, 0.0032186184699182965, 0.016093092349591484, 0.02673929190393662, 0.03441445902451102, 0.0460510027234464, 0.09754889824213914, 0.17355781133944045, 0.19584055459272098, 0.2153998514483783, 0.2909135924733845, 0.35305768754642236, 0.4048031691012627, 0.4867541470661055, 0.5397375588016836, 0.5689527110670958, 0.5949492448625897, 0.6046051002723446, 0.6085664768507056, 0.6120326813567715, 0.6147561277543947, 0.6192126764050507, 0.634315424610052, 0.6479326565981679, 0.6556078237187423, 0.6672443674176777, 0.6865560782371875, 0.7004208962614509, 0.707105719237435, 0.7115622678880911, 0.7130477841049765, 0.715028472394157, 0.7157712305025996, 0.7162664025748948, 0.7165139886110423, 0.7165139886110423, 0.7165139886110423, 0.7165139886110423]
--------------------------------------------
outputs[ 7 ]=[0.0, 0.0, 0.0, 0.0, 0.0, 0.0002475860361475613, 0.0004951720722951226, 0.0007427581084426838, 0.0009903441445902451, 0.0012379301807378064, 0.0012379301807378064, 0.0012379301807378064, 0.0012379301807378064, 0.0012379301807378064, 0.0012379301807378064, 0.0012379301807378064, 0.0012379301807378064, 0.0012379301807378064, 0.0012379301807378064, 0.0012379301807378064, 0.0012379301807378064, 0.0012379301807378064, 0.0012379301807378064, 0.0012379301807378064, 0.0012379301807378064, 0.0012379301807378064, 0.0012379301807378064, 0.0012379301807378064, 0.0012379301807378064, 0.0012379301807378064, 0.0012379301807378064, 0.0012379301807378064, 0.0012379301807378064, 0.0012379301807378064, 0.0012379301807378064, 0.0012379301807378064, 0.0012379301807378064, 0.0012379301807378064, 0.0012379301807378064, 0.0012379301807378064, 0.0012379301807378064, 0.0012379301807378064, 0.0012379301807378064]
--------------------------------------------
outputs[ 8 ]=[0.0, 0.0, 0.0, 0.0, 0.0, 0.0002475860361475613, 0.0007427581084426838, 0.0019806882891804903, 0.006189650903689032, 0.02352067343401832, 0.0831889081455806, 0.17306263926714532, 0.22530329289428075, 0.25748947759346374, 0.32111908888338697, 0.3951473136915078, 0.47288932904184205, 0.502847239415697, 0.5224065362713542, 0.53503342411488, 0.5407279029462738, 0.5459272097053726, 0.5531072047536519, 0.5753899480069324, 0.6164892300074276, 0.6370388710076752, 0.6457043822728398, 0.6504085169596435, 0.6511512750680861, 0.6533795493934142, 0.6546174795741521, 0.6553602376825947, 0.6558554097548899, 0.656350581827185, 0.6575885120079228, 0.6593216142609557, 0.6622926466947264, 0.6637781629116117, 0.6645209210200544, 0.664768507056202, 0.6650160930923495, 0.6650160930923495, 0.6650160930923495]
--------------------------------------------
outputs[ 9 ]=[0.0, 0.0, 0.0, 0.0, 0.0, 0.0002475860361475613, 0.0004951720722951226, 0.0019806882891804903, 0.004704134686803664, 0.016340678385739046, 0.04852686308492201, 0.10126268878435256, 0.13716266402574895, 0.15325575637534042, 0.16984402079722705, 0.2173805397375588, 0.270859123545432, 0.3134439217628126, 0.43550383758356026, 0.549641000247586, 0.6249071552364447, 0.6570933399356277, 0.6801188412973508, 0.6915077989601387, 0.6974498638276801, 0.700916068333746, 0.7024015845506314, 0.7028967566229265, 0.7051250309482545, 0.7179995048279277, 0.7207229512255509, 0.7214657093339936, 0.7214657093339936, 0.7214657093339936, 0.7214657093339936, 0.7214657093339936, 0.7214657093339936, 0.7214657093339936, 0.7214657093339936, 0.7214657093339936, 0.7214657093339936, 0.7214657093339936, 0.7214657093339936]
--------------------------------------------
outputs[ 10 ]=[0.0, 0.0, 0.0, 0.0, 0.0, 0.0002475860361475613, 0.0017331022530329288, 0.006684822975984155, 0.019064124783362217, 0.059173062639267145, 0.1502847239415697, 0.21688536766526367, 0.26244119831641494, 0.33547907897994556, 0.39019559296855655, 0.4265907402822481, 0.4506065857885615, 0.4714038128249567, 0.48650656102995793, 0.5053230997771726, 0.5209210200544689, 0.5281010151027482, 0.5345382520425848, 0.5387472146570933, 0.5392423867293885, 0.539489972765536, 0.5402327308739787, 0.5404803169101263, 0.5412230750185689, 0.5412230750185689, 0.5412230750185689, 0.5412230750185689, 0.5412230750185689, 0.5412230750185689, 0.5412230750185689, 0.5412230750185689, 0.5412230750185689, 0.5412230750185689, 0.5412230750185689, 0.5412230750185689, 0.5412230750185689, 0.5412230750185689, 0.5412230750185689]
--------------------------------------------
outputs[ 11 ]=[0.0, 0.0, 0.0, 0.0, 0.0, 0.0002475860361475613, 0.0004951720722951226, 0.0014855162168853676, 0.008417925229017083, 0.03911859371131468, 0.0638771973260708, 0.10151027482050012, 0.1349343897004209, 0.15053230997771724, 0.15944540727902945, 0.16736816043575142, 0.20797227036395147, 0.2530329289428076, 0.2914087645456796, 0.4092597177519188, 0.5110175786085664, 0.5488982421391434, 0.5711809853924239, 0.584055459272097, 0.5885120079227532, 0.5907402822480812, 0.5929685565734093, 0.5942064867541471, 0.5951968308987373, 0.5954444169348849, 0.59593958900718, 0.59593958900718, 0.59593958900718, 0.59593958900718, 0.59593958900718, 0.59593958900718, 0.59593958900718, 0.59593958900718, 0.59593958900718, 0.59593958900718, 0.59593958900718, 0.59593958900718, 0.59593958900718]
--------------------------------------------
outputs[ 12 ]=[0.0, 0.0, 0.0, 0.0, 0.0, 0.0002475860361475613, 0.0017331022530329288, 0.00569447883139391, 0.01336964595196831, 0.02673929190393662, 0.06536271354295618, 0.11017578608566476, 0.15944540727902945, 0.18172815053230998, 0.23941569695469175, 0.25476603119584057, 0.26442188660559546, 0.2844763555335479, 0.35899975241396387, 0.4411983164149542, 0.5105224065362713, 0.557563753404308, 0.5820747709829166, 0.5984154493686556, 0.6167368160435751, 0.6380292151522654, 0.6518940331765288, 0.6613023025501362, 0.6662540232730874, 0.6692250557068581, 0.6714533300321862, 0.672691260212924, 0.6746719485021044, 0.6816043575142362, 0.695221589502352, 0.7043822728398118, 0.7076008913097301, 0.709333993562763, 0.7108195097796485, 0.7125526120326814, 0.7135429561772716, 0.7137905422134192, 0.7137905422134192]
--------------------------------------------
outputs[ 13 ]=[0.0, 0.0, 0.0, 0.0, 0.0, 0.0002475860361475613, 0.0004951720722951226, 0.0004951720722951226, 0.0004951720722951226, 0.0004951720722951226, 0.0004951720722951226, 0.0004951720722951226, 0.0004951720722951226, 0.0004951720722951226, 0.0004951720722951226, 0.0004951720722951226, 0.0004951720722951226, 0.0004951720722951226, 0.0004951720722951226, 0.0004951720722951226, 0.0004951720722951226, 0.0004951720722951226, 0.0004951720722951226, 0.0004951720722951226, 0.0004951720722951226, 0.0004951720722951226, 0.0004951720722951226, 0.0004951720722951226, 0.0004951720722951226, 0.0004951720722951226, 0.0004951720722951226, 0.0004951720722951226, 0.0004951720722951226, 0.0004951720722951226, 0.0004951720722951226, 0.0004951720722951226, 0.0004951720722951226, 0.0004951720722951226, 0.0004951720722951226, 0.0004951720722951226, 0.0004951720722951226, 0.0004951720722951226, 0.0004951720722951226]
--------------------------------------------
outputs[ 14 ]=[0.0, 0.0, 0.0, 0.0, 0.0, 0.0002475860361475613, 0.0002475860361475613, 0.0002475860361475613, 0.0002475860361475613, 0.0002475860361475613, 0.0002475860361475613, 0.0002475860361475613, 0.0002475860361475613, 0.0002475860361475613, 0.0002475860361475613, 0.0002475860361475613, 0.0002475860361475613, 0.0002475860361475613, 0.0002475860361475613, 0.0002475860361475613, 0.0002475860361475613, 0.0002475860361475613, 0.0002475860361475613, 0.0002475860361475613, 0.0002475860361475613, 0.0002475860361475613, 0.0002475860361475613, 0.0002475860361475613, 0.0002475860361475613, 0.0002475860361475613, 0.0002475860361475613, 0.0002475860361475613, 0.0002475860361475613, 0.0002475860361475613, 0.0002475860361475613, 0.0002475860361475613, 0.0002475860361475613, 0.0002475860361475613, 0.0002475860361475613, 0.0002475860361475613, 0.0002475860361475613, 0.0002475860361475613, 0.0002475860361475613]
--------------------------------------------
outputs[ 15 ]=[0.0, 0.0, 0.0, 0.0, 0.0, 0.0002475860361475613, 0.0002475860361475613, 0.0007427581084426838, 0.0019806882891804903, 0.0022282743253280515, 0.0029710324337707352, 0.0049517207229512255, 0.007427581084426839, 0.011884129735082941, 0.024015845506313444, 0.0319385986630354, 0.0351572171329537, 0.037880663530576876, 0.039366179747462246, 0.04010893785590493, 0.040356523892052486, 0.040356523892052486, 0.04060410992820005, 0.04085169596434761, 0.04085169596434761, 0.04085169596434761, 0.04085169596434761, 0.04085169596434761, 0.04085169596434761, 0.04085169596434761, 0.04085169596434761, 0.04085169596434761, 0.04085169596434761, 0.04085169596434761, 0.04085169596434761, 0.04085169596434761, 0.04085169596434761, 0.04085169596434761, 0.04085169596434761, 0.04085169596434761, 0.04085169596434761, 0.04085169596434761, 0.04085169596434761]
--------------------------------------------
outputs[ 16 ]=[0.0, 0.0, 0.0, 0.0, 0.0, 0.0002475860361475613, 0.0007427581084426838, 0.0014855162168853676, 0.0029710324337707352, 0.004704134686803664, 0.00965585540975489, 0.06338202525377569, 0.09358752166377816, 0.14236197078484775, 0.24931913840059422, 0.3235949492448626, 0.38796731864322853, 0.4404555583065115, 0.4872493191384006, 0.5132458529338946, 0.5258727407774202, 0.5330527358256995, 0.5357761822233226, 0.5367665263679129, 0.5377568705125031, 0.5377568705125031, 0.5382520425847982, 0.5382520425847982, 0.5384996286209458, 0.5384996286209458, 0.5384996286209458, 0.5384996286209458, 0.5384996286209458, 0.5384996286209458, 0.5384996286209458, 0.5384996286209458, 0.5384996286209458, 0.5384996286209458, 0.5384996286209458, 0.5384996286209458, 0.5384996286209458, 0.5384996286209458, 0.5384996286209458]
--------------------------------------------
outputs[ 17 ]=[0.0, 0.0, 0.0, 0.0, 0.0, 0.0002475860361475613, 0.0014855162168853676, 0.004208962614508541, 0.009903441445902451, 0.02550136172319881, 0.04951720722951226, 0.06511512750680862, 0.07922753156721961, 0.09581579598910621, 0.10968061401336965, 0.13221094330279773, 0.20103986135181975, 0.2582322357019064, 0.3099777172567467, 0.3431542461005199, 0.36469423124535777, 0.3790542213419163, 0.40802178757118096, 0.4392176281257737, 0.46991829660807133, 0.5095320623916811, 0.5409754889824214, 0.5523644466452092, 0.5565734092597178, 0.5580589254766031, 0.5585540975488983, 0.5585540975488983, 0.5585540975488983, 0.5585540975488983, 0.5585540975488983, 0.5585540975488983, 0.5585540975488983, 0.5585540975488983, 0.5585540975488983, 0.5585540975488983, 0.5585540975488983, 0.5585540975488983, 0.5585540975488983]
--------------------------------------------
outputs[ 18 ]=[0.0, 0.0, 0.0, 0.0, 0.0, 0.0002475860361475613, 0.0014855162168853676, 0.0059420648675414705, 0.020054468927952464, 0.05149789551869274, 0.1163654369893538, 0.19138400594206487, 0.23768259470165884, 0.3005694478831394, 0.3862342163901956, 0.46595692002971034, 0.5226541223075019, 0.5753899480069324, 0.6080713047784105, 0.624164397128002, 0.6370388710076752, 0.6471898984897252, 0.6509036890319386, 0.6526367912849715, 0.6543698935380045, 0.6630354048031691, 0.6892795246348106, 0.698687794008418, 0.7024015845506314, 0.7043822728398118, 0.7061153750928447, 0.7068581332012874, 0.707105719237435, 0.707105719237435, 0.707105719237435, 0.707105719237435, 0.707105719237435, 0.707105719237435, 0.707105719237435, 0.707105719237435, 0.707105719237435, 0.707105719237435, 0.707105719237435]
--------------------------------------------
outputs[ 19 ]=[0.0, 0.0, 0.0, 0.0, 0.0, 0.0002475860361475613, 0.0014855162168853676, 0.007179995048279277, 0.023768259470165882, 0.03540480316910126, 0.04481307254270859, 0.08516959643476107, 0.14112404060410993, 0.1943550383758356, 0.22084674424362466, 0.2941322109433028, 0.3305273582569943, 0.3721218123297846, 0.4213914335231493, 0.48774449121069574, 0.5565734092597178, 0.5929685565734093, 0.6187175043327556, 0.6323347363208714, 0.6387719732607081, 0.6429809358752167, 0.6474374845258727, 0.6561029957910374, 0.6610547165139886, 0.6667491953453826, 0.6813567714780886, 0.6917553849962862, 0.7024015845506314, 0.7155236444664521, 0.7308739787076008, 0.7462243129487497, 0.7531567219608815, 0.75736568457539, 0.7586036147561278, 0.759593958900718, 0.7600891309730131, 0.7603367170091607, 0.7603367170091607]
--------------------------------------------
avg_output=[0.0, 0.0, 0.0, 0.0, 0.0, 0.00024758603614756134, 0.00115127506808616, 0.0059173062639267145, 0.015276058430304532, 0.03175290913592473, 0.06126516464471404, 0.10148551621688537, 0.13410497647932657, 0.16244119831641496, 0.19643476107947513, 0.23308987373112156, 0.2697945035899975, 0.30392423867293883, 0.3412106957167616, 0.37730873978707596, 0.4061277543946521, 0.4223570190641248, 0.4334612527853429, 0.442436246595692, 0.4517949987620698, 0.4602005446892795, 0.4662416439712799, 0.46978212428819016, 0.4720970537261698, 0.47407774201535025, 0.4758974993810348, 0.47756870512503086, 0.4789304283238425, 0.4802921515226541, 0.482025253775687, 0.48341173557811323, 0.48416687298836336, 0.48457538994800686, 0.4847734587769249, 0.4849343897004208, 0.4850210448130724, 0.4850458034166872, 0.4850458034166872]
