outputs[ 0 ]=[0.0, 0.0, 0.0, 0.0, 0.0, 0.0002475860361475613, 0.005199306759098787, 0.02550136172319881, 0.05248823966328299, 0.09730131220599159, 0.16266402574894775, 0.2391681109185442, 0.2639267145333003, 0.3052735825699431, 0.36345630106461996, 0.39539489972765535, 0.41025006189650903, 0.44416934884872494, 0.47808863580094085, 0.5276058430304531, 0.5788561525129983, 0.6053478583807873, 0.6306016340678385, 0.6442188660559545, 0.656350581827185, 0.6724436741767764, 0.6872988363456302, 0.6976974498638276, 0.7073533052735825, 0.7105719237435009, 0.7125526120326814, 0.713295370141124, 0.7135429561772716, 0.7135429561772716, 0.7135429561772716, 0.7135429561772716, 0.7135429561772716, 0.7135429561772716, 0.7135429561772716, 0.7135429561772716, 0.7135429561772716, 0.7135429561772716, 0.7135429561772716]
outputs_edges[ 0 ]=[0, 0, 0, 0, 0, 0, 0, 3440, 6880, 11590, 17206, 22795, 22795, 22795, 22795, 22795, 22795, 22795, 22795, 22795, 22795, 22795, 22795, 22795, 22795, 22795, 22795, 22795, 22795, 22795, 22795, 22795, 22795, 22795, 22795, 22795, 22795, 22795, 22795, 22795, 22795, 22795, 22795]
--------------------------------------------
outputs[ 1 ]=[0.0, 0.0, 0.0, 0.0, 0.0, 0.0002475860361475613, 0.004704134686803664, 0.05644961624164397, 0.10943302797722208, 0.1413716266402575, 0.15994057935132458, 0.20599158207477097, 0.2468432780391186, 0.2691260212923991, 0.3183956424857638, 0.3958900717999505, 0.4530824461500371, 0.49393414211438474, 0.5476603119584056, 0.5748947759346373, 0.5902451101757861, 0.599900965585541, 0.6053478583807873, 0.6147561277543947, 0.6439712800198069, 0.6640257489477593, 0.6848229759841545, 0.7085912354543203, 0.725179499876207, 0.7457291408764546, 0.7588512007922753, 0.763555335479079, 0.7657836098044071, 0.7692498143104729, 0.7724684327803912, 0.775439465214162, 0.7766773953948998, 0.7779153255756376, 0.7781629116117851, 0.7781629116117851, 0.7781629116117851, 0.7781629116117851, 0.7781629116117851]
outputs_edges[ 1 ]=[0, 0, 0, 0, 0, 0, 0, 3500, 3500, 3500, 3500, 8384, 13788, 17868, 21948, 25007, 25007, 25007, 25007, 25007, 25007, 25007, 25007, 25007, 25007, 25007, 25007, 25007, 25007, 25007, 25007, 25007, 25007, 25007, 25007, 25007, 25007, 25007, 25007, 25007, 25007, 25007, 25007]
--------------------------------------------
outputs[ 2 ]=[0.0, 0.0, 0.0, 0.0, 0.0, 0.0002475860361475613, 0.002723446397623174, 0.03614756127754395, 0.07972270363951472, 0.10126268878435256, 0.16167368160435752, 0.27234463976231743, 0.3706362961128992, 0.418172815053231, 0.45902451101757863, 0.5172072295122555, 0.5531072047536519, 0.5823223570190641, 0.6122802673929191, 0.6291161178509532, 0.6397623174052983, 0.6568457538994801, 0.6679871255261203, 0.6714533300321862, 0.6741767764298093, 0.6759098786828422, 0.6773953948997277, 0.6781381530081704, 0.6781381530081704, 0.6783857390443179, 0.6783857390443179, 0.6783857390443179, 0.6783857390443179, 0.6783857390443179, 0.6783857390443179, 0.6783857390443179, 0.6783857390443179, 0.6783857390443179, 0.6783857390443179, 0.6783857390443179, 0.6783857390443179, 0.6783857390443179, 0.6783857390443179]
outputs_edges[ 2 ]=[0, 0, 0, 0, 0, 0, 0, 5607, 11214, 17300, 23386, 28262, 33138, 37010, 37010, 37010, 37010, 37010, 37010, 37010, 37010, 37010, 37010, 37010, 37010, 37010, 37010, 37010, 37010, 37010, 37010, 37010, 37010, 37010, 37010, 37010, 37010, 37010, 37010, 37010, 37010, 37010, 37010]
--------------------------------------------
outputs[ 3 ]=[0.0, 0.0, 0.0, 0.0, 0.0, 0.0002475860361475613, 0.0004951720722951226, 0.0019806882891804903, 0.006437236939836593, 0.016588264421886604, 0.023768259470165882, 0.026491705867789057, 0.0319385986630354, 0.04803169101262689, 0.061401336964595196, 0.07427581084426839, 0.08937855904926963, 0.09804407031443427, 0.10274820500123794, 0.10844268383263184, 0.11364199059173062, 0.11884129735082942, 0.13097301312205992, 0.19658331270116366, 0.24040604109928201, 0.3248328794256004, 0.4258479821738054, 0.5486506561029958, 0.6115375092844764, 0.6471898984897252, 0.6598167863332508, 0.6657588512007923, 0.6702153998514484, 0.6712057439960386, 0.6721960881406289, 0.6724436741767764, 0.6729388462490715, 0.6731864322852191, 0.6731864322852191, 0.6731864322852191, 0.6731864322852191, 0.6731864322852191, 0.6731864322852191]
outputs_edges[ 3 ]=[0, 0, 0, 0, 0, 0, 0, 0, 0, 0, 0, 0, 0, 0, 0, 0, 0, 0, 0, 0, 0, 5135, 11425, 17715, 24005, 30295, 35335, 40375, 40375, 40375, 40375, 40375, 40375, 40375, 40375, 40375, 40375, 40375, 40375, 40375, 40375, 40375, 40375]
--------------------------------------------
outputs[ 4 ]=[0.0, 0.0, 0.0, 0.0, 0.0, 0.0002475860361475613, 0.0022282743253280515, 0.014112404060410992, 0.0460510027234464, 0.10646199554345134, 0.19485021044813072, 0.24139638524387225, 0.2718494676900223, 0.33597425105224066, 0.4246100519930676, 0.5149789551869275, 0.563753404307997, 0.5954444169348849, 0.6177271601881654, 0.6417430056944788, 0.6536271354295617, 0.6617974746224313, 0.6669967813815301, 0.6682347115622679, 0.6692250557068581, 0.6702153998514484, 0.6704629858875959, 0.6704629858875959, 0.6704629858875959, 0.6704629858875959, 0.6704629858875959, 0.6704629858875959, 0.6704629858875959, 0.6704629858875959, 0.6704629858875959, 0.6704629858875959, 0.6704629858875959, 0.6704629858875959, 0.6704629858875959, 0.6704629858875959, 0.6704629858875959, 0.6704629858875959, 0.6704629858875959]
outputs_edges[ 4 ]=[0, 0, 0, 0, 0, 0, 0, 3120, 6629, 11863, 18252, 24641, 30144, 34384, 37653, 40922, 40922, 40922, 40922, 40922, 40922, 40922, 40922, 40922, 40922, 40922, 40922, 40922, 40922, 40922, 40922, 40922, 40922, 40922, 40922, 40922, 40922, 40922, 40922, 40922, 40922, 40922, 40922]
--------------------------------------------
outputs[ 5 ]=[0.0, 0.0, 0.0, 0.0, 0.0, 0.0002475860361475613, 0.0004951720722951226, 0.0009903441445902451, 0.0022282743253280515, 0.004208962614508541, 0.01386481802426343, 0.07823718742262936, 0.1547412725922258, 0.28497152760584304, 0.4307997028967566, 0.5011141371626641, 0.5325575637534044, 0.5511265164644714, 0.5597920277296361, 0.5620203020549641, 0.5640009903441446, 0.5642485763802921, 0.5644961624164397, 0.5644961624164397, 0.5644961624164397, 0.5644961624164397, 0.5644961624164397, 0.5644961624164397, 0.5644961624164397, 0.5644961624164397, 0.5644961624164397, 0.5644961624164397, 0.5644961624164397, 0.5644961624164397, 0.5644961624164397, 0.5644961624164397, 0.5644961624164397, 0.5644961624164397, 0.5644961624164397, 0.5644961624164397, 0.5644961624164397, 0.5644961624164397, 0.5644961624164397]
outputs_edges[ 5 ]=[0, 0, 0, 0, 0, 0, 0, 0, 0, 6461, 12922, 19383, 25844, 32305, 37502, 37502, 37502, 37502, 37502, 37502, 37502, 37502, 37502, 37502, 37502, 37502, 37502, 37502, 37502, 37502, 37502, 37502, 37502, 37502, 37502, 37502, 37502, 37502, 37502, 37502, 37502, 37502, 37502]
--------------------------------------------
outputs[ 6 ]=[0.0, 0.0, 0.0, 0.0, 0.0, 0.0002475860361475613, 0.0037137905422134194, 0.043575142361970784, 0.08937855904926963, 0.15820747709829167, 0.2738301559792028, 0.36271354295617725, 0.41198316414954195, 0.45382520425847983, 0.5095320623916811, 0.5550878930428323, 0.5743996038623421, 0.5865313196335726, 0.5954444169348849, 0.6120326813567715, 0.6410002475860361, 0.648427828670463, 0.6526367912849715, 0.6553602376825947, 0.656350581827185, 0.656350581827185, 0.6565981678633325, 0.6565981678633325, 0.6565981678633325, 0.6565981678633325, 0.6565981678633325, 0.6565981678633325, 0.6565981678633325, 0.6565981678633325, 0.6565981678633325, 0.6565981678633325, 0.6565981678633325, 0.6565981678633325, 0.6565981678633325, 0.6565981678633325, 0.6565981678633325, 0.6565981678633325, 0.6565981678633325]
outputs_edges[ 6 ]=[0, 0, 0, 0, 0, 0, 5900, 11800, 18179, 24610, 31041, 36211, 40475, 40475, 40475, 40475, 40475, 40475, 40475, 40475, 40475, 40475, 40475, 40475, 40475, 40475, 40475, 40475, 40475, 40475, 40475, 40475, 40475, 40475, 40475, 40475, 40475, 40475, 40475, 40475, 40475, 40475, 40475]
--------------------------------------------
outputs[ 7 ]=[0.0, 0.0, 0.0, 0.0, 0.0, 0.0002475860361475613, 0.0004951720722951226, 0.0034662045060658577, 0.02550136172319881, 0.04654617479574152, 0.06412478336221837, 0.10769992572418915, 0.13963852438722457, 0.1567219608814063, 0.16786333250804655, 0.18742262936370388, 0.24634810596682347, 0.33597425105224066, 0.452587274077742, 0.5642485763802921, 0.6464471403812825, 0.676652636791285, 0.6976974498638276, 0.7147808863580094, 0.7227036395147314, 0.7264174300569448, 0.727407774201535, 0.7276553602376826, 0.7283981183461253, 0.7283981183461253, 0.7283981183461253, 0.7283981183461253, 0.7283981183461253, 0.7283981183461253, 0.7283981183461253, 0.7283981183461253, 0.7283981183461253, 0.7283981183461253, 0.7283981183461253, 0.7283981183461253, 0.7283981183461253, 0.7283981183461253, 0.7283981183461253]
outputs_edges[ 7 ]=[0, 0, 0, 0, 0, 0, 0, 0, 0, 0, 0, 0, 0, 0, 5276, 11228, 17180, 23132, 29084, 33778, 33778, 33778, 33778, 33778, 33778, 33778, 33778, 33778, 33778, 33778, 33778, 33778, 33778, 33778, 33778, 33778, 33778, 33778, 33778, 33778, 33778, 33778, 33778]
--------------------------------------------
outputs[ 8 ]=[0.0, 0.0, 0.0, 0.0, 0.0, 0.0002475860361475613, 0.0014855162168853676, 0.01138895766278782, 0.03689031938598663, 0.07155236444664521, 0.15696954691755385, 0.22802673929190392, 0.2933894528348601, 0.33820252537756873, 0.40232730873978706, 0.41891557316167366, 0.43005694478831397, 0.43550383758356026, 0.43773211190888833, 0.4387224560534786, 0.4409507303788066, 0.45110175786085666, 0.458776924981431, 0.460510027234464, 0.464471403812825, 0.47734587769249814, 0.5077989601386482, 0.5337954939341422, 0.5768754642238177, 0.608318890814558, 0.6206981926219362, 0.6271354295617727, 0.6310968061401337, 0.6323347363208714, 0.6333250804654618, 0.6335726665016093, 0.6335726665016093, 0.6335726665016093, 0.6335726665016093, 0.6335726665016093, 0.6335726665016093, 0.6335726665016093, 0.6335726665016093]
outputs_edges[ 8 ]=[0, 0, 0, 0, 0, 0, 0, 3128, 7913, 13604, 19295, 24986, 30650, 30650, 30650, 30650, 30650, 30650, 30650, 30650, 30650, 30650, 30650, 30650, 30650, 30650, 30650, 30650, 30650, 30650, 30650, 30650, 30650, 30650, 30650, 30650, 30650, 30650, 30650, 30650, 30650, 30650, 30650]
--------------------------------------------
outputs[ 9 ]=[0.0, 0.0, 0.0, 0.0, 0.0, 0.0002475860361475613, 0.0012379301807378064, 0.009160683337459768, 0.05545927209705372, 0.07997028967566229, 0.12156474374845258, 0.15053230997771724, 0.18395642485763802, 0.24436741767764297, 0.2691260212923991, 0.3235949492448626, 0.40579351324585294, 0.49690517454815547, 0.5543451349343897, 0.5810844268383263, 0.6006437236939837, 0.6098044070314435, 0.6137657836098044, 0.6154988858628373, 0.6169844020797227, 0.6174795741520178, 0.6174795741520178, 0.6177271601881654, 0.6177271601881654, 0.6177271601881654, 0.6177271601881654, 0.6177271601881654, 0.6177271601881654, 0.6177271601881654, 0.6177271601881654, 0.6177271601881654, 0.6177271601881654, 0.6177271601881654, 0.6177271601881654, 0.6177271601881654, 0.6177271601881654, 0.6177271601881654, 0.6177271601881654]
outputs_edges[ 9 ]=[0, 0, 0, 0, 0, 0, 0, 0, 0, 0, 0, 5002, 10777, 16249, 21721, 27193, 30140, 33087, 33087, 33087, 33087, 33087, 33087, 33087, 33087, 33087, 33087, 33087, 33087, 33087, 33087, 33087, 33087, 33087, 33087, 33087, 33087, 33087, 33087, 33087, 33087, 33087, 33087]
--------------------------------------------
outputs[ 10 ]=[0.0, 0.0, 0.0, 0.0, 0.0, 0.0002475860361475613, 0.0017331022530329288, 0.0059420648675414705, 0.016835850458034166, 0.04555583065115128, 0.1208219856400099, 0.20673434018321366, 0.2379301807378064, 0.2500618965090369, 0.25352810101510276, 0.2550136172319881, 0.25674671948502104, 0.25872740777420156, 0.26541223075018566, 0.2839811834612528, 0.31294874969051745, 0.3587521663778163, 0.4100024758603615, 0.4488734835355286, 0.4800693240901213, 0.49962862094577865, 0.5144837831146324, 0.531567219608814, 0.5449368655607824, 0.5531072047536519, 0.5617727160188165, 0.5793513245852934, 0.5989106214409508, 0.6526367912849715, 0.7016588264421887, 0.7541470661054717, 0.7722208467442436, 0.7803911859371131, 0.7833622183708839, 0.7853429066600643, 0.7858380787323594, 0.7858380787323594, 0.7858380787323594]
outputs_edges[ 10 ]=[0, 0, 0, 0, 0, 0, 0, 2057, 4114, 6171, 8228, 8228, 8228, 8228, 8228, 8228, 8228, 8228, 8228, 8228, 8228, 8228, 8228, 8228, 8228, 8228, 8228, 8228, 8228, 8228, 8228, 8228, 8228, 8228, 8228, 8228, 8228, 8228, 8228, 8228, 8228, 8228, 8228]
--------------------------------------------
outputs[ 11 ]=[0.0, 0.0, 0.0, 0.0, 0.0, 0.0002475860361475613, 0.0002475860361475613, 0.0002475860361475613, 0.0002475860361475613, 0.0002475860361475613, 0.0002475860361475613, 0.0002475860361475613, 0.0002475860361475613, 0.0002475860361475613, 0.0002475860361475613, 0.0002475860361475613, 0.0002475860361475613, 0.0002475860361475613, 0.0002475860361475613, 0.0002475860361475613, 0.0002475860361475613, 0.0002475860361475613, 0.0002475860361475613, 0.0002475860361475613, 0.0002475860361475613, 0.0002475860361475613, 0.0002475860361475613, 0.0002475860361475613, 0.0002475860361475613, 0.0002475860361475613, 0.0002475860361475613, 0.0002475860361475613, 0.0002475860361475613, 0.0002475860361475613, 0.0002475860361475613, 0.0002475860361475613, 0.0002475860361475613, 0.0002475860361475613, 0.0002475860361475613, 0.0002475860361475613, 0.0002475860361475613, 0.0002475860361475613, 0.0002475860361475613]
outputs_edges[ 11 ]=[0, 0, 0, 0, 0, 0, 0, 0, 0, 0, 0, 0, 0, 0, 0, 0, 0, 0, 0, 0, 0, 0, 0, 0, 0, 0, 0, 0, 0, 0, 0, 0, 0, 0, 0, 0, 0, 0, 0, 0, 0, 0, 0]
--------------------------------------------
outputs[ 12 ]=[0.0, 0.0, 0.0, 0.0, 0.0, 0.0002475860361475613, 0.012626887843525626, 0.05942064867541471, 0.10646199554345134, 0.1406288685318148, 0.15622678880911117, 0.18915573161673682, 0.26268878435256254, 0.3260708096063382, 0.4100024758603615, 0.4520921020054469, 0.46991829660807133, 0.4783362218370884, 0.48650656102995793, 0.4936865560782372, 0.49863827680118844, 0.5095320623916811, 0.5233968804159446, 0.5412230750185689, 0.569447883139391, 0.6075761327061153, 0.6276306016340678, 0.634315424610052, 0.6375340430799703, 0.6410002475860361, 0.6434761079475118, 0.6454567962366923, 0.6457043822728398, 0.646199554345135, 0.6464471403812825, 0.6469423124535776, 0.6469423124535776, 0.6469423124535776, 0.6469423124535776, 0.6469423124535776, 0.6469423124535776, 0.6469423124535776, 0.6469423124535776]
outputs_edges[ 12 ]=[0, 0, 0, 0, 0, 0, 0, 0, 4636, 9366, 14444, 19219, 23994, 27499, 27499, 27499, 27499, 27499, 27499, 27499, 27499, 27499, 27499, 27499, 27499, 27499, 27499, 27499, 27499, 27499, 27499, 27499, 27499, 27499, 27499, 27499, 27499, 27499, 27499, 27499, 27499, 27499, 27499]
--------------------------------------------
outputs[ 13 ]=[0.0, 0.0, 0.0, 0.0, 0.0, 0.0002475860361475613, 0.0007427581084426838, 0.0032186184699182965, 0.014607576132706116, 0.050507551374102504, 0.08195097796484278, 0.11611785095320624, 0.1478088635800941, 0.16018816538747216, 0.16959643476107947, 0.17751918791780144, 0.22208467442436247, 0.2582322357019064, 0.292894280762565, 0.4072790294627383, 0.5248823966328299, 0.5798464966575885, 0.61624164397128, 0.6402574894775934, 0.6516464471403813, 0.658578856152513, 0.6613023025501362, 0.6625402327308739, 0.6652636791284972, 0.6677395394899728, 0.6689774696707106, 0.6694726417430057, 0.6702153998514484, 0.6712057439960386, 0.672691260212924, 0.6741767764298093, 0.6741767764298093, 0.6741767764298093, 0.6741767764298093, 0.6741767764298093, 0.6741767764298093, 0.6741767764298093, 0.6741767764298093]
outputs_edges[ 13 ]=[0, 0, 0, 0, 0, 0, 0, 0, 0, 0, 0, 0, 0, 0, 0, 5906, 11767, 17680, 23593, 28251, 32909, 32909, 32909, 32909, 32909, 32909, 32909, 32909, 32909, 32909, 32909, 32909, 32909, 32909, 32909, 32909, 32909, 32909, 32909, 32909, 32909, 32909, 32909]
--------------------------------------------
outputs[ 14 ]=[0.0, 0.0, 0.0, 0.0, 0.0, 0.0002475860361475613, 0.0012379301807378064, 0.006437236939836593, 0.024511017578608567, 0.04134686803664273, 0.053726169844020795, 0.08170339192869522, 0.16365436989353802, 0.19831641495419658, 0.2379301807378064, 0.3580094082693736, 0.48749690517454813, 0.549641000247586, 0.6041099282000495, 0.6338202525377569, 0.6541223075018568, 0.6650160930923495, 0.6684822975984155, 0.6714533300321862, 0.6724436741767764, 0.6736816043575142, 0.6764050507551375, 0.6786333250804655, 0.6791284971527606, 0.6791284971527606, 0.6791284971527606, 0.6791284971527606, 0.6791284971527606, 0.6791284971527606, 0.6791284971527606, 0.6791284971527606, 0.6791284971527606, 0.6791284971527606, 0.6791284971527606, 0.6791284971527606, 0.6791284971527606, 0.6791284971527606, 0.6791284971527606]
outputs_edges[ 14 ]=[0, 0, 0, 0, 0, 0, 0, 0, 0, 0, 0, 5681, 12117, 18553, 24944, 30077, 34829, 34829, 34829, 34829, 34829, 34829, 34829, 34829, 34829, 34829, 34829, 34829, 34829, 34829, 34829, 34829, 34829, 34829, 34829, 34829, 34829, 34829, 34829, 34829, 34829, 34829, 34829]
--------------------------------------------
outputs[ 15 ]=[0.0, 0.0, 0.0, 0.0, 0.0, 0.0002475860361475613, 0.0029710324337707352, 0.022035157217132954, 0.04704134686803664, 0.115127506808616, 0.19187917801436, 0.23248328794256004, 0.2738301559792028, 0.33919286952215894, 0.41792522901708345, 0.43723693983659323, 0.45803416687298837, 0.4822975984154494, 0.519187917801436, 0.561525129982669, 0.5934637286457044, 0.6353057687546423, 0.6798712552612033, 0.692993315177024, 0.7011636543698936, 0.7038871007675167, 0.7058677890566972, 0.7066105471651399, 0.7076008913097301, 0.7076008913097301, 0.7076008913097301, 0.7076008913097301, 0.7076008913097301, 0.7076008913097301, 0.7076008913097301, 0.7076008913097301, 0.7076008913097301, 0.7076008913097301, 0.7076008913097301, 0.7076008913097301, 0.7076008913097301, 0.7076008913097301, 0.7076008913097301]
outputs_edges[ 15 ]=[0, 0, 0, 0, 0, 0, 0, 3463, 8196, 13880, 19564, 25248, 29928, 33353, 33353, 33353, 33353, 33353, 33353, 33353, 33353, 33353, 33353, 33353, 33353, 33353, 33353, 33353, 33353, 33353, 33353, 33353, 33353, 33353, 33353, 33353, 33353, 33353, 33353, 33353, 33353, 33353, 33353]
--------------------------------------------
outputs[ 16 ]=[0.0, 0.0, 0.0, 0.0, 0.0, 0.0002475860361475613, 0.0012379301807378064, 0.004456548650656103, 0.015845506313443922, 0.030453082446150036, 0.039366179747462246, 0.057687546422381775, 0.0876454567962367, 0.15201782619460263, 0.19608814062886853, 0.26541223075018566, 0.37954939341421146, 0.4684327803911859, 0.5251299826689775, 0.5644961624164397, 0.6147561277543947, 0.6387719732607081, 0.648427828670463, 0.658578856152513, 0.6684822975984155, 0.6964595196830898, 0.7115622678880911, 0.7189898489725179, 0.7219608814062887, 0.7244367417677643, 0.7254270859123545, 0.7254270859123545, 0.7256746719485021, 0.7256746719485021, 0.7256746719485021, 0.7256746719485021, 0.7256746719485021, 0.7256746719485021, 0.7256746719485021, 0.7256746719485021, 0.7256746719485021, 0.7256746719485021, 0.7256746719485021]
outputs_edges[ 16 ]=[0, 0, 0, 0, 0, 0, 0, 0, 0, 0, 0, 5702, 11653, 17604, 24034, 30464, 36849, 41976, 41976, 41976, 41976, 41976, 41976, 41976, 41976, 41976, 41976, 41976, 41976, 41976, 41976, 41976, 41976, 41976, 41976, 41976, 41976, 41976, 41976, 41976, 41976, 41976, 41976]
--------------------------------------------
outputs[ 17 ]=[0.0, 0.0, 0.0, 0.0, 0.0, 0.0002475860361475613, 0.0007427581084426838, 0.0012379301807378064, 0.003961376578360981, 0.01361723198811587, 0.02772963604852686, 0.03738549145828175, 0.04704134686803664, 0.06907650408516959, 0.08665511265164645, 0.1022530329289428, 0.1208219856400099, 0.21762812577370635, 0.31245357761822234, 0.35256251547412726, 0.4085169596434761, 0.4352562515474127, 0.4478831393909384, 0.4654617479574152, 0.4892300074275811, 0.5810844268383263, 0.6541223075018568, 0.6932409012131716, 0.7061153750928447, 0.7140381282495667, 0.7179995048279277, 0.7192374350086655, 0.7199801931171081, 0.7204753651894034, 0.7204753651894034, 0.7204753651894034, 0.7204753651894034, 0.7207229512255509, 0.7207229512255509, 0.7207229512255509, 0.7207229512255509, 0.7207229512255509, 0.7207229512255509]
outputs_edges[ 17 ]=[0, 0, 0, 0, 0, 0, 0, 0, 0, 0, 0, 0, 0, 0, 3627, 8524, 13376, 17956, 22536, 22536, 22536, 22536, 25734, 28932, 32130, 35328, 35328, 35328, 35328, 35328, 35328, 35328, 35328, 35328, 35328, 35328, 35328, 35328, 35328, 35328, 35328, 35328, 35328]
--------------------------------------------
outputs[ 18 ]=[0.0, 0.0, 0.0, 0.0, 0.0, 0.0002475860361475613, 0.0004951720722951226, 0.003961376578360981, 0.01733102253032929, 0.0319385986630354, 0.04456548650656103, 0.0658578856152513, 0.08913097301312206, 0.10299579103738549, 0.1272592225798465, 0.17182470908640754, 0.26813567714780884, 0.36964595196830896, 0.44763555335479077, 0.4976479326565982, 0.5256251547412726, 0.5679623669225056, 0.6112899232483288, 0.6627878187670215, 0.6835850458034167, 0.6994305521168606, 0.7125526120326814, 0.7179995048279277, 0.7197326070809607, 0.7207229512255509, 0.7209705372616985, 0.7209705372616985, 0.7209705372616985, 0.7209705372616985, 0.7209705372616985, 0.7209705372616985, 0.7209705372616985, 0.7209705372616985, 0.7209705372616985, 0.7209705372616985, 0.7209705372616985, 0.7209705372616985, 0.7209705372616985]
outputs_edges[ 18 ]=[0, 0, 0, 0, 0, 0, 0, 0, 0, 0, 0, 0, 3545, 8387, 14135, 19883, 26110, 32292, 38768, 43110, 43110, 43110, 43110, 43110, 43110, 43110, 43110, 43110, 43110, 43110, 43110, 43110, 43110, 43110, 43110, 43110, 43110, 43110, 43110, 43110, 43110, 43110, 43110]
--------------------------------------------
outputs[ 19 ]=[0.0, 0.0, 0.0, 0.0, 0.0, 0.0002475860361475613, 0.0032186184699182965, 0.01757860856647685, 0.041099282000495174, 0.07526615498885862, 0.16538747214657093, 0.2193612280267393, 0.2552612032681357, 0.3050259965337955, 0.32829908393166624, 0.33993562763060164, 0.3572666501609309, 0.4194107452339688, 0.4449121069571676, 0.4520921020054469, 0.45729140876454566, 0.46075761327061154, 0.4657093339935628, 0.47338450111413716, 0.48997276553602376, 0.5305768754642238, 0.5714285714285714, 0.6130230255013617, 0.6387719732607081, 0.6583312701163654, 0.6684822975984155, 0.6781381530081704, 0.6825947016588264, 0.685070562020302, 0.6855657340925971, 0.6860609061648923, 0.686803664273335, 0.686803664273335, 0.686803664273335, 0.686803664273335, 0.686803664273335, 0.686803664273335, 0.686803664273335]
outputs_edges[ 19 ]=[0, 0, 0, 0, 0, 0, 0, 3130, 7530, 12308, 17086, 17086, 17086, 17086, 17086, 17086, 17086, 17086, 17086, 17086, 17086, 17086, 17086, 17086, 17086, 17086, 17086, 17086, 17086, 17086, 17086, 17086, 17086, 17086, 17086, 17086, 17086, 17086, 17086, 17086, 17086, 17086, 17086]
--------------------------------------------
avg_output=[0.0, 0.0, 0.0, 0.0, 0.0, 0.00024758603614756134, 0.002401584550631344, 0.016365436989353797, 0.03957662787818767, 0.06840802178757119, 0.11075761327061155, 0.1559668234711562, 0.19670710571923747, 0.2378930428323843, 0.28170339192869526, 0.3221713295370141, 0.36395147313691506, 0.4061277543946522, 0.4428447635553354, 0.47436246595692005, 0.502983411735578, 0.5222208467442437, 0.5380415944540727, 0.5530576875464224, 0.5657712305025997, 0.5850334241148799, 0.6027605843030452, 0.6180490220351571, 0.62790294627383, 0.6347115622678879, 0.6381034909631096, 0.640542213419163, 0.6423867293884624, 0.6455805892547659, 0.648403070066848, 0.6513245852933893, 0.6523520673434016, 0.6528472394156968, 0.6530081703391926, 0.6531072047536517, 0.6531319633572664, 0.6531319633572664, 0.6531319633572664]
avg_output_edges=[0.0, 0.0, 0.0, 0.0, 0.0, 0.0, 295.0, 1962.25, 3939.55, 6532.65, 9246.2, 12541.4, 15708.1, 18122.3, 20396.8, 22690.1, 24538.9, 26073.95, 27220.0, 27904.7, 28137.6, 28394.35, 28868.75, 29343.15, 29817.55, 30291.95, 30543.95, 30795.95, 30795.95, 30795.95, 30795.95, 30795.95, 30795.95, 30795.95, 30795.95, 30795.95, 30795.95, 30795.95, 30795.95, 30795.95, 30795.95, 30795.95, 30795.95]
