outputs[ 0 ]=[0.0, 0.0, 0.0, 0.0, 0.0, 0.0002475860361475613, 0.0032186184699182965, 0.03589997524139638, 0.07427581084426839, 0.08294132210943303, 0.086902698687794, 0.08937855904926963, 0.09111166130230255, 0.0913592473384501, 0.09185441941074524, 0.09259717751918792, 0.09383510769992573, 0.10200544689279524, 0.11859371131468185, 0.13443921762812577, 0.14879920772468433, 0.1733102253032929, 0.18767021539985146, 0.19658331270116366, 0.20302054964100025, 0.20821985640009905, 0.21069571676157464, 0.21119088883386977, 0.21143847487001732, 0.21193364694231245, 0.21242881901460758, 0.21242881901460758, 0.21242881901460758, 0.2129239910869027, 0.21317157712305027, 0.21341916315919782, 0.2136667491953454, 0.2136667491953454, 0.2136667491953454, 0.2136667491953454, 0.2136667491953454, 0.2136667491953454, 0.2136667491953454, 0.2136667491953454, 0.2136667491953454, 0.2136667491953454, 0.2136667491953454, 0.2136667491953454, 0.2136667491953454, 0.2136667491953454, 0.2136667491953454, 0.2136667491953454, 0.2136667491953454, 0.2136667491953454, 0.2136667491953454, 0.2136667491953454, 0.2136667491953454, 0.2136667491953454, 0.2136667491953454, 0.2136667491953454, 0.2136667491953454]
outputs_edges[ 0 ]=[0, 0, 0, 1253, 2506, 3759, 5012, 6265, 7518, 8771, 8771, 8771, 8771, 9092, 9458, 9824, 10190, 10556, 10922, 10967, 11012, 11057, 11102, 11147, 11192, 11192, 11192, 11192, 11192, 11192, 11192, 11192, 11192, 11192, 11192, 11192, 11192, 11192, 11192, 11192, 11192, 11192, 11192, 11192, 11192, 11192, 11192, 11192, 11192, 11192, 11192, 11192, 11192, 11192, 11192, 11192, 11192, 11192, 11192, 11192, 11192]
--------------------------------------------
outputs[ 1 ]=[0.0, 0.0, 0.0, 0.0, 0.0, 0.0002475860361475613, 0.0012379301807378064, 0.0049517207229512255, 0.012874473879673186, 0.027977222084674423, 0.06338202525377569, 0.08739787076008913, 0.0997771725674672, 0.10844268383263184, 0.11166130230255014, 0.1131468185194355, 0.11364199059173062, 0.11364199059173062, 0.11388957662787819, 0.11388957662787819, 0.11388957662787819, 0.11388957662787819, 0.11388957662787819, 0.11388957662787819, 0.11388957662787819, 0.11388957662787819, 0.11388957662787819, 0.11388957662787819, 0.11388957662787819, 0.11388957662787819, 0.11388957662787819, 0.11388957662787819, 0.11388957662787819, 0.11388957662787819, 0.11388957662787819, 0.11388957662787819, 0.11388957662787819, 0.11388957662787819, 0.11388957662787819, 0.11388957662787819, 0.11388957662787819, 0.11388957662787819, 0.11388957662787819, 0.11388957662787819, 0.11388957662787819, 0.11388957662787819, 0.11388957662787819, 0.11388957662787819, 0.11388957662787819, 0.11388957662787819, 0.11388957662787819, 0.11388957662787819, 0.11388957662787819, 0.11388957662787819, 0.11388957662787819, 0.11388957662787819, 0.11388957662787819, 0.11388957662787819, 0.11388957662787819, 0.11388957662787819, 0.11388957662787819]
outputs_edges[ 1 ]=[0, 0, 0, 0, 455, 910, 1365, 1820, 2275, 2730, 3185, 3640, 4095, 4550, 4550, 4550, 4550, 4550, 4550, 4550, 4550, 4550, 4550, 4550, 4550, 4550, 4550, 4550, 4550, 4550, 4550, 4550, 4550, 4550, 4550, 4550, 4550, 4550, 4550, 4550, 4550, 4550, 4550, 4550, 4550, 4550, 4550, 4550, 4550, 4550, 4550, 4550, 4550, 4550, 4550, 4550, 4550, 4550, 4550, 4550, 4550]
--------------------------------------------
outputs[ 2 ]=[0.0, 0.0, 0.0, 0.0, 0.0, 0.0002475860361475613, 0.0004951720722951226, 0.0014855162168853676, 0.0022282743253280515, 0.0029710324337707352, 0.006437236939836593, 0.018321366674919536, 0.02896756622926467, 0.032433770735330526, 0.03317652884377321, 0.03490963109680614, 0.03589997524139638, 0.037137905422134194, 0.03887100767516712, 0.03986135181975736, 0.04010893785590493, 0.04010893785590493, 0.040356523892052486, 0.04060410992820005, 0.04060410992820005, 0.04060410992820005, 0.04060410992820005, 0.04060410992820005, 0.04060410992820005, 0.04060410992820005, 0.04060410992820005, 0.04060410992820005, 0.04060410992820005, 0.04060410992820005, 0.04060410992820005, 0.04060410992820005, 0.04060410992820005, 0.04060410992820005, 0.04060410992820005, 0.04060410992820005, 0.04060410992820005, 0.04060410992820005, 0.04060410992820005, 0.04060410992820005, 0.04060410992820005, 0.04060410992820005, 0.04060410992820005, 0.04060410992820005, 0.04060410992820005, 0.04060410992820005, 0.04060410992820005, 0.04060410992820005, 0.04060410992820005, 0.04060410992820005, 0.04060410992820005, 0.04060410992820005, 0.04060410992820005, 0.04060410992820005, 0.04060410992820005, 0.04060410992820005, 0.04060410992820005]
outputs_edges[ 2 ]=[0, 0, 0, 0, 0, 0, 0, 7, 14, 21, 28, 35, 42, 42, 42, 42, 42, 42, 42, 42, 42, 42, 42, 42, 42, 42, 42, 42, 42, 42, 42, 42, 42, 42, 42, 42, 42, 42, 42, 42, 42, 42, 42, 42, 42, 42, 42, 42, 42, 42, 42, 42, 42, 42, 42, 42, 42, 42, 42, 42, 42]
--------------------------------------------
outputs[ 3 ]=[0.0, 0.0, 0.0, 0.0, 0.0, 0.0002475860361475613, 0.004208962614508541, 0.019806882891804902, 0.039366179747462246, 0.09061648923000742, 0.1502847239415697, 0.18445159692993315, 0.2205991582074771, 0.2480812082198564, 0.26268878435256254, 0.2735825699430552, 0.2777915325575638, 0.27927704877444914, 0.27977222084674425, 0.2805149789551869, 0.2812577370636296, 0.28150532309977716, 0.2817529091359247, 0.2820004951720723, 0.2820004951720723, 0.2820004951720723, 0.2820004951720723, 0.2820004951720723, 0.2820004951720723, 0.2820004951720723, 0.2820004951720723, 0.2820004951720723, 0.2820004951720723, 0.2820004951720723, 0.2820004951720723, 0.2820004951720723, 0.2820004951720723, 0.2820004951720723, 0.2820004951720723, 0.2820004951720723, 0.2820004951720723, 0.2820004951720723, 0.2820004951720723, 0.2820004951720723, 0.2820004951720723, 0.2820004951720723, 0.2820004951720723, 0.2820004951720723, 0.2820004951720723, 0.2820004951720723, 0.2820004951720723, 0.2820004951720723, 0.2820004951720723, 0.2820004951720723, 0.2820004951720723, 0.2820004951720723, 0.2820004951720723, 0.2820004951720723, 0.2820004951720723, 0.2820004951720723, 0.2820004951720723]
outputs_edges[ 3 ]=[0, 0, 0, 977, 1954, 4517, 7080, 10501, 13922, 17343, 20764, 24185, 26629, 27816, 29003, 30190, 30190, 30190, 30190, 30190, 30190, 30190, 30190, 30190, 30190, 30190, 30190, 30190, 30190, 30190, 30190, 30190, 30190, 30190, 30190, 30190, 30190, 30190, 30190, 30190, 30190, 30190, 30190, 30190, 30190, 30190, 30190, 30190, 30190, 30190, 30190, 30190, 30190, 30190, 30190, 30190, 30190, 30190, 30190, 30190, 30190]
--------------------------------------------
outputs[ 4 ]=[0.0, 0.0, 0.0, 0.0, 0.0, 0.0002475860361475613, 0.0002475860361475613, 0.0004951720722951226, 0.0014855162168853676, 0.0032186184699182965, 0.006932409012131715, 0.014112404060410992, 0.02550136172319881, 0.031691012626887845, 0.0351572171329537, 0.03738549145828175, 0.039366179747462246, 0.039613765783609804, 0.04010893785590493, 0.040356523892052486, 0.041099282000495174, 0.041842040108937856, 0.04258479821738054, 0.04382272839811835, 0.04926962119336469, 0.06561029957910373, 0.08541718247090864, 0.10472889329041841, 0.13666749195345382, 0.2210943302797722, 0.2760584303045308, 0.35776182223322606, 0.4404555583065115, 0.49393414211438474, 0.5179499876206982, 0.5347858380787324, 0.5456796236692251, 0.5503837583560287, 0.5528596187175043, 0.5548403070066849, 0.5630106461995543, 0.6088140628868531, 0.6660064372369399, 0.6825947016588264, 0.6934884872493191, 0.7026491705867789, 0.7053726169844021, 0.7058677890566972, 0.7068581332012874, 0.7078484773458777, 0.7080960633820252, 0.7080960633820252, 0.7083436494181728, 0.7083436494181728, 0.7083436494181728, 0.7083436494181728, 0.7083436494181728, 0.7083436494181728, 0.7083436494181728, 0.7083436494181728, 0.7083436494181728]
outputs_edges[ 4 ]=[0, 0, 0, 0, 0, 0, 0, 7, 14, 21, 28, 35, 42, 49, 49, 49, 49, 49, 49, 49, 49, 415, 781, 1147, 2774, 4401, 7515, 11468, 15421, 19374, 23327, 27280, 31188, 33835, 35474, 36792, 38901, 41916, 44092, 46268, 48444, 50620, 52796, 54972, 56242, 57512, 57512, 57512, 57512, 57512, 57512, 57512, 57512, 57512, 57512, 57512, 57512, 57512, 57512, 57512, 57512]
--------------------------------------------
outputs[ 5 ]=[0.0, 0.0, 0.0, 0.0, 0.0, 0.0002475860361475613, 0.0007427581084426838, 0.0076751671205743995, 0.03664273334983907, 0.07328546669967814, 0.1369150779896014, 0.21119088883386977, 0.2448625897499381, 0.2634315424610052, 0.2711067095815796, 0.27531567219608816, 0.2768011884129735, 0.2782867046298589, 0.27927704877444914, 0.27977222084674425, 0.28150532309977716, 0.28373359742510523, 0.2864570438227284, 0.2904184204010894, 0.29462738301559793, 0.30799702896756626, 0.3406783857390443, 0.3607328546669968, 0.37657836098044073, 0.38573904431790046, 0.39143352314929436, 0.39366179747462243, 0.39489972765536024, 0.39489972765536024, 0.3951473136915078, 0.3951473136915078, 0.3951473136915078, 0.3951473136915078, 0.3951473136915078, 0.3951473136915078, 0.3951473136915078, 0.3951473136915078, 0.3951473136915078, 0.3951473136915078, 0.3951473136915078, 0.3951473136915078, 0.3951473136915078, 0.3951473136915078, 0.3951473136915078, 0.3951473136915078, 0.3951473136915078, 0.3951473136915078, 0.3951473136915078, 0.3951473136915078, 0.3951473136915078, 0.3951473136915078, 0.3951473136915078, 0.3951473136915078, 0.3951473136915078, 0.3951473136915078, 0.3951473136915078]
outputs_edges[ 5 ]=[0, 0, 0, 0, 1010, 2020, 5499, 8978, 12457, 15936, 19415, 21884, 24353, 26822, 28033, 28033, 28033, 28033, 28033, 28411, 29268, 29747, 30226, 30705, 31184, 31663, 32142, 32621, 33100, 33579, 33579, 33579, 33579, 33579, 33579, 33579, 33579, 33579, 33579, 33579, 33579, 33579, 33579, 33579, 33579, 33579, 33579, 33579, 33579, 33579, 33579, 33579, 33579, 33579, 33579, 33579, 33579, 33579, 33579, 33579, 33579]
--------------------------------------------
outputs[ 6 ]=[0.0, 0.0, 0.0, 0.0, 0.0, 0.0002475860361475613, 0.0007427581084426838, 0.0034662045060658577, 0.019806882891804902, 0.04060410992820005, 0.10621440950730379, 0.19732607080960635, 0.23669225055706858, 0.2557563753404308, 0.2698687794008418, 0.2824956672443674, 0.3082446150037138, 0.33820252537756873, 0.3597425105224065, 0.3741025006189651, 0.379796979450359, 0.38326318395642484, 0.38450111413716265, 0.3849962862094578, 0.3849962862094578, 0.3849962862094578, 0.3849962862094578, 0.3849962862094578, 0.3849962862094578, 0.3849962862094578, 0.3849962862094578, 0.3849962862094578, 0.3849962862094578, 0.3849962862094578, 0.3849962862094578, 0.3849962862094578, 0.3849962862094578, 0.3849962862094578, 0.3849962862094578, 0.3849962862094578, 0.3849962862094578, 0.3849962862094578, 0.3849962862094578, 0.3849962862094578, 0.3849962862094578, 0.3849962862094578, 0.3849962862094578, 0.3849962862094578, 0.3849962862094578, 0.3849962862094578, 0.3849962862094578, 0.3849962862094578, 0.3849962862094578, 0.3849962862094578, 0.3849962862094578, 0.3849962862094578, 0.3849962862094578, 0.3849962862094578, 0.3849962862094578, 0.3849962862094578, 0.3849962862094578]
outputs_edges[ 6 ]=[0, 0, 0, 0, 1004, 2008, 5440, 8872, 12304, 15736, 19168, 23079, 26990, 29314, 30634, 31954, 32433, 32912, 33391, 33870, 34349, 34349, 34349, 34349, 34349, 34349, 34349, 34349, 34349, 34349, 34349, 34349, 34349, 34349, 34349, 34349, 34349, 34349, 34349, 34349, 34349, 34349, 34349, 34349, 34349, 34349, 34349, 34349, 34349, 34349, 34349, 34349, 34349, 34349, 34349, 34349, 34349, 34349, 34349, 34349, 34349]
--------------------------------------------
outputs[ 7 ]=[0.0, 0.0, 0.0, 0.0, 0.0, 0.0002475860361475613, 0.002723446397623174, 0.03367170091606833, 0.07006684822975984, 0.12057439960386235, 0.13567714780886359, 0.14409507303788066, 0.14681851943550384, 0.14805644961624165, 0.14879920772468433, 0.14904679376083188, 0.14929437979697946, 0.149541965833127, 0.149541965833127, 0.149541965833127, 0.149541965833127, 0.149541965833127, 0.149541965833127, 0.149541965833127, 0.149541965833127, 0.149541965833127, 0.149541965833127, 0.149541965833127, 0.149541965833127, 0.149541965833127, 0.149541965833127, 0.149541965833127, 0.149541965833127, 0.149541965833127, 0.149541965833127, 0.149541965833127, 0.149541965833127, 0.149541965833127, 0.149541965833127, 0.149541965833127, 0.149541965833127, 0.149541965833127, 0.149541965833127, 0.149541965833127, 0.149541965833127, 0.149541965833127, 0.149541965833127, 0.149541965833127, 0.149541965833127, 0.149541965833127, 0.149541965833127, 0.149541965833127, 0.149541965833127, 0.149541965833127, 0.149541965833127, 0.149541965833127, 0.149541965833127, 0.149541965833127, 0.149541965833127, 0.149541965833127, 0.149541965833127]
outputs_edges[ 7 ]=[0, 0, 0, 1270, 3446, 5622, 7798, 9974, 12150, 14326, 16502, 17772, 17772, 17772, 17772, 17772, 17772, 17772, 17772, 17772, 17772, 17772, 17772, 17772, 17772, 17772, 17772, 17772, 17772, 17772, 17772, 17772, 17772, 17772, 17772, 17772, 17772, 17772, 17772, 17772, 17772, 17772, 17772, 17772, 17772, 17772, 17772, 17772, 17772, 17772, 17772, 17772, 17772, 17772, 17772, 17772, 17772, 17772, 17772, 17772, 17772]
--------------------------------------------
outputs[ 8 ]=[0.0, 0.0, 0.0, 0.0, 0.0, 0.0002475860361475613, 0.0012379301807378064, 0.011884129735082941, 0.03911859371131468, 0.0638771973260708, 0.08492201039861352, 0.09457786580836841, 0.10200544689279524, 0.10646199554345134, 0.10943302797722208, 0.1106709581579599, 0.11289923248328794, 0.11413716266402575, 0.11487992077246843, 0.11562267888091111, 0.11661302302550136, 0.11809853924238672, 0.12354543203763307, 0.14087645456796236, 0.22753156721960882, 0.3122059915820748, 0.36568457538994803, 0.40975488982421393, 0.4416934884872493, 0.4657093339935628, 0.47858380787323596, 0.48650656102995793, 0.49071552364446647, 0.49269621193364693, 0.49393414211438474, 0.4941817281505323, 0.49442931418667985, 0.49467690022282745, 0.49467690022282745, 0.494924486258975, 0.494924486258975, 0.494924486258975, 0.494924486258975, 0.49517207229512256, 0.49517207229512256, 0.49517207229512256, 0.49517207229512256, 0.49517207229512256, 0.49517207229512256, 0.49517207229512256, 0.49517207229512256, 0.49517207229512256, 0.49517207229512256, 0.49517207229512256, 0.49517207229512256, 0.49517207229512256, 0.49517207229512256, 0.49517207229512256, 0.49517207229512256, 0.49517207229512256, 0.49517207229512256]
outputs_edges[ 8 ]=[0, 0, 0, 479, 958, 1437, 1916, 2395, 2874, 3353, 3832, 4311, 4790, 5269, 5269, 5269, 5269, 5269, 5269, 6859, 9453, 12935, 16417, 19899, 23381, 26863, 30345, 32237, 33125, 34013, 34058, 34103, 34103, 34103, 34103, 34103, 34103, 34103, 34103, 34103, 34103, 34103, 34103, 34103, 34103, 34103, 34103, 34103, 34103, 34103, 34103, 34103, 34103, 34103, 34103, 34103, 34103, 34103, 34103, 34103, 34103]
--------------------------------------------
outputs[ 9 ]=[0.0, 0.0, 0.0, 0.0, 0.0, 0.0002475860361475613, 0.0012379301807378064, 0.004208962614508541, 0.010151027482050013, 0.012626887843525626, 0.02079722703639515, 0.045060658578856154, 0.06684822975984155, 0.07897994553107204, 0.08269373607328546, 0.08492201039861352, 0.08541718247090864, 0.08665511265164645, 0.086902698687794, 0.08739787076008913, 0.09234959148304035, 0.1413716266402575, 0.16588264421886606, 0.17083436494181728, 0.173805397375588, 0.1757860856647685, 0.17677642980935876, 0.1770240158455063, 0.17727160188165386, 0.177766773953949, 0.17826194602624412, 0.17850953206239167, 0.17999504827927704, 0.18321366674919534, 0.19113641990591732, 0.20227779153255757, 0.230255013617232, 0.2716018816538747, 0.31171081950977964, 0.3357266650160931, 0.35776182223322606, 0.3802921515226541, 0.3951473136915078, 0.4020797227036395, 0.40752661549888586, 0.4112404060410993, 0.41495419658331273, 0.4164397128001981, 0.4169348848724932, 0.4174300569447883, 0.4174300569447883, 0.41767764298093585, 0.4186679871255261, 0.41916315919782127, 0.4194107452339688, 0.4194107452339688, 0.4194107452339688, 0.4194107452339688, 0.4194107452339688, 0.4194107452339688, 0.4194107452339688]
outputs_edges[ 9 ]=[0, 0, 0, 0, 841, 1682, 2523, 3364, 4205, 5046, 5887, 6728, 7569, 8410, 8410, 8410, 8410, 9666, 10922, 12178, 13434, 14690, 15946, 17202, 17202, 17202, 17202, 17202, 17202, 17202, 17533, 18343, 19198, 20053, 20908, 21763, 22618, 23473, 24328, 25183, 25707, 26231, 26276, 26321, 26366, 26411, 26411, 26411, 26411, 26411, 26411, 26411, 26411, 26411, 26411, 26411, 26411, 26411, 26411, 26411, 26411]
--------------------------------------------
outputs[ 10 ]=[0.0, 0.0, 0.0, 0.0, 0.0, 0.0002475860361475613, 0.0007427581084426838, 0.009160683337459768, 0.04555583065115128, 0.08615994057935132, 0.1406288685318148, 0.15424610051993068, 0.1624164397128002, 0.1663778162911612, 0.16885367665263679, 0.1700916068333746, 0.1713295370141124, 0.1720722951225551, 0.17231988115870264, 0.17231988115870264, 0.17231988115870264, 0.17231988115870264, 0.17231988115870264, 0.17231988115870264, 0.17231988115870264, 0.17231988115870264, 0.17231988115870264, 0.17231988115870264, 0.17231988115870264, 0.17231988115870264, 0.17231988115870264, 0.17231988115870264, 0.17231988115870264, 0.17231988115870264, 0.17231988115870264, 0.17231988115870264, 0.17231988115870264, 0.17231988115870264, 0.17231988115870264, 0.17231988115870264, 0.17231988115870264, 0.17231988115870264, 0.17231988115870264, 0.17231988115870264, 0.17231988115870264, 0.17231988115870264, 0.17231988115870264, 0.17231988115870264, 0.17231988115870264, 0.17231988115870264, 0.17231988115870264, 0.17231988115870264, 0.17231988115870264, 0.17231988115870264, 0.17231988115870264, 0.17231988115870264, 0.17231988115870264, 0.17231988115870264, 0.17231988115870264, 0.17231988115870264, 0.17231988115870264]
outputs_edges[ 10 ]=[0, 0, 0, 0, 1270, 3695, 6120, 8545, 10970, 13395, 15820, 17996, 19266, 19266, 19266, 19266, 19266, 19266, 19266, 19266, 19266, 19266, 19266, 19266, 19266, 19266, 19266, 19266, 19266, 19266, 19266, 19266, 19266, 19266, 19266, 19266, 19266, 19266, 19266, 19266, 19266, 19266, 19266, 19266, 19266, 19266, 19266, 19266, 19266, 19266, 19266, 19266, 19266, 19266, 19266, 19266, 19266, 19266, 19266, 19266, 19266]
--------------------------------------------
outputs[ 11 ]=[0.0, 0.0, 0.0, 0.0, 0.0, 0.0002475860361475613, 0.002723446397623174, 0.033919286952215896, 0.06957167615746472, 0.1163654369893538, 0.12998266897746968, 0.139390938351077, 0.14508541718247092, 0.14756127754394652, 0.14879920772468433, 0.14904679376083188, 0.14904679376083188, 0.14904679376083188, 0.14904679376083188, 0.14904679376083188, 0.14904679376083188, 0.14904679376083188, 0.14904679376083188, 0.14904679376083188, 0.14904679376083188, 0.14904679376083188, 0.14904679376083188, 0.14904679376083188, 0.14904679376083188, 0.14904679376083188, 0.14904679376083188, 0.14904679376083188, 0.14904679376083188, 0.14904679376083188, 0.14904679376083188, 0.14904679376083188, 0.14904679376083188, 0.14904679376083188, 0.14904679376083188, 0.14904679376083188, 0.14904679376083188, 0.14904679376083188, 0.14904679376083188, 0.14904679376083188, 0.14904679376083188, 0.14904679376083188, 0.14904679376083188, 0.14904679376083188, 0.14904679376083188, 0.14904679376083188, 0.14904679376083188, 0.14904679376083188, 0.14904679376083188, 0.14904679376083188, 0.14904679376083188, 0.14904679376083188, 0.14904679376083188, 0.14904679376083188, 0.14904679376083188, 0.14904679376083188, 0.14904679376083188]
outputs_edges[ 11 ]=[0, 0, 0, 1270, 3446, 5622, 7798, 9974, 12150, 14326, 16502, 17772, 17772, 17772, 17772, 17772, 17772, 17772, 17772, 17772, 17772, 17772, 17772, 17772, 17772, 17772, 17772, 17772, 17772, 17772, 17772, 17772, 17772, 17772, 17772, 17772, 17772, 17772, 17772, 17772, 17772, 17772, 17772, 17772, 17772, 17772, 17772, 17772, 17772, 17772, 17772, 17772, 17772, 17772, 17772, 17772, 17772, 17772, 17772, 17772, 17772]
--------------------------------------------
outputs[ 12 ]=[0.0, 0.0, 0.0, 0.0, 0.0, 0.0002475860361475613, 0.0009903441445902451, 0.006684822975984155, 0.056697202277791535, 0.07997028967566229, 0.08640752661549889, 0.09061648923000742, 0.09234959148304035, 0.09284476355533548, 0.09309234959148303, 0.09309234959148303, 0.09309234959148303, 0.09309234959148303, 0.09309234959148303, 0.09309234959148303, 0.09309234959148303, 0.09309234959148303, 0.09309234959148303, 0.09309234959148303, 0.09309234959148303, 0.09309234959148303, 0.09309234959148303, 0.09309234959148303, 0.09309234959148303, 0.09309234959148303, 0.09309234959148303, 0.09309234959148303, 0.09309234959148303, 0.09309234959148303, 0.09309234959148303, 0.09309234959148303, 0.09309234959148303, 0.09309234959148303, 0.09309234959148303, 0.09309234959148303, 0.09309234959148303, 0.09309234959148303, 0.09309234959148303, 0.09309234959148303, 0.09309234959148303, 0.09309234959148303, 0.09309234959148303, 0.09309234959148303, 0.09309234959148303, 0.09309234959148303, 0.09309234959148303, 0.09309234959148303, 0.09309234959148303, 0.09309234959148303, 0.09309234959148303, 0.09309234959148303, 0.09309234959148303, 0.09309234959148303, 0.09309234959148303, 0.09309234959148303, 0.09309234959148303]
outputs_edges[ 12 ]=[0, 0, 0, 0, 1256, 2512, 4099, 5686, 7273, 8860, 10447, 10447, 10447, 10447, 10447, 10447, 10447, 10447, 10447, 10447, 10447, 10447, 10447, 10447, 10447, 10447, 10447, 10447, 10447, 10447, 10447, 10447, 10447, 10447, 10447, 10447, 10447, 10447, 10447, 10447, 10447, 10447, 10447, 10447, 10447, 10447, 10447, 10447, 10447, 10447, 10447, 10447, 10447, 10447, 10447, 10447, 10447, 10447, 10447, 10447, 10447]
--------------------------------------------
outputs[ 13 ]=[0.0, 0.0, 0.0, 0.0, 0.0, 0.0002475860361475613, 0.0009903441445902451, 0.00569447883139391, 0.023768259470165882, 0.06783857390443179, 0.1388957662787819, 0.2084674424362466, 0.23991086902698688, 0.25996533795493937, 0.2720970537261698, 0.2768011884129735, 0.27902946273830154, 0.27977222084674425, 0.2800198068828918, 0.2800198068828918, 0.2805149789551869, 0.2807625649913345, 0.2807625649913345, 0.2807625649913345, 0.2807625649913345, 0.2807625649913345, 0.2807625649913345, 0.2807625649913345, 0.2807625649913345, 0.2807625649913345, 0.2807625649913345, 0.2807625649913345, 0.2807625649913345, 0.2807625649913345, 0.2807625649913345, 0.2807625649913345, 0.2807625649913345, 0.2807625649913345, 0.2807625649913345, 0.2807625649913345, 0.2807625649913345, 0.2807625649913345, 0.2807625649913345, 0.2807625649913345, 0.2807625649913345, 0.2807625649913345, 0.2807625649913345, 0.2807625649913345, 0.2807625649913345, 0.2807625649913345, 0.2807625649913345, 0.2807625649913345, 0.2807625649913345, 0.2807625649913345, 0.2807625649913345, 0.2807625649913345, 0.2807625649913345, 0.2807625649913345, 0.2807625649913345, 0.2807625649913345, 0.2807625649913345]
outputs_edges[ 13 ]=[0, 0, 0, 0, 1000, 2000, 5436, 8872, 12308, 15744, 19180, 21616, 24052, 26488, 27664, 27664, 27664, 27664, 27664, 27664, 27664, 27664, 27664, 27664, 27664, 27664, 27664, 27664, 27664, 27664, 27664, 27664, 27664, 27664, 27664, 27664, 27664, 27664, 27664, 27664, 27664, 27664, 27664, 27664, 27664, 27664, 27664, 27664, 27664, 27664, 27664, 27664, 27664, 27664, 27664, 27664, 27664, 27664, 27664, 27664, 27664]
--------------------------------------------
outputs[ 14 ]=[0.0, 0.0, 0.0, 0.0, 0.0, 0.0002475860361475613, 0.015845506313443922, 0.0581827184946769, 0.10299579103738549, 0.14013369645951967, 0.15102748205001237, 0.15870264917058677, 0.16315919782124289, 0.16414954196583312, 0.16588264421886606, 0.1668729883634563, 0.16736816043575142, 0.16736816043575142, 0.16736816043575142, 0.16736816043575142, 0.16736816043575142, 0.16736816043575142, 0.16736816043575142, 0.16736816043575142, 0.16736816043575142, 0.16736816043575142, 0.16736816043575142, 0.16736816043575142, 0.16736816043575142, 0.16736816043575142, 0.16736816043575142, 0.16736816043575142, 0.16736816043575142, 0.16736816043575142, 0.16736816043575142, 0.16736816043575142, 0.16736816043575142, 0.16736816043575142, 0.16736816043575142, 0.16736816043575142, 0.16736816043575142, 0.16736816043575142, 0.16736816043575142, 0.16736816043575142, 0.16736816043575142, 0.16736816043575142, 0.16736816043575142, 0.16736816043575142, 0.16736816043575142, 0.16736816043575142, 0.16736816043575142, 0.16736816043575142, 0.16736816043575142, 0.16736816043575142, 0.16736816043575142, 0.16736816043575142, 0.16736816043575142, 0.16736816043575142, 0.16736816043575142, 0.16736816043575142, 0.16736816043575142]
outputs_edges[ 14 ]=[0, 0, 906, 1812, 4237, 6662, 9087, 11512, 13937, 15456, 16726, 17996, 17996, 17996, 17996, 17996, 17996, 17996, 17996, 17996, 17996, 17996, 17996, 17996, 17996, 17996, 17996, 17996, 17996, 17996, 17996, 17996, 17996, 17996, 17996, 17996, 17996, 17996, 17996, 17996, 17996, 17996, 17996, 17996, 17996, 17996, 17996, 17996, 17996, 17996, 17996, 17996, 17996, 17996, 17996, 17996, 17996, 17996, 17996, 17996, 17996]
--------------------------------------------
outputs[ 15 ]=[0.0, 0.0, 0.0, 0.0, 0.0, 0.0002475860361475613, 0.010398613518197574, 0.06362961128992325, 0.0812082198564001, 0.08739787076008913, 0.09111166130230255, 0.09309234959148303, 0.09457786580836841, 0.09507303788066353, 0.09532062391681109, 0.09532062391681109, 0.09556820995295866, 0.09556820995295866, 0.09556820995295866, 0.09556820995295866, 0.09556820995295866, 0.09556820995295866, 0.09556820995295866, 0.09556820995295866, 0.09556820995295866, 0.09556820995295866, 0.09556820995295866, 0.09556820995295866, 0.09556820995295866, 0.09556820995295866, 0.09556820995295866, 0.09556820995295866, 0.09556820995295866, 0.09556820995295866, 0.09556820995295866, 0.09556820995295866, 0.09556820995295866, 0.09556820995295866, 0.09556820995295866, 0.09556820995295866, 0.09556820995295866, 0.09556820995295866, 0.09556820995295866, 0.09556820995295866, 0.09556820995295866, 0.09556820995295866, 0.09556820995295866, 0.09556820995295866, 0.09556820995295866, 0.09556820995295866, 0.09556820995295866, 0.09556820995295866, 0.09556820995295866, 0.09556820995295866, 0.09556820995295866, 0.09556820995295866, 0.09556820995295866, 0.09556820995295866, 0.09556820995295866, 0.09556820995295866, 0.09556820995295866]
outputs_edges[ 15 ]=[0, 0, 1255, 2510, 3765, 5020, 6275, 7530, 8785, 10040, 10040, 10040, 10040, 10040, 10040, 10040, 10040, 10040, 10040, 10040, 10040, 10040, 10040, 10040, 10040, 10040, 10040, 10040, 10040, 10040, 10040, 10040, 10040, 10040, 10040, 10040, 10040, 10040, 10040, 10040, 10040, 10040, 10040, 10040, 10040, 10040, 10040, 10040, 10040, 10040, 10040, 10040, 10040, 10040, 10040, 10040, 10040, 10040, 10040, 10040, 10040]
--------------------------------------------
outputs[ 16 ]=[0.0, 0.0, 0.0, 0.0, 0.0, 0.0002475860361475613, 0.002723446397623174, 0.03887100767516712, 0.07897994553107204, 0.09730131220599159, 0.13146818519435505, 0.15969299331517703, 0.18965090368903195, 0.2250557068581332, 0.2560039613765784, 0.2634315424610052, 0.26541223075018566, 0.2668977469670711, 0.2678880911116613, 0.26838326318395644, 0.2691260212923991, 0.26962119336469426, 0.26962119336469426, 0.26962119336469426, 0.26962119336469426, 0.26962119336469426, 0.26962119336469426, 0.26962119336469426, 0.26962119336469426, 0.26962119336469426, 0.26962119336469426, 0.26962119336469426, 0.26962119336469426, 0.26962119336469426, 0.26962119336469426, 0.26962119336469426, 0.26962119336469426, 0.26962119336469426, 0.26962119336469426, 0.26962119336469426, 0.26962119336469426, 0.26962119336469426, 0.26962119336469426, 0.26962119336469426, 0.26962119336469426, 0.26962119336469426, 0.26962119336469426, 0.26962119336469426, 0.26962119336469426, 0.26962119336469426, 0.26962119336469426, 0.26962119336469426, 0.26962119336469426, 0.26962119336469426, 0.26962119336469426, 0.26962119336469426, 0.26962119336469426, 0.26962119336469426, 0.26962119336469426, 0.26962119336469426, 0.26962119336469426]
outputs_edges[ 16 ]=[0, 0, 0, 1258, 2516, 4617, 7092, 10571, 14050, 17529, 21008, 24487, 27966, 30187, 31565, 32943, 32943, 32943, 32943, 32943, 32943, 32943, 32943, 32943, 32943, 32943, 32943, 32943, 32943, 32943, 32943, 32943, 32943, 32943, 32943, 32943, 32943, 32943, 32943, 32943, 32943, 32943, 32943, 32943, 32943, 32943, 32943, 32943, 32943, 32943, 32943, 32943, 32943, 32943, 32943, 32943, 32943, 32943, 32943, 32943, 32943]
--------------------------------------------
outputs[ 17 ]=[0.0, 0.0, 0.0, 0.0, 0.0, 0.0002475860361475613, 0.0009903441445902451, 0.009408269373607328, 0.036395147313691506, 0.05867789056697202, 0.08096063382025254, 0.0933399356276306, 0.10299579103738549, 0.10670958157959891, 0.10844268383263184, 0.1106709581579599, 0.11190888833869769, 0.11215647437484526, 0.11339440455558307, 0.11611785095320624, 0.12255508789304283, 0.13146818519435505, 0.14681851943550384, 0.16414954196583312, 0.20029710324337707, 0.26268878435256254, 0.28546669967813815, 0.29685565734092595, 0.3075018568952711, 0.31814805644961625, 0.3213666749195345, 0.3248328794256004, 0.32631839564248577, 0.3265659816786333, 0.3275563258232236, 0.32829908393166624, 0.32829908393166624, 0.32829908393166624, 0.32829908393166624, 0.32829908393166624, 0.32829908393166624, 0.32829908393166624, 0.32829908393166624, 0.32829908393166624, 0.32829908393166624, 0.32829908393166624, 0.32829908393166624, 0.32829908393166624, 0.32829908393166624, 0.32829908393166624, 0.32829908393166624, 0.32829908393166624, 0.32829908393166624, 0.32829908393166624, 0.32829908393166624, 0.32829908393166624, 0.32829908393166624, 0.32829908393166624, 0.32829908393166624, 0.32829908393166624, 0.32829908393166624]
outputs_edges[ 17 ]=[0, 0, 0, 0, 479, 958, 1437, 1916, 2395, 2874, 3353, 3832, 4311, 4311, 4311, 4311, 4553, 4795, 5082, 6633, 8184, 9880, 11576, 13030, 14484, 15938, 17392, 18846, 19036, 19226, 19226, 19226, 19226, 19226, 19226, 19226, 19226, 19226, 19226, 19226, 19226, 19226, 19226, 19226, 19226, 19226, 19226, 19226, 19226, 19226, 19226, 19226, 19226, 19226, 19226, 19226, 19226, 19226, 19226, 19226, 19226]
--------------------------------------------
outputs[ 18 ]=[0.0, 0.0, 0.0, 0.0, 0.0, 0.0002475860361475613, 0.0012379301807378064, 0.006684822975984155, 0.03342411487992077, 0.057439960386234216, 0.08096063382025254, 0.09507303788066353, 0.10274820500123794, 0.10745233968804159, 0.11017578608566476, 0.1106709581579599, 0.11116613023025501, 0.11141371626640258, 0.11190888833869769, 0.11240406041099282, 0.11487992077246843, 0.14211438474870017, 0.21837088388214904, 0.2760584303045308, 0.3191384005942065, 0.34736320871502846, 0.36098044070314433, 0.37236939836593214, 0.379796979450359, 0.38227283981183463, 0.38351076999257244, 0.38400594206486754, 0.38450111413716265, 0.38524387224560536, 0.3882149046793761, 0.3971280019806883, 0.4174300569447883, 0.43971280019806885, 0.45555830651151275, 0.4714038128249567, 0.4800693240901213, 0.48427828670462986, 0.4889824213914335, 0.49071552364446647, 0.49220103986135183, 0.4931913840059421, 0.4936865560782372, 0.49442931418667985, 0.49467690022282745, 0.49467690022282745, 0.49517207229512256, 0.49517207229512256, 0.4954196583312701, 0.4954196583312701, 0.4954196583312701, 0.4954196583312701, 0.4954196583312701, 0.4954196583312701, 0.4954196583312701, 0.4954196583312701, 0.4954196583312701]
outputs_edges[ 18 ]=[0, 0, 0, 0, 479, 958, 1437, 1916, 2395, 2874, 3353, 3832, 4311, 4311, 4311, 4311, 4311, 5564, 8148, 11573, 14998, 18423, 21848, 25273, 28698, 31796, 32637, 33478, 34319, 34319, 34319, 34646, 35018, 35390, 35762, 36134, 36506, 36551, 36596, 36641, 36686, 36731, 36731, 36731, 36731, 36731, 36731, 36731, 36731, 36731, 36731, 36731, 36731, 36731, 36731, 36731, 36731, 36731, 36731, 36731, 36731]
--------------------------------------------
outputs[ 19 ]=[0.0, 0.0, 0.0, 0.0, 0.0, 0.0002475860361475613, 0.004456548650656103, 0.03763307749442931, 0.0779896013864818, 0.18519435503837584, 0.20995295865313196, 0.22456053478583807, 0.23619707848477345, 0.24139638524387225, 0.24436741767764297, 0.24610051993067592, 0.2468432780391186, 0.24783362218370883, 0.24832879425600396, 0.2485763802921515, 0.24907155236444664, 0.24981431047288932, 0.25055706858133203, 0.25748947759346374, 0.2641743005694479, 0.28101015102748206, 0.3325080465461748, 0.41421143847487, 0.5147313691507799, 0.5592968556573409, 0.5805892547660312, 0.5907402822480812, 0.5947016588264422, 0.5954444169348849, 0.5961871750433275, 0.5966823471156226, 0.5969299331517702, 0.5969299331517702, 0.5969299331517702, 0.5969299331517702, 0.5969299331517702, 0.5969299331517702, 0.5969299331517702, 0.5969299331517702, 0.5969299331517702, 0.5969299331517702, 0.5969299331517702, 0.5969299331517702, 0.5969299331517702, 0.5969299331517702, 0.5969299331517702, 0.5969299331517702, 0.5969299331517702, 0.5969299331517702, 0.5969299331517702, 0.5969299331517702, 0.5969299331517702, 0.5969299331517702, 0.5969299331517702, 0.5969299331517702, 0.5969299331517702]
outputs_edges[ 19 ]=[0, 0, 0, 1270, 4701, 8132, 11563, 14994, 18425, 21856, 25287, 27812, 30337, 31607, 31607, 31607, 31607, 31607, 31607, 31607, 31938, 34112, 36765, 39712, 42659, 45606, 48553, 51500, 54447, 57394, 59333, 59812, 59812, 59812, 59812, 59812, 59812, 59812, 59812, 59812, 59812, 59812, 59812, 59812, 59812, 59812, 59812, 59812, 59812, 59812, 59812, 59812, 59812, 59812, 59812, 59812, 59812, 59812, 59812, 59812, 59812]
--------------------------------------------
avg_output=[0.0, 0.0, 0.0, 0.0, 0.0, 0.00024758603614756134, 0.0028596187175043333, 0.019670710571923742, 0.04563010646199554, 0.07475860361475613, 0.10199306759098788, 0.12515474127259224, 0.1396137657836098, 0.14856400099034417, 0.1539737558801684, 0.15680861599405796, 0.1591978212428819, 0.16168606090616489, 0.1640257489477594, 0.1659197821242882, 0.1679252290170834, 0.17389205248823963, 0.1809853924238673, 0.1869522158950235, 0.19653379549393413, 0.20798464966575886, 0.2178509532062392, 0.22728398118346121, 0.23722456053478586, 0.24603862342163904, 0.25105224065362713, 0.25636296112899226, 0.2611413716266403, 0.2641866798712553, 0.2661054716513989, 0.2680366427333498, 0.2710324337707353, 0.27446150037137906, 0.27738301559792033, 0.27948749690517455, 0.28143104728893287, 0.28505818271849465, 0.2888957662787819, 0.29017083436494173, 0.291062144095073, 0.29175538499628617, 0.29210200544689274, 0.29223817776677385, 0.29232483287942557, 0.2923991086902698, 0.29243624659569195, 0.2924486258974993, 0.2925229017083436, 0.2925476603119584, 0.29256003961376575, 0.29256003961376575, 0.29256003961376575, 0.29256003961376575, 0.29256003961376575, 0.29256003961376575, 0.29256003961376575]
avg_output_edges=[0.0, 0.0, 108.05, 604.95, 1766.15, 3106.55, 4848.85, 6684.95, 8521.05, 10311.85, 11964.8, 13313.5, 14377.55, 15078.05, 15409.95, 15622.5, 15676.85, 15856.65, 16105.25, 16541.45, 17068.35, 17714.5, 18384.6, 19057.3, 19730.25, 20384.6, 21000.45, 21578.75, 22043.65, 22466.5, 22779.9, 23060.6, 23317.35, 23511.05, 23654.35, 23781.6, 23948.4, 24144.15, 24297.95, 24451.75, 24589.0, 24726.25, 24837.3, 24948.35, 25014.1, 25079.85, 25079.85, 25079.85, 25079.85, 25079.85, 25079.85, 25079.85, 25079.85, 25079.85, 25079.85, 25079.85, 25079.85, 25079.85, 25079.85, 25079.85, 25079.85]
