outputs[ 0 ]=[0.0, 0.0, 0.0, 0.0, 0.0, 0.0002475860361475613, 0.0017331022530329288, 0.008170339192869523, 0.010646199554345134, 0.017826194602624412, 0.05149789551869274, 0.09581579598910621, 0.17850953206239167, 0.24238672938846248, 0.28546669967813815, 0.3426590740282248, 0.3976231740529834, 0.4256003961376578, 0.4421886605595444, 0.45803416687298837, 0.470661054716514, 0.4793265659816786, 0.4845258727407774, 0.48749690517454813, 0.49343897004208964, 0.5167120574399604, 0.53503342411488, 0.5409754889824214, 0.5444416934884873, 0.5461747957415202, 0.5486506561029958, 0.5506313443921763, 0.5511265164644714, 0.5516216885367665, 0.5523644466452092, 0.5531072047536519, 0.5531072047536519, 0.5531072047536519, 0.5531072047536519, 0.5531072047536519, 0.5531072047536519, 0.5531072047536519, 0.5531072047536519, 0.5531072047536519, 0.5531072047536519, 0.5531072047536519, 0.5531072047536519, 0.5531072047536519, 0.5531072047536519]
outputs_edges[ 0 ]=[0, 0, 0, 0, 0, 0, 0, 0, 3459, 7397, 11335, 15318, 19301, 22131, 24961, 26535, 28109, 28109, 28109, 28109, 28109, 28109, 28109, 28109, 28109, 28109, 28109, 28109, 28109, 28109, 28109, 28109, 28109, 28109, 28109, 28109, 28109, 28109, 28109, 28109, 28109, 28109, 28109, 28109, 28109, 28109, 28109, 28109, 28109]
--------------------------------------------
outputs[ 1 ]=[0.0, 0.0, 0.0, 0.0, 0.0, 0.0002475860361475613, 0.0002475860361475613, 0.0002475860361475613, 0.0002475860361475613, 0.0002475860361475613, 0.0002475860361475613, 0.0002475860361475613, 0.0002475860361475613, 0.0002475860361475613, 0.0002475860361475613, 0.0002475860361475613, 0.0002475860361475613, 0.0002475860361475613, 0.0002475860361475613, 0.0002475860361475613, 0.0002475860361475613, 0.0002475860361475613, 0.0002475860361475613, 0.0002475860361475613, 0.0002475860361475613, 0.0002475860361475613, 0.0002475860361475613, 0.0002475860361475613, 0.0002475860361475613, 0.0002475860361475613, 0.0002475860361475613, 0.0002475860361475613, 0.0002475860361475613, 0.0002475860361475613, 0.0002475860361475613, 0.0002475860361475613, 0.0002475860361475613, 0.0002475860361475613, 0.0002475860361475613, 0.0002475860361475613, 0.0002475860361475613, 0.0002475860361475613, 0.0002475860361475613, 0.0002475860361475613, 0.0002475860361475613, 0.0002475860361475613, 0.0002475860361475613, 0.0002475860361475613, 0.0002475860361475613]
outputs_edges[ 1 ]=[0, 0, 0, 0, 0, 0, 0, 0, 0, 0, 0, 0, 0, 0, 0, 0, 0, 0, 0, 0, 0, 0, 0, 0, 0, 0, 0, 0, 0, 0, 0, 0, 0, 0, 0, 0, 0, 0, 0, 0, 0, 0, 0, 0, 0, 0, 0, 0, 0]
--------------------------------------------
outputs[ 2 ]=[0.0, 0.0, 0.0, 0.0, 0.0, 0.0002475860361475613, 0.0002475860361475613, 0.0002475860361475613, 0.0002475860361475613, 0.0002475860361475613, 0.0002475860361475613, 0.0002475860361475613, 0.0002475860361475613, 0.0002475860361475613, 0.0002475860361475613, 0.0002475860361475613, 0.0002475860361475613, 0.0002475860361475613, 0.0002475860361475613, 0.0002475860361475613, 0.0002475860361475613, 0.0002475860361475613, 0.0002475860361475613, 0.0002475860361475613, 0.0002475860361475613, 0.0002475860361475613, 0.0002475860361475613, 0.0002475860361475613, 0.0002475860361475613, 0.0002475860361475613, 0.0002475860361475613, 0.0002475860361475613, 0.0002475860361475613, 0.0002475860361475613, 0.0002475860361475613, 0.0002475860361475613, 0.0002475860361475613, 0.0002475860361475613, 0.0002475860361475613, 0.0002475860361475613, 0.0002475860361475613, 0.0002475860361475613, 0.0002475860361475613, 0.0002475860361475613, 0.0002475860361475613, 0.0002475860361475613, 0.0002475860361475613, 0.0002475860361475613, 0.0002475860361475613]
outputs_edges[ 2 ]=[0, 0, 0, 0, 0, 0, 0, 0, 0, 0, 0, 0, 0, 0, 0, 0, 0, 0, 0, 0, 0, 0, 0, 0, 0, 0, 0, 0, 0, 0, 0, 0, 0, 0, 0, 0, 0, 0, 0, 0, 0, 0, 0, 0, 0, 0, 0, 0, 0]
--------------------------------------------
outputs[ 3 ]=[0.0, 0.0, 0.0, 0.0, 0.0, 0.0002475860361475613, 0.0002475860361475613, 0.0004951720722951226, 0.0012379301807378064, 0.004208962614508541, 0.006932409012131715, 0.020054468927952464, 0.06981926219361229, 0.14013369645951967, 0.16414954196583312, 0.1886605595444417, 0.25476603119584057, 0.2891804902203516, 0.3223570190641248, 0.36865560782371876, 0.4060410992820005, 0.4330279772220847, 0.4431790047041347, 0.44813072542708593, 0.44936865560782374, 0.4496162416439713, 0.4508541718247091, 0.4508541718247091, 0.45110175786085666, 0.4513493438970042, 0.4513493438970042, 0.4513493438970042, 0.4513493438970042, 0.4513493438970042, 0.4513493438970042, 0.4513493438970042, 0.4513493438970042, 0.4513493438970042, 0.4513493438970042, 0.4513493438970042, 0.4513493438970042, 0.4513493438970042, 0.4513493438970042, 0.4513493438970042, 0.4513493438970042, 0.4513493438970042, 0.4513493438970042, 0.4513493438970042, 0.4513493438970042]
outputs_edges[ 3 ]=[0, 0, 0, 0, 0, 0, 0, 0, 0, 2425, 4850, 8533, 12648, 16763, 21357, 24796, 26965, 29134, 31303, 33472, 33472, 33472, 33472, 33472, 33472, 33472, 33472, 33472, 33472, 33472, 33472, 33472, 33472, 33472, 33472, 33472, 33472, 33472, 33472, 33472, 33472, 33472, 33472, 33472, 33472, 33472, 33472, 33472, 33472]
--------------------------------------------
outputs[ 4 ]=[0.0, 0.0, 0.0, 0.0, 0.0, 0.0002475860361475613, 0.008170339192869523, 0.05446892795246348, 0.07922753156721961, 0.11735578113394404, 0.1445902451101758, 0.15647437484525872, 0.1604357514236197, 0.16464471403812825, 0.1661302302550136, 0.16761574647189897, 0.1681109185441941, 0.16860609061648923, 0.16984402079722705, 0.16984402079722705, 0.16984402079722705, 0.16984402079722705, 0.16984402079722705, 0.16984402079722705, 0.16984402079722705, 0.16984402079722705, 0.16984402079722705, 0.16984402079722705, 0.16984402079722705, 0.16984402079722705, 0.16984402079722705, 0.16984402079722705, 0.16984402079722705, 0.16984402079722705, 0.16984402079722705, 0.16984402079722705, 0.16984402079722705, 0.16984402079722705, 0.16984402079722705, 0.16984402079722705, 0.16984402079722705, 0.16984402079722705, 0.16984402079722705, 0.16984402079722705, 0.16984402079722705, 0.16984402079722705, 0.16984402079722705, 0.16984402079722705, 0.16984402079722705]
outputs_edges[ 4 ]=[0, 0, 0, 0, 0, 2425, 4850, 7275, 9700, 9700, 9700, 9700, 9700, 9700, 9700, 9700, 9700, 9700, 9700, 9700, 9700, 9700, 9700, 9700, 9700, 9700, 9700, 9700, 9700, 9700, 9700, 9700, 9700, 9700, 9700, 9700, 9700, 9700, 9700, 9700, 9700, 9700, 9700, 9700, 9700, 9700, 9700, 9700, 9700]
--------------------------------------------
outputs[ 5 ]=[0.0, 0.0, 0.0, 0.0, 0.0, 0.0002475860361475613, 0.0002475860361475613, 0.0002475860361475613, 0.0002475860361475613, 0.0002475860361475613, 0.0002475860361475613, 0.0002475860361475613, 0.0002475860361475613, 0.0002475860361475613, 0.0002475860361475613, 0.0002475860361475613, 0.0002475860361475613, 0.0002475860361475613, 0.0002475860361475613, 0.0002475860361475613, 0.0002475860361475613, 0.0002475860361475613, 0.0002475860361475613, 0.0002475860361475613, 0.0002475860361475613, 0.0002475860361475613, 0.0002475860361475613, 0.0002475860361475613, 0.0002475860361475613, 0.0002475860361475613, 0.0002475860361475613, 0.0002475860361475613, 0.0002475860361475613, 0.0002475860361475613, 0.0002475860361475613, 0.0002475860361475613, 0.0002475860361475613, 0.0002475860361475613, 0.0002475860361475613, 0.0002475860361475613, 0.0002475860361475613, 0.0002475860361475613, 0.0002475860361475613, 0.0002475860361475613, 0.0002475860361475613, 0.0002475860361475613, 0.0002475860361475613, 0.0002475860361475613, 0.0002475860361475613]
outputs_edges[ 5 ]=[0, 0, 0, 0, 0, 0, 0, 0, 0, 0, 0, 0, 0, 0, 0, 0, 0, 0, 0, 0, 0, 0, 0, 0, 0, 0, 0, 0, 0, 0, 0, 0, 0, 0, 0, 0, 0, 0, 0, 0, 0, 0, 0, 0, 0, 0, 0, 0, 0]
--------------------------------------------
outputs[ 6 ]=[0.0, 0.0, 0.0, 0.0, 0.0, 0.0002475860361475613, 0.0014855162168853676, 0.006684822975984155, 0.03144342659074028, 0.13518197573656845, 0.20252537756870512, 0.28670462985887596, 0.3567714780886358, 0.3810349096310968, 0.3983659321614261, 0.40579351324585294, 0.4095073037880664, 0.41223075018568955, 0.4147066105471651, 0.41668729883634564, 0.420401089378559, 0.43253280514978953, 0.47090864075266153, 0.49839069076504083, 0.5409754889824214, 0.5741520178261946, 0.5847982173805397, 0.5909878682842288, 0.5932161426095568, 0.5939589007179995, 0.5947016588264422, 0.5949492448625897, 0.5949492448625897, 0.5949492448625897, 0.5949492448625897, 0.5949492448625897, 0.5949492448625897, 0.5949492448625897, 0.5949492448625897, 0.5949492448625897, 0.5949492448625897, 0.5949492448625897, 0.5949492448625897, 0.5949492448625897, 0.5949492448625897, 0.5949492448625897, 0.5949492448625897, 0.5949492448625897, 0.5949492448625897]
outputs_edges[ 6 ]=[0, 0, 0, 0, 0, 3151, 7952, 13659, 19366, 25073, 30780, 36487, 39627, 39627, 39627, 39627, 39627, 39627, 39627, 39627, 40780, 41933, 43086, 44239, 44239, 44239, 44239, 44239, 44239, 44239, 44239, 44239, 44239, 44239, 44239, 44239, 44239, 44239, 44239, 44239, 44239, 44239, 44239, 44239, 44239, 44239, 44239, 44239, 44239]
--------------------------------------------
outputs[ 7 ]=[0.0, 0.0, 0.0, 0.0, 0.0, 0.0002475860361475613, 0.007922753156721961, 0.06437236939836594, 0.08615994057935132, 0.11463233473632087, 0.187917801435999, 0.2730873978707601, 0.3127011636543699, 0.33201287447387967, 0.35380044565486507, 0.36469423124535777, 0.37261698440207974, 0.37608318890814557, 0.3802921515226541, 0.38326318395642484, 0.38400594206486754, 0.38573904431790046, 0.39044317900470416, 0.41148799207724684, 0.4506065857885615, 0.48823966328299084, 0.5224065362713542, 0.5318148056449616, 0.5377568705125031, 0.5399851448378311, 0.5412230750185689, 0.541718247090864, 0.5419658331270116, 0.5419658331270116, 0.5419658331270116, 0.5419658331270116, 0.5419658331270116, 0.5419658331270116, 0.5419658331270116, 0.5419658331270116, 0.5419658331270116, 0.5419658331270116, 0.5419658331270116, 0.5419658331270116, 0.5419658331270116, 0.5419658331270116, 0.5419658331270116, 0.5419658331270116, 0.5419658331270116]
outputs_edges[ 7 ]=[0, 0, 0, 0, 0, 2806, 7724, 12642, 17560, 22478, 26137, 29796, 29796, 29796, 29796, 29796, 29796, 29796, 29796, 29796, 29796, 30589, 31382, 32175, 32968, 32968, 32968, 32968, 32968, 32968, 32968, 32968, 32968, 32968, 32968, 32968, 32968, 32968, 32968, 32968, 32968, 32968, 32968, 32968, 32968, 32968, 32968, 32968, 32968]
--------------------------------------------
outputs[ 8 ]=[0.0, 0.0, 0.0, 0.0, 0.0, 0.0002475860361475613, 0.0007427581084426838, 0.0019806882891804903, 0.004208962614508541, 0.009903441445902451, 0.022035157217132954, 0.07526615498885862, 0.16563505818271848, 0.2844763555335479, 0.36667491953453824, 0.39985144837831144, 0.41965833127011637, 0.43327556325823224, 0.4436741767764298, 0.44664520921020057, 0.44813072542708593, 0.44813072542708593, 0.44862589749938103, 0.44862589749938103, 0.44862589749938103, 0.44862589749938103, 0.44862589749938103, 0.44862589749938103, 0.44862589749938103, 0.44862589749938103, 0.44862589749938103, 0.44862589749938103, 0.44862589749938103, 0.44862589749938103, 0.44862589749938103, 0.44862589749938103, 0.44862589749938103, 0.44862589749938103, 0.44862589749938103, 0.44862589749938103, 0.44862589749938103, 0.44862589749938103, 0.44862589749938103, 0.44862589749938103, 0.44862589749938103, 0.44862589749938103, 0.44862589749938103, 0.44862589749938103, 0.44862589749938103]
outputs_edges[ 8 ]=[0, 0, 0, 0, 0, 0, 0, 0, 3263, 7612, 11961, 16310, 20659, 25008, 28336, 28336, 28336, 28336, 28336, 28336, 28336, 28336, 28336, 28336, 28336, 28336, 28336, 28336, 28336, 28336, 28336, 28336, 28336, 28336, 28336, 28336, 28336, 28336, 28336, 28336, 28336, 28336, 28336, 28336, 28336, 28336, 28336, 28336, 28336]
--------------------------------------------
outputs[ 9 ]=[0.0, 0.0, 0.0, 0.0, 0.0, 0.0002475860361475613, 0.0002475860361475613, 0.0004951720722951226, 0.0007427581084426838, 0.0014855162168853676, 0.0059420648675414705, 0.018073780638771974, 0.02475860361475613, 0.03292894280762565, 0.045060658578856154, 0.09160683337459767, 0.18024263431542462, 0.20722951225550879, 0.2698687794008418, 0.3023025501361723, 0.3119584055459272, 0.3156721960881406, 0.31765288437732114, 0.3183956424857638, 0.3201287447387967, 0.32334736320871504, 0.3275563258232236, 0.3394404555583065, 0.3708838821490468, 0.4095073037880664, 0.4416934884872493, 0.4701658826442189, 0.4892300074275811, 0.5023520673434019, 0.5159692993315177, 0.521416192126764, 0.5325575637534044, 0.56548650656103, 0.6070809606338202, 0.6395147313691508, 0.6699678138153008, 0.678880911116613, 0.6863084922010398, 0.6877940084179253, 0.6887843525625155, 0.6895271106709582, 0.6895271106709582, 0.6897746967071057, 0.6897746967071057]
outputs_edges[ 9 ]=[0, 0, 0, 0, 0, 0, 0, 0, 0, 0, 0, 0, 2544, 6351, 10158, 13965, 17772, 21579, 24166, 24166, 24166, 24166, 24166, 24166, 24166, 24166, 26403, 28640, 30877, 33114, 35351, 35351, 35351, 35351, 36184, 37311, 38060, 38809, 39558, 39558, 39558, 39558, 39558, 39558, 39558, 39558, 39558, 39558, 39558]
--------------------------------------------
outputs[ 10 ]=[0.0, 0.0, 0.0, 0.0, 0.0, 0.0002475860361475613, 0.0012379301807378064, 0.0049517207229512255, 0.018816538747214655, 0.04456548650656103, 0.14285714285714285, 0.21119088883386977, 0.2319881158702649, 0.2503094825451844, 0.2678880911116613, 0.2857142857142857, 0.31765288437732114, 0.34241148799207727, 0.3637038871007675, 0.37261698440207974, 0.3780638771973261, 0.38004456548650656, 0.3817776677395395, 0.38276801188412973, 0.38326318395642484, 0.38326318395642484, 0.38351076999257244, 0.38351076999257244, 0.38375835602872, 0.38375835602872, 0.38375835602872, 0.38375835602872, 0.38375835602872, 0.38375835602872, 0.38375835602872, 0.38375835602872, 0.38375835602872, 0.38375835602872, 0.38375835602872, 0.38375835602872, 0.38375835602872, 0.38375835602872, 0.38375835602872, 0.38375835602872, 0.38375835602872, 0.38375835602872, 0.38375835602872, 0.38375835602872, 0.38375835602872]
outputs_edges[ 10 ]=[0, 0, 0, 0, 0, 0, 3479, 6958, 10437, 13916, 17395, 21353, 24303, 27253, 28945, 29802, 29802, 29802, 29802, 29802, 29802, 29802, 29802, 29802, 29802, 29802, 29802, 29802, 29802, 29802, 29802, 29802, 29802, 29802, 29802, 29802, 29802, 29802, 29802, 29802, 29802, 29802, 29802, 29802, 29802, 29802, 29802, 29802, 29802]
--------------------------------------------
outputs[ 11 ]=[0.0, 0.0, 0.0, 0.0, 0.0, 0.0002475860361475613, 0.0004951720722951226, 0.0022282743253280515, 0.009903441445902451, 0.019806882891804902, 0.03144342659074028, 0.04679376083188908, 0.07303788066353058, 0.08739787076008913, 0.0977964842782867, 0.11364199059173062, 0.17182470908640754, 0.2468432780391186, 0.2881901460757613, 0.3188908145580589, 0.34686803664273336, 0.36419905917306267, 0.37435008665511266, 0.3790542213419163, 0.3810349096310968, 0.3815300817033919, 0.382025253775687, 0.38227283981183463, 0.38227283981183463, 0.3825204258479822, 0.38276801188412973, 0.3830155979202773, 0.3830155979202773, 0.3830155979202773, 0.3830155979202773, 0.3830155979202773, 0.3830155979202773, 0.3830155979202773, 0.3830155979202773, 0.3830155979202773, 0.3830155979202773, 0.3830155979202773, 0.3830155979202773, 0.3830155979202773, 0.3830155979202773, 0.3830155979202773, 0.3830155979202773, 0.3830155979202773, 0.3830155979202773]
outputs_edges[ 11 ]=[0, 0, 0, 0, 0, 0, 0, 0, 0, 0, 0, 0, 2594, 5188, 8646, 12104, 15517, 18930, 22343, 22343, 22343, 22343, 22343, 22343, 22343, 22343, 22343, 22343, 22343, 22343, 22343, 22343, 22343, 22343, 22343, 22343, 22343, 22343, 22343, 22343, 22343, 22343, 22343, 22343, 22343, 22343, 22343, 22343, 22343]
--------------------------------------------
outputs[ 12 ]=[0.0, 0.0, 0.0, 0.0, 0.0, 0.0002475860361475613, 0.0022282743253280515, 0.022282743253280515, 0.04382272839811835, 0.06041099282000495, 0.09532062391681109, 0.1265164644714038, 0.1470661054716514, 0.15820747709829167, 0.16340678385739044, 0.16588264421886606, 0.1663778162911612, 0.16860609061648923, 0.17727160188165386, 0.1988115870264917, 0.2876949740034662, 0.3701411240406041, 0.4238672938846249, 0.47165139886110424, 0.5115127506808615, 0.5308244615003713, 0.5377568705125031, 0.5432037633077494, 0.5476603119584056, 0.5516216885367665, 0.5523644466452092, 0.5533547907897994, 0.5533547907897994, 0.5533547907897994, 0.5533547907897994, 0.5533547907897994, 0.5533547907897994, 0.5533547907897994, 0.5533547907897994, 0.5533547907897994, 0.5533547907897994, 0.5533547907897994, 0.5533547907897994, 0.5533547907897994, 0.5533547907897994, 0.5533547907897994, 0.5533547907897994, 0.5533547907897994, 0.5533547907897994]
outputs_edges[ 12 ]=[0, 0, 0, 0, 0, 0, 0, 773, 1546, 2319, 3092, 3092, 3092, 3092, 3092, 3092, 5777, 9303, 12829, 16355, 19881, 23407, 26933, 29201, 29201, 29201, 29201, 29201, 29201, 29201, 29201, 29201, 29201, 29201, 29201, 29201, 29201, 29201, 29201, 29201, 29201, 29201, 29201, 29201, 29201, 29201, 29201, 29201, 29201]
--------------------------------------------
outputs[ 13 ]=[0.0, 0.0, 0.0, 0.0, 0.0, 0.0002475860361475613, 0.0004951720722951226, 0.0007427581084426838, 0.0017331022530329288, 0.0037137905422134194, 0.010398613518197574, 0.03490963109680614, 0.06263926714533301, 0.09433027977222085, 0.13840059420648676, 0.1554840307006685, 0.1663778162911612, 0.20772468432780392, 0.24659569200297105, 0.2525377568705125, 0.2557563753404308, 0.25748947759346374, 0.25872740777420156, 0.25922257984649666, 0.25996533795493937, 0.26244119831641494, 0.26764050507551373, 0.2768011884129735, 0.2926466947264174, 0.3139390938351077, 0.3441445902451102, 0.3768259470165883, 0.4194107452339688, 0.46026244119831644, 0.4931913840059421, 0.509036890319386, 0.5224065362713542, 0.529338945283486, 0.5325575637534044, 0.5328051497895518, 0.5337954939341422, 0.5342906660064373, 0.5345382520425848, 0.5347858380787324, 0.53503342411488, 0.53503342411488, 0.53503342411488, 0.53503342411488, 0.53503342411488]
outputs_edges[ 13 ]=[0, 0, 0, 0, 0, 0, 0, 0, 0, 0, 773, 1546, 3572, 5598, 7624, 9650, 11676, 11676, 11676, 11676, 11676, 11676, 11676, 11676, 11676, 11676, 11676, 13052, 15269, 17159, 19049, 20939, 22829, 24719, 24719, 24719, 24719, 24719, 24719, 24719, 24719, 24719, 24719, 24719, 24719, 24719, 24719, 24719, 24719]
--------------------------------------------
outputs[ 14 ]=[0.0, 0.0, 0.0, 0.0, 0.0, 0.0002475860361475613, 0.0022282743253280515, 0.017826194602624412, 0.04382272839811835, 0.05446892795246348, 0.07625649913344887, 0.11042337212181233, 0.1369150779896014, 0.1547412725922258, 0.16266402574894775, 0.1661302302550136, 0.16761574647189897, 0.16786333250804655, 0.16835850458034166, 0.16885367665263679, 0.17157712305025996, 0.1931171081950978, 0.24733845011141373, 0.28942807625649913, 0.35528596187175043, 0.4404555583065115, 0.5501361723198812, 0.5986630354048031, 0.6301064619955434, 0.6615498885862837, 0.6823471156226789, 0.6912602129239911, 0.696954691755385, 0.7004208962614509, 0.703144342659074, 0.7038871007675167, 0.7048774449121069, 0.7051250309482545, 0.7056202030205496, 0.7066105471651399, 0.7068581332012874, 0.7073533052735825, 0.7078484773458777, 0.7083436494181728, 0.708838821490468, 0.708838821490468, 0.7090864075266154, 0.7090864075266154, 0.7090864075266154]
outputs_edges[ 14 ]=[0, 0, 0, 0, 0, 0, 0, 773, 1546, 2319, 3092, 3092, 3092, 3092, 3092, 3092, 3092, 3092, 3092, 5736, 9215, 15164, 21113, 27062, 31753, 36444, 41135, 44440, 44440, 44440, 44440, 44440, 44440, 44440, 44440, 44440, 44440, 44440, 44440, 44440, 44440, 44440, 44440, 44440, 44440, 44440, 44440, 44440, 44440]
--------------------------------------------
outputs[ 15 ]=[0.0, 0.0, 0.0, 0.0, 0.0, 0.0002475860361475613, 0.0009903441445902451, 0.0059420648675414705, 0.01955929685565734, 0.031691012626887845, 0.0415944540727903, 0.05075513741025006, 0.09705372616984402, 0.14978955186927456, 0.19460262441198317, 0.21639019559296854, 0.2820004951720723, 0.30725427085912355, 0.31418667987125526, 0.3179004704134687, 0.3208715028472394, 0.3230997771725675, 0.32334736320871504, 0.32458529338945286, 0.3268135677147809, 0.33201287447387967, 0.3431542461005199, 0.37484525872740776, 0.4478831393909384, 0.5325575637534044, 0.6172319881158702, 0.6833374597672691, 0.7313691507798961, 0.7566229264669473, 0.7704877444912107, 0.7786580836840802, 0.7818767021539985, 0.7833622183708839, 0.7846001485516216, 0.7853429066600643, 0.7863332508046547, 0.7865808368408022, 0.7865808368408022, 0.7865808368408022, 0.7865808368408022, 0.7865808368408022, 0.7865808368408022, 0.7865808368408022, 0.7865808368408022]
outputs_edges[ 15 ]=[0, 0, 0, 0, 0, 0, 0, 0, 0, 2531, 5062, 8848, 12634, 16420, 20206, 23691, 26270, 26270, 26270, 26270, 26270, 26270, 26270, 26270, 28133, 30290, 33282, 36274, 39266, 41927, 44588, 47249, 47249, 47249, 47249, 47249, 47249, 47249, 47249, 47249, 47249, 47249, 47249, 47249, 47249, 47249, 47249, 47249, 47249]
--------------------------------------------
outputs[ 16 ]=[0.0, 0.0, 0.0, 0.0, 0.0, 0.0002475860361475613, 0.0004951720722951226, 0.0032186184699182965, 0.024015845506313444, 0.04926962119336469, 0.09111166130230255, 0.18321366674919534, 0.22852191136419905, 0.2448625897499381, 0.28744738796731867, 0.32111908888338697, 0.38053973755880166, 0.3946521416192127, 0.40628868531814805, 0.4137162664025749, 0.4174300569447883, 0.41965833127011637, 0.422134191631592, 0.43327556325823224, 0.45902451101757863, 0.48601138895766277, 0.502847239415697, 0.515226541223075, 0.523149294379797, 0.5281010151027482, 0.5308244615003713, 0.53503342411488, 0.5375092844763555, 0.5380044565486507, 0.5382520425847982, 0.5384996286209458, 0.5384996286209458, 0.5384996286209458, 0.5384996286209458, 0.5384996286209458, 0.5384996286209458, 0.5384996286209458, 0.5384996286209458, 0.5384996286209458, 0.5384996286209458, 0.5384996286209458, 0.5384996286209458, 0.5384996286209458, 0.5384996286209458]
outputs_edges[ 16 ]=[0, 0, 0, 0, 0, 0, 0, 2031, 4062, 6468, 10144, 14726, 19308, 23890, 26920, 29471, 29471, 29471, 29471, 29471, 29471, 29471, 29471, 29471, 29471, 29471, 29471, 29471, 29471, 29471, 29471, 29471, 29471, 29471, 29471, 29471, 29471, 29471, 29471, 29471, 29471, 29471, 29471, 29471, 29471, 29471, 29471, 29471, 29471]
--------------------------------------------
outputs[ 17 ]=[0.0, 0.0, 0.0, 0.0, 0.0, 0.0002475860361475613, 0.0002475860361475613, 0.0002475860361475613, 0.0002475860361475613, 0.0004951720722951226, 0.0009903441445902451, 0.003961376578360981, 0.021044813072542707, 0.05545927209705372, 0.10101510274820501, 0.1386481802426343, 0.16167368160435752, 0.21960881406288685, 0.25179499876206984, 0.260708096063382, 0.2711067095815796, 0.2881901460757613, 0.30032186184699183, 0.3062639267145333, 0.31072047536518943, 0.31294874969051745, 0.3134439217628126, 0.3144342659074028, 0.317157712305026, 0.3196335726665016, 0.3201287447387967, 0.32062391681109187, 0.3213666749195345, 0.3213666749195345, 0.3216142609556821, 0.32210943302797723, 0.3228521911364199, 0.3230997771725675, 0.3230997771725675, 0.3230997771725675, 0.3230997771725675, 0.3230997771725675, 0.3230997771725675, 0.3230997771725675, 0.3230997771725675, 0.3230997771725675, 0.3230997771725675, 0.3230997771725675, 0.3230997771725675]
outputs_edges[ 17 ]=[0, 0, 0, 0, 0, 0, 0, 0, 0, 0, 799, 1598, 3652, 5706, 7760, 9814, 11920, 14026, 14026, 14026, 14026, 14026, 14026, 14026, 14026, 14026, 14026, 14026, 14026, 14026, 14026, 14026, 14026, 14026, 14026, 14026, 14026, 14026, 14026, 14026, 14026, 14026, 14026, 14026, 14026, 14026, 14026, 14026, 14026]
--------------------------------------------
outputs[ 18 ]=[0.0, 0.0, 0.0, 0.0, 0.0, 0.0002475860361475613, 0.0002475860361475613, 0.0004951720722951226, 0.0012379301807378064, 0.002723446397623174, 0.004704134686803664, 0.0059420648675414705, 0.006932409012131715, 0.008170339192869523, 0.008665511265164644, 0.008913097301312206, 0.009160683337459768, 0.009160683337459768, 0.009160683337459768, 0.009160683337459768, 0.009160683337459768, 0.009160683337459768, 0.009160683337459768, 0.009160683337459768, 0.009160683337459768, 0.009160683337459768, 0.009160683337459768, 0.009160683337459768, 0.009160683337459768, 0.009160683337459768, 0.009160683337459768, 0.009160683337459768, 0.009160683337459768, 0.009160683337459768, 0.009160683337459768, 0.009160683337459768, 0.009160683337459768, 0.009160683337459768, 0.009160683337459768, 0.009160683337459768, 0.009160683337459768, 0.009160683337459768, 0.009160683337459768, 0.009160683337459768, 0.009160683337459768, 0.009160683337459768, 0.009160683337459768, 0.009160683337459768, 0.009160683337459768]
outputs_edges[ 18 ]=[0, 0, 0, 0, 0, 0, 0, 0, 0, 0, 0, 0, 0, 0, 0, 0, 0, 0, 0, 0, 0, 0, 0, 0, 0, 0, 0, 0, 0, 0, 0, 0, 0, 0, 0, 0, 0, 0, 0, 0, 0, 0, 0, 0, 0, 0, 0, 0, 0]
--------------------------------------------
outputs[ 19 ]=[0.0, 0.0, 0.0, 0.0, 0.0, 0.0002475860361475613, 0.0009903441445902451, 0.01757860856647685, 0.07204753651894033, 0.09111166130230255, 0.15053230997771724, 0.26962119336469426, 0.36098044070314433, 0.3956424857638029, 0.42683832631839563, 0.4622431294874969, 0.49863827680118844, 0.5147313691507799, 0.5236444664520921, 0.5290913592473384, 0.5335479078979946, 0.5365189403317653, 0.5382520425847982, 0.5389948006932409, 0.5389948006932409, 0.5389948006932409, 0.5389948006932409, 0.5389948006932409, 0.5389948006932409, 0.5389948006932409, 0.5389948006932409, 0.5389948006932409, 0.5389948006932409, 0.5389948006932409, 0.5389948006932409, 0.5389948006932409, 0.5389948006932409, 0.5389948006932409, 0.5389948006932409, 0.5389948006932409, 0.5389948006932409, 0.5389948006932409, 0.5389948006932409, 0.5389948006932409, 0.5389948006932409, 0.5389948006932409, 0.5389948006932409, 0.5389948006932409, 0.5389948006932409]
outputs_edges[ 19 ]=[0, 0, 0, 0, 0, 0, 4751, 10408, 16065, 22201, 28337, 34473, 40609, 44483, 47073, 48822, 48822, 48822, 48822, 48822, 48822, 48822, 48822, 48822, 48822, 48822, 48822, 48822, 48822, 48822, 48822, 48822, 48822, 48822, 48822, 48822, 48822, 48822, 48822, 48822, 48822, 48822, 48822, 48822, 48822, 48822, 48822, 48822, 48822]
--------------------------------------------
avg_output=[0.0, 0.0, 0.0, 0.0, 0.0, 0.00024758603614756134, 0.0015474127259222585, 0.010646199554345138, 0.02248081208219856, 0.03797969794503589, 0.06336964595196831, 0.0984773458776925, 0.1317776677395395, 0.1588635800940827, 0.18145580589254762, 0.19978955186927458, 0.2262564991334489, 0.24459024511017574, 0.2596434761079475, 0.2694231245357762, 0.2801931171081951, 0.29033176528843774, 0.3002599653379549, 0.3088759593958901, 0.32047536518940334, 0.3324461500371379, 0.34342659074028226, 0.3505199306759099, 0.3594701658826442, 0.36910126268878435, 0.3779277048774449, 0.3851695964347611, 0.39113641990591735, 0.3953206239168111, 0.39853924238672944, 0.4001237930180738, 0.40159692993315177, 0.4036890319385987, 0.40601634067838577, 0.4077370636296114, 0.4093711314681852, 0.40987868284228773, 0.4102871998019312, 0.41039861351819756, 0.4104852686308493, 0.4105224065362714, 0.4105347858380788, 0.41054716513988615, 0.41054716513988615]
avg_output_edges=[0.0, 0.0, 0.0, 0.0, 0.0, 419.1, 1437.8, 2725.95, 4350.2, 6221.95, 8172.85, 10243.6, 12356.55, 14204.9, 15864.65, 17114.65, 18132.6, 18883.65, 19468.4, 19885.35, 20293.25, 20864.3, 21435.35, 21943.5, 22310.85, 22653.25, 23149.25, 23644.75, 24017.05, 24356.45, 24695.85, 24923.4, 25017.9, 25112.4, 25154.05, 25210.4, 25247.85, 25285.3, 25322.75, 25322.75, 25322.75, 25322.75, 25322.75, 25322.75, 25322.75, 25322.75, 25322.75, 25322.75, 25322.75]
