outputs[ 0 ]=[0.0, 0.0, 0.0, 0.0, 0.0, 0.0002475860361475613, 0.0004951720722951226, 0.002723446397623174, 0.004704134686803664, 0.00965585540975489, 0.02352067343401832, 0.05347858380787324, 0.07501856895271107, 0.0888833869769745, 0.09754889824213914, 0.10250061896509037, 0.10621440950730379, 0.1086902698687794, 0.10992820004951721, 0.1106709581579599, 0.11190888833869769, 0.11240406041099282, 0.11240406041099282, 0.11240406041099282, 0.11240406041099282, 0.11240406041099282, 0.11240406041099282, 0.11240406041099282, 0.11240406041099282, 0.11240406041099282, 0.11240406041099282, 0.11240406041099282, 0.11240406041099282, 0.11240406041099282, 0.11240406041099282, 0.11240406041099282, 0.11240406041099282, 0.11240406041099282, 0.11240406041099282, 0.11240406041099282, 0.11240406041099282, 0.11240406041099282, 0.11240406041099282, 0.11240406041099282, 0.11240406041099282, 0.11240406041099282, 0.11240406041099282, 0.11240406041099282, 0.11240406041099282]
outputs_edges[ 0 ]=[0, 0, 0, 0, 0, 0, 0, 45, 90, 135, 180, 225, 270, 270, 270, 270, 270, 270, 270, 270, 270, 270, 270, 270, 270, 270, 270, 270, 270, 270, 270, 270, 270, 270, 270, 270, 270, 270, 270, 270, 270, 270, 270, 270, 270, 270, 270, 270, 270]
--------------------------------------------
outputs[ 1 ]=[0.0, 0.0, 0.0, 0.0, 0.0, 0.0002475860361475613, 0.004704134686803664, 0.028472394156969547, 0.04926962119336469, 0.06932409012131716, 0.1086902698687794, 0.1374102500618965, 0.14681851943550384, 0.1547412725922258, 0.1591978212428819, 0.16216885367665262, 0.16340678385739044, 0.16390195592968557, 0.16390195592968557, 0.16390195592968557, 0.1643971280019807, 0.16588264421886606, 0.16736816043575142, 0.16835850458034166, 0.16835850458034166, 0.16835850458034166, 0.16835850458034166, 0.16835850458034166, 0.16835850458034166, 0.16835850458034166, 0.16835850458034166, 0.16835850458034166, 0.16835850458034166, 0.16835850458034166, 0.16835850458034166, 0.16835850458034166, 0.16835850458034166, 0.16835850458034166, 0.16835850458034166, 0.16835850458034166, 0.16835850458034166, 0.16835850458034166, 0.16835850458034166, 0.16835850458034166, 0.16835850458034166, 0.16835850458034166, 0.16835850458034166, 0.16835850458034166, 0.16835850458034166]
outputs_edges[ 1 ]=[0, 0, 0, 0, 0, 799, 1598, 2397, 3196, 3995, 4794, 5299, 5299, 5299, 5299, 5299, 5299, 5299, 5299, 5299, 5299, 5299, 5299, 5299, 5299, 5299, 5299, 5299, 5299, 5299, 5299, 5299, 5299, 5299, 5299, 5299, 5299, 5299, 5299, 5299, 5299, 5299, 5299, 5299, 5299, 5299, 5299, 5299, 5299]
--------------------------------------------
outputs[ 2 ]=[0.0, 0.0, 0.0, 0.0, 0.0, 0.0002475860361475613, 0.0009903441445902451, 0.0076751671205743995, 0.04060410992820005, 0.09433027977222085, 0.13072542708591237, 0.1478088635800941, 0.1567219608814063, 0.16093092349591484, 0.16315919782124289, 0.16390195592968557, 0.16513988611042338, 0.16736816043575142, 0.17108195097796483, 0.1898984897251795, 0.2503094825451844, 0.2659074028224808, 0.2782867046298589, 0.3050259965337955, 0.3550383758356029, 0.4065362713542956, 0.422134191631592, 0.4307997028967566, 0.4342659074028225, 0.43575142361970787, 0.43773211190888833, 0.4444169348848725, 0.44590245110175786, 0.44590245110175786, 0.4461500371379054, 0.4461500371379054, 0.4461500371379054, 0.4461500371379054, 0.4461500371379054, 0.4461500371379054, 0.4461500371379054, 0.4461500371379054, 0.4461500371379054, 0.4461500371379054, 0.4461500371379054, 0.4461500371379054, 0.4461500371379054, 0.4461500371379054, 0.4461500371379054]
outputs_edges[ 2 ]=[0, 0, 0, 0, 0, 773, 1546, 2319, 3092, 3865, 4638, 4638, 4638, 4638, 4638, 4638, 6276, 7914, 10552, 14033, 17514, 20995, 23218, 25441, 27664, 29887, 29887, 29887, 29887, 29887, 29887, 29887, 29887, 29887, 29887, 29887, 29887, 29887, 29887, 29887, 29887, 29887, 29887, 29887, 29887, 29887, 29887, 29887, 29887]
--------------------------------------------
outputs[ 3 ]=[0.0, 0.0, 0.0, 0.0, 0.0, 0.0002475860361475613, 0.0019806882891804903, 0.029710324337707355, 0.07724684327803912, 0.10299579103738549, 0.14978955186927456, 0.1955929685565734, 0.22579846496657588, 0.23991086902698688, 0.24783362218370883, 0.25055706858133203, 0.25278534290666005, 0.254518445159693, 0.2557563753404308, 0.2560039613765784, 0.2560039613765784, 0.2560039613765784, 0.25625154741272593, 0.25625154741272593, 0.25625154741272593, 0.25625154741272593, 0.25625154741272593, 0.25625154741272593, 0.25625154741272593, 0.25625154741272593, 0.25625154741272593, 0.25625154741272593, 0.25625154741272593, 0.25625154741272593, 0.25625154741272593, 0.25625154741272593, 0.25625154741272593, 0.25625154741272593, 0.25625154741272593, 0.25625154741272593, 0.25625154741272593, 0.25625154741272593, 0.25625154741272593, 0.25625154741272593, 0.25625154741272593, 0.25625154741272593, 0.25625154741272593, 0.25625154741272593, 0.25625154741272593]
outputs_edges[ 3 ]=[0, 0, 0, 0, 1271, 4347, 7423, 10499, 13575, 16651, 19727, 21532, 23337, 23337, 23337, 23337, 23337, 23337, 23337, 23337, 23337, 23337, 23337, 23337, 23337, 23337, 23337, 23337, 23337, 23337, 23337, 23337, 23337, 23337, 23337, 23337, 23337, 23337, 23337, 23337, 23337, 23337, 23337, 23337, 23337, 23337, 23337, 23337, 23337]
--------------------------------------------
outputs[ 4 ]=[0.0, 0.0, 0.0, 0.0, 0.0, 0.0002475860361475613, 0.0004951720722951226, 0.0007427581084426838, 0.0017331022530329288, 0.003961376578360981, 0.0059420648675414705, 0.006932409012131715, 0.0076751671205743995, 0.007922753156721961, 0.007922753156721961, 0.007922753156721961, 0.008170339192869523, 0.008170339192869523, 0.008170339192869523, 0.008170339192869523, 0.008170339192869523, 0.008170339192869523, 0.008170339192869523, 0.008170339192869523, 0.008170339192869523, 0.008170339192869523, 0.008170339192869523, 0.008170339192869523, 0.008170339192869523, 0.008170339192869523, 0.008170339192869523, 0.008170339192869523, 0.008170339192869523, 0.008170339192869523, 0.008170339192869523, 0.008170339192869523, 0.008170339192869523, 0.008170339192869523, 0.008170339192869523, 0.008170339192869523, 0.008170339192869523, 0.008170339192869523, 0.008170339192869523, 0.008170339192869523, 0.008170339192869523, 0.008170339192869523, 0.008170339192869523, 0.008170339192869523, 0.008170339192869523]
outputs_edges[ 4 ]=[0, 0, 0, 0, 0, 0, 0, 0, 0, 0, 0, 0, 0, 0, 0, 0, 0, 0, 0, 0, 0, 0, 0, 0, 0, 0, 0, 0, 0, 0, 0, 0, 0, 0, 0, 0, 0, 0, 0, 0, 0, 0, 0, 0, 0, 0, 0, 0, 0]
--------------------------------------------
outputs[ 5 ]=[0.0, 0.0, 0.0, 0.0, 0.0, 0.0002475860361475613, 0.005199306759098787, 0.024263431542461005, 0.0460510027234464, 0.09853924238672938, 0.17677642980935876, 0.2213419163159198, 0.23768259470165884, 0.24560534785838078, 0.2508046546174796, 0.25278534290666005, 0.2532805149789552, 0.254518445159693, 0.2564991334488735, 0.2629363703887101, 0.270859123545432, 0.28719980193117106, 0.32384253528101015, 0.35181975736568455, 0.3708838821490468, 0.39044317900470416, 0.41767764298093585, 0.44639762317405296, 0.4654617479574152, 0.47858380787323596, 0.48502104481307257, 0.4872493191384006, 0.4884872493191384, 0.4902203515721713, 0.49071552364446647, 0.49121069571676157, 0.4914582817529091, 0.4924486258974994, 0.49442931418667985, 0.4961624164397128, 0.497152760584303, 0.497152760584303, 0.497152760584303, 0.497152760584303, 0.49740034662045063, 0.49740034662045063, 0.49740034662045063, 0.49740034662045063, 0.49740034662045063]
outputs_edges[ 5 ]=[0, 0, 0, 0, 0, 3114, 6228, 9342, 12456, 15570, 18684, 21798, 21798, 21798, 21798, 21798, 21798, 21798, 22608, 24673, 25483, 26338, 27193, 28048, 28903, 29427, 29951, 29996, 29996, 29996, 29996, 29996, 29996, 29996, 29996, 29996, 29996, 29996, 29996, 29996, 29996, 29996, 29996, 29996, 29996, 29996, 29996, 29996, 29996]
--------------------------------------------
outputs[ 6 ]=[0.0, 0.0, 0.0, 0.0, 0.0, 0.0002475860361475613, 0.0022282743253280515, 0.015102748205001237, 0.045060658578856154, 0.07155236444664521, 0.11785095320623917, 0.14483783114632334, 0.1567219608814063, 0.16464471403812825, 0.16786333250804655, 0.16885367665263679, 0.16959643476107947, 0.17058677890566973, 0.17108195097796483, 0.17108195097796483, 0.17108195097796483, 0.17108195097796483, 0.17108195097796483, 0.17108195097796483, 0.17108195097796483, 0.17108195097796483, 0.17108195097796483, 0.17108195097796483, 0.17108195097796483, 0.17108195097796483, 0.17108195097796483, 0.17108195097796483, 0.17108195097796483, 0.17108195097796483, 0.17108195097796483, 0.17108195097796483, 0.17108195097796483, 0.17108195097796483, 0.17108195097796483, 0.17108195097796483, 0.17108195097796483, 0.17108195097796483, 0.17108195097796483, 0.17108195097796483, 0.17108195097796483, 0.17108195097796483, 0.17108195097796483, 0.17108195097796483, 0.17108195097796483]
outputs_edges[ 6 ]=[0, 0, 0, 0, 0, 799, 1598, 2397, 3196, 3995, 4794, 5299, 5299, 5299, 5299, 5299, 5299, 5299, 5299, 5299, 5299, 5299, 5299, 5299, 5299, 5299, 5299, 5299, 5299, 5299, 5299, 5299, 5299, 5299, 5299, 5299, 5299, 5299, 5299, 5299, 5299, 5299, 5299, 5299, 5299, 5299, 5299, 5299, 5299]
--------------------------------------------
outputs[ 7 ]=[0.0, 0.0, 0.0, 0.0, 0.0, 0.0002475860361475613, 0.003961376578360981, 0.05025996533795494, 0.0913592473384501, 0.12354543203763307, 0.1478088635800941, 0.16588264421886606, 0.17652884377321118, 0.17999504827927704, 0.1809853924238673, 0.18197573656845753, 0.1827184946769002, 0.18816538747214656, 0.2052488239663283, 0.23545432037633077, 0.2750680861599406, 0.2973508294132211, 0.310968061401337, 0.32953701411240405, 0.37435008665511266, 0.4256003961376578, 0.44912106957167613, 0.460510027234464, 0.470661054716514, 0.47561277543946523, 0.4783362218370884, 0.48130725427085913, 0.48254518445159694, 0.48353552859618715, 0.48551621688536767, 0.5016093092349592, 0.5256251547412726, 0.533300321861847, 0.5365189403317653, 0.537261698440208, 0.5375092844763555, 0.5377568705125031, 0.5380044565486507, 0.5380044565486507, 0.5380044565486507, 0.5380044565486507, 0.5380044565486507, 0.5380044565486507, 0.5380044565486507]
outputs_edges[ 7 ]=[0, 0, 0, 1258, 3359, 5460, 7561, 9662, 11763, 13864, 15965, 15965, 15965, 15965, 15965, 17350, 18780, 20210, 21640, 23549, 25458, 27367, 27891, 28415, 28939, 29463, 29987, 29987, 29987, 29987, 29987, 29987, 29987, 30281, 30575, 30869, 30869, 30869, 30869, 30869, 30869, 30869, 30869, 30869, 30869, 30869, 30869, 30869, 30869]
--------------------------------------------
outputs[ 8 ]=[0.0, 0.0, 0.0, 0.0, 0.0, 0.0002475860361475613, 0.0012379301807378064, 0.007179995048279277, 0.03218618469918297, 0.06115375092844764, 0.12106957167615746, 0.21812329784600148, 0.23991086902698688, 0.24907155236444664, 0.2530329289428076, 0.254518445159693, 0.25625154741272593, 0.2577370636296113, 0.26194602624411983, 0.2738301559792028, 0.2941322109433028, 0.3094825451844516, 0.32334736320871504, 0.3503342411487992, 0.40406041099282003, 0.43847487001733104, 0.45432037633077493, 0.466699678138153, 0.47685070562020304, 0.48031691012626887, 0.48180242634315423, 0.4822975984154494, 0.48304035652389204, 0.4832879425600396, 0.48353552859618715, 0.48378311463233475, 0.48378311463233475, 0.4840307006684823, 0.4840307006684823, 0.4840307006684823, 0.4840307006684823, 0.4840307006684823, 0.4840307006684823, 0.4840307006684823, 0.4840307006684823, 0.4840307006684823, 0.4840307006684823, 0.4840307006684823, 0.4840307006684823]
outputs_edges[ 8 ]=[0, 0, 0, 0, 0, 835, 3936, 7037, 10138, 13239, 16340, 19441, 19441, 19441, 19441, 19441, 19441, 19861, 20760, 21659, 22558, 23457, 24356, 25255, 25779, 26303, 26303, 26303, 26303, 26303, 26303, 26303, 26303, 26303, 26303, 26303, 26303, 26303, 26303, 26303, 26303, 26303, 26303, 26303, 26303, 26303, 26303, 26303, 26303]
--------------------------------------------
outputs[ 9 ]=[0.0, 0.0, 0.0, 0.0, 0.0, 0.0002475860361475613, 0.0014855162168853676, 0.005446892795246348, 0.016588264421886604, 0.03292894280762565, 0.041099282000495174, 0.049022035157217134, 0.09507303788066353, 0.14409507303788066, 0.2052488239663283, 0.21762812577370635, 0.22381777667739539, 0.2282743253280515, 0.23050259965337955, 0.23297846001485517, 0.2339688041594454, 0.2339688041594454, 0.2339688041594454, 0.2339688041594454, 0.2339688041594454, 0.2339688041594454, 0.2339688041594454, 0.2339688041594454, 0.2339688041594454, 0.2339688041594454, 0.2339688041594454, 0.2339688041594454, 0.2339688041594454, 0.2339688041594454, 0.2339688041594454, 0.2339688041594454, 0.2339688041594454, 0.2339688041594454, 0.2339688041594454, 0.2339688041594454, 0.2339688041594454, 0.2339688041594454, 0.2339688041594454, 0.2339688041594454, 0.2339688041594454, 0.2339688041594454, 0.2339688041594454, 0.2339688041594454, 0.2339688041594454]
outputs_edges[ 9 ]=[0, 0, 0, 0, 0, 0, 0, 0, 1571, 4048, 6525, 9002, 11479, 13956, 16433, 16433, 16433, 16433, 16433, 16433, 16433, 16433, 16433, 16433, 16433, 16433, 16433, 16433, 16433, 16433, 16433, 16433, 16433, 16433, 16433, 16433, 16433, 16433, 16433, 16433, 16433, 16433, 16433, 16433, 16433, 16433, 16433, 16433, 16433]
--------------------------------------------
outputs[ 10 ]=[0.0, 0.0, 0.0, 0.0, 0.0, 0.0002475860361475613, 0.0014855162168853676, 0.006189650903689032, 0.01733102253032929, 0.042089626145085414, 0.10051993067590988, 0.13840059420648676, 0.15300817033919287, 0.16093092349591484, 0.16513988611042338, 0.16761574647189897, 0.16910126268878437, 0.16910126268878437, 0.16934884872493192, 0.1713295370141124, 0.17603367170091608, 0.1822233226046051, 0.19286952215895023, 0.2307501856895271, 0.30898737311215646, 0.3825204258479822, 0.4696707105719237, 0.5481554840307007, 0.5813320128744739, 0.5984154493686556, 0.6068333745976727, 0.6110423372121813, 0.6120326813567715, 0.6122802673929191, 0.6125278534290666, 0.6132706115375093, 0.6145085417182471, 0.6159940579351325, 0.6164892300074276, 0.6169844020797227, 0.6174795741520178, 0.6179747462243129, 0.6189650903689032, 0.6189650903689032, 0.6189650903689032, 0.6189650903689032, 0.6189650903689032, 0.6189650903689032, 0.6189650903689032]
outputs_edges[ 10 ]=[0, 0, 0, 0, 0, 0, 773, 1546, 2319, 3092, 3865, 4638, 4638, 4638, 4638, 4638, 4638, 4638, 4638, 6313, 8996, 12949, 17808, 22667, 27526, 32385, 35986, 39215, 42444, 42444, 42444, 42444, 42444, 42444, 42444, 42444, 42444, 42444, 42444, 42444, 42444, 42444, 42444, 42444, 42444, 42444, 42444, 42444, 42444]
--------------------------------------------
outputs[ 11 ]=[0.0, 0.0, 0.0, 0.0, 0.0, 0.0002475860361475613, 0.0014855162168853676, 0.012626887843525626, 0.07972270363951472, 0.1478088635800941, 0.20054468927952462, 0.23322604605100272, 0.24511017578608565, 0.2508046546174796, 0.2530329289428076, 0.25402327308739786, 0.2552612032681357, 0.2560039613765784, 0.25674671948502104, 0.25798464966575885, 0.26194602624411983, 0.272592225798465, 0.2956177271601882, 0.36271354295617725, 0.4553107204753652, 0.49839069076504083, 0.53503342411488, 0.5642485763802921, 0.579598910621441, 0.5924733845011141, 0.6065857885615251, 0.6221837088388215, 0.6338202525377569, 0.6390195592968556, 0.6412478336221837, 0.6422381777667739, 0.6442188660559545, 0.6476850705620203, 0.6491705867789057, 0.6496657588512008, 0.6501609309234959, 0.650656102995791, 0.650656102995791, 0.6509036890319386, 0.6511512750680861, 0.6511512750680861, 0.6511512750680861, 0.6511512750680861, 0.6511512750680861]
outputs_edges[ 11 ]=[0, 0, 0, 0, 2100, 5208, 8316, 11424, 14532, 17640, 20748, 22590, 22590, 22590, 22590, 22590, 22590, 22590, 22590, 25011, 27432, 29898, 32364, 34830, 37296, 39762, 42228, 43921, 45614, 45659, 45659, 45659, 45659, 45659, 45659, 45659, 45659, 45659, 45659, 45659, 45659, 45659, 45659, 45659, 45659, 45659, 45659, 45659, 45659]
--------------------------------------------
outputs[ 12 ]=[0.0, 0.0, 0.0, 0.0, 0.0, 0.0002475860361475613, 0.0004951720722951226, 0.0004951720722951226, 0.0004951720722951226, 0.0004951720722951226, 0.0004951720722951226, 0.0004951720722951226, 0.0004951720722951226, 0.0004951720722951226, 0.0004951720722951226, 0.0004951720722951226, 0.0004951720722951226, 0.0004951720722951226, 0.0004951720722951226, 0.0004951720722951226, 0.0004951720722951226, 0.0004951720722951226, 0.0004951720722951226, 0.0004951720722951226, 0.0004951720722951226, 0.0004951720722951226, 0.0004951720722951226, 0.0004951720722951226, 0.0004951720722951226, 0.0004951720722951226, 0.0004951720722951226, 0.0004951720722951226, 0.0004951720722951226, 0.0004951720722951226, 0.0004951720722951226, 0.0004951720722951226, 0.0004951720722951226, 0.0004951720722951226, 0.0004951720722951226, 0.0004951720722951226, 0.0004951720722951226, 0.0004951720722951226, 0.0004951720722951226, 0.0004951720722951226, 0.0004951720722951226, 0.0004951720722951226, 0.0004951720722951226, 0.0004951720722951226, 0.0004951720722951226]
outputs_edges[ 12 ]=[0, 0, 0, 0, 0, 0, 0, 0, 0, 0, 0, 0, 0, 0, 0, 0, 0, 0, 0, 0, 0, 0, 0, 0, 0, 0, 0, 0, 0, 0, 0, 0, 0, 0, 0, 0, 0, 0, 0, 0, 0, 0, 0, 0, 0, 0, 0, 0, 0]
--------------------------------------------
outputs[ 13 ]=[0.0, 0.0, 0.0, 0.0, 0.0, 0.0002475860361475613, 0.0012379301807378064, 0.022282743253280515, 0.07526615498885862, 0.1336964595196831, 0.20821985640009905, 0.24213914335231493, 0.2508046546174796, 0.2557563753404308, 0.2577370636296113, 0.25996533795493937, 0.2616984402079723, 0.2634315424610052, 0.264669472641743, 0.2666501609309235, 0.2698687794008418, 0.2812577370636296, 0.310968061401337, 0.35776182223322606, 0.4104976479326566, 0.4686803664273335, 0.523149294379797, 0.5560782371874227, 0.5986630354048031, 0.6177271601881654, 0.6244119831641496, 0.6271354295617727, 0.6276306016340678, 0.6281257737063629, 0.6283733597425105, 0.6283733597425105, 0.6283733597425105, 0.6283733597425105, 0.6283733597425105, 0.6283733597425105, 0.6283733597425105, 0.6283733597425105, 0.6283733597425105, 0.6283733597425105, 0.6283733597425105, 0.6283733597425105, 0.6283733597425105, 0.6283733597425105, 0.6283733597425105]
outputs_edges[ 13 ]=[0, 0, 0, 0, 2234, 5973, 9712, 13451, 17190, 20929, 24668, 27445, 27445, 27445, 27445, 27445, 27445, 27445, 27445, 28350, 29255, 31462, 33669, 35876, 38083, 39909, 41735, 43561, 44908, 44908, 44908, 44908, 44908, 44908, 44908, 44908, 44908, 44908, 44908, 44908, 44908, 44908, 44908, 44908, 44908, 44908, 44908, 44908, 44908]
--------------------------------------------
outputs[ 14 ]=[0.0, 0.0, 0.0, 0.0, 0.0, 0.0002475860361475613, 0.0012379301807378064, 0.009408269373607328, 0.03589997524139638, 0.07873235949492449, 0.1720722951225551, 0.22357019064124783, 0.24659569200297105, 0.2550136172319881, 0.2594701658826442, 0.2621936122802674, 0.264669472641743, 0.26565981678633327, 0.2673929190393662, 0.27135429561772717, 0.27977222084674425, 0.2886853181480564, 0.2995791037385491, 0.33473632087150285, 0.3785590492696212, 0.41842040108937856, 0.44194107452339687, 0.46125278534290665, 0.4763555335479079, 0.48700173310225303, 0.4936865560782372, 0.5001237930180737, 0.5043327556325823, 0.5055706858133201, 0.5063134439217628, 0.5063134439217628, 0.5065610299579104, 0.5068086159940579, 0.5068086159940579, 0.5068086159940579, 0.5068086159940579, 0.5068086159940579, 0.5068086159940579, 0.5068086159940579, 0.5068086159940579, 0.5068086159940579, 0.5068086159940579, 0.5068086159940579, 0.5068086159940579]
outputs_edges[ 14 ]=[0, 0, 0, 0, 0, 3103, 6233, 9363, 12493, 15623, 18753, 21883, 21883, 21883, 21883, 21883, 21883, 21883, 21883, 22752, 23666, 24580, 25494, 26408, 27077, 27601, 28125, 28649, 28649, 28649, 28649, 28649, 28649, 28649, 28649, 28649, 28649, 28649, 28649, 28649, 28649, 28649, 28649, 28649, 28649, 28649, 28649, 28649, 28649]
--------------------------------------------
outputs[ 15 ]=[0.0, 0.0, 0.0, 0.0, 0.0, 0.0002475860361475613, 0.0004951720722951226, 0.0022282743253280515, 0.010893785590492696, 0.029462738301559793, 0.059173062639267145, 0.08343649418172815, 0.0997771725674672, 0.11537509284476355, 0.15622678880911117, 0.2327308739787076, 0.2807625649913345, 0.31988115870264916, 0.36964595196830896, 0.4055459272097054, 0.43822728398118344, 0.45852933894528347, 0.47338450111413716, 0.4815548403070067, 0.48353552859618715, 0.48502104481307257, 0.4857638029215152, 0.4857638029215152, 0.48601138895766277, 0.48601138895766277, 0.48601138895766277, 0.48601138895766277, 0.48601138895766277, 0.48601138895766277, 0.48601138895766277, 0.48601138895766277, 0.48601138895766277, 0.48601138895766277, 0.48601138895766277, 0.48601138895766277, 0.48601138895766277, 0.48601138895766277, 0.48601138895766277, 0.48601138895766277, 0.48601138895766277, 0.48601138895766277, 0.48601138895766277, 0.48601138895766277, 0.48601138895766277]
outputs_edges[ 15 ]=[0, 0, 0, 0, 0, 0, 45, 417, 789, 2165, 4796, 7427, 10537, 14490, 18116, 21742, 25323, 27649, 28971, 30293, 31615, 31615, 31615, 31615, 31615, 31615, 31615, 31615, 31615, 31615, 31615, 31615, 31615, 31615, 31615, 31615, 31615, 31615, 31615, 31615, 31615, 31615, 31615, 31615, 31615, 31615, 31615, 31615, 31615]
--------------------------------------------
outputs[ 16 ]=[0.0, 0.0, 0.0, 0.0, 0.0, 0.0002475860361475613, 0.0012379301807378064, 0.0017331022530329288, 0.0017331022530329288, 0.0017331022530329288, 0.0017331022530329288, 0.0017331022530329288, 0.0017331022530329288, 0.0017331022530329288, 0.0017331022530329288, 0.0017331022530329288, 0.0017331022530329288, 0.0017331022530329288, 0.0017331022530329288, 0.0017331022530329288, 0.0017331022530329288, 0.0017331022530329288, 0.0017331022530329288, 0.0017331022530329288, 0.0017331022530329288, 0.0017331022530329288, 0.0017331022530329288, 0.0017331022530329288, 0.0017331022530329288, 0.0017331022530329288, 0.0017331022530329288, 0.0017331022530329288, 0.0017331022530329288, 0.0017331022530329288, 0.0017331022530329288, 0.0017331022530329288, 0.0017331022530329288, 0.0017331022530329288, 0.0017331022530329288, 0.0017331022530329288, 0.0017331022530329288, 0.0017331022530329288, 0.0017331022530329288, 0.0017331022530329288, 0.0017331022530329288, 0.0017331022530329288, 0.0017331022530329288, 0.0017331022530329288, 0.0017331022530329288]
outputs_edges[ 16 ]=[0, 0, 0, 0, 0, 0, 0, 0, 0, 0, 0, 0, 0, 0, 0, 0, 0, 0, 0, 0, 0, 0, 0, 0, 0, 0, 0, 0, 0, 0, 0, 0, 0, 0, 0, 0, 0, 0, 0, 0, 0, 0, 0, 0, 0, 0, 0, 0, 0]
--------------------------------------------
outputs[ 17 ]=[0.0, 0.0, 0.0, 0.0, 0.0, 0.0002475860361475613, 0.0009903441445902451, 0.0019806882891804903, 0.0022282743253280515, 0.0022282743253280515, 0.0022282743253280515, 0.0022282743253280515, 0.0022282743253280515, 0.0022282743253280515, 0.0022282743253280515, 0.0022282743253280515, 0.0022282743253280515, 0.0022282743253280515, 0.0022282743253280515, 0.0022282743253280515, 0.0022282743253280515, 0.0022282743253280515, 0.0022282743253280515, 0.0022282743253280515, 0.0022282743253280515, 0.0022282743253280515, 0.0022282743253280515, 0.0022282743253280515, 0.0022282743253280515, 0.0022282743253280515, 0.0022282743253280515, 0.0022282743253280515, 0.0022282743253280515, 0.0022282743253280515, 0.0022282743253280515, 0.0022282743253280515, 0.0022282743253280515, 0.0022282743253280515, 0.0022282743253280515, 0.0022282743253280515, 0.0022282743253280515, 0.0022282743253280515, 0.0022282743253280515, 0.0022282743253280515, 0.0022282743253280515, 0.0022282743253280515, 0.0022282743253280515, 0.0022282743253280515, 0.0022282743253280515]
outputs_edges[ 17 ]=[0, 0, 0, 0, 0, 0, 0, 0, 0, 0, 0, 0, 0, 0, 0, 0, 0, 0, 0, 0, 0, 0, 0, 0, 0, 0, 0, 0, 0, 0, 0, 0, 0, 0, 0, 0, 0, 0, 0, 0, 0, 0, 0, 0, 0, 0, 0, 0, 0]
--------------------------------------------
outputs[ 18 ]=[0.0, 0.0, 0.0, 0.0, 0.0, 0.0002475860361475613, 0.0019806882891804903, 0.006189650903689032, 0.012874473879673186, 0.025253775687051252, 0.037880663530576876, 0.04704134686803664, 0.05248823966328299, 0.05496410002475861, 0.05719237435008666, 0.057439960386234216, 0.0581827184946769, 0.0581827184946769, 0.0581827184946769, 0.0581827184946769, 0.05843030453082446, 0.05843030453082446, 0.05843030453082446, 0.05843030453082446, 0.05843030453082446, 0.05843030453082446, 0.05843030453082446, 0.05843030453082446, 0.05843030453082446, 0.05843030453082446, 0.05843030453082446, 0.05843030453082446, 0.05843030453082446, 0.05843030453082446, 0.05843030453082446, 0.05843030453082446, 0.05843030453082446, 0.05843030453082446, 0.05843030453082446, 0.05843030453082446, 0.05843030453082446, 0.05843030453082446, 0.05843030453082446, 0.05843030453082446, 0.05843030453082446, 0.05843030453082446, 0.05843030453082446, 0.05843030453082446, 0.05843030453082446]
outputs_edges[ 18 ]=[0, 0, 0, 0, 0, 0, 0, 0, 0, 0, 0, 0, 0, 0, 0, 0, 0, 0, 0, 0, 0, 0, 0, 0, 0, 0, 0, 0, 0, 0, 0, 0, 0, 0, 0, 0, 0, 0, 0, 0, 0, 0, 0, 0, 0, 0, 0, 0, 0]
--------------------------------------------
outputs[ 19 ]=[0.0, 0.0, 0.0, 0.0, 0.0, 0.0002475860361475613, 0.0002475860361475613, 0.0007427581084426838, 0.0022282743253280515, 0.004704134686803664, 0.007179995048279277, 0.008913097301312206, 0.00965585540975489, 0.009903441445902451, 0.010151027482050013, 0.010398613518197574, 0.010398613518197574, 0.010398613518197574, 0.010398613518197574, 0.010398613518197574, 0.010398613518197574, 0.010398613518197574, 0.010398613518197574, 0.010398613518197574, 0.010398613518197574, 0.010398613518197574, 0.010398613518197574, 0.010398613518197574, 0.010398613518197574, 0.010398613518197574, 0.010398613518197574, 0.010398613518197574, 0.010398613518197574, 0.010398613518197574, 0.010398613518197574, 0.010398613518197574, 0.010398613518197574, 0.010398613518197574, 0.010398613518197574, 0.010398613518197574, 0.010398613518197574, 0.010398613518197574, 0.010398613518197574, 0.010398613518197574, 0.010398613518197574, 0.010398613518197574, 0.010398613518197574, 0.010398613518197574, 0.010398613518197574]
outputs_edges[ 19 ]=[0, 0, 0, 0, 0, 0, 0, 0, 0, 0, 0, 0, 0, 0, 0, 0, 0, 0, 0, 0, 0, 0, 0, 0, 0, 0, 0, 0, 0, 0, 0, 0, 0, 0, 0, 0, 0, 0, 0, 0, 0, 0, 0, 0, 0, 0, 0, 0, 0]
--------------------------------------------
avg_output=[0.0, 0.0, 0.0, 0.0, 0.0, 0.00024758603614756134, 0.0016835850458034162, 0.011772716018816538, 0.03217380539737559, 0.05670958157959891, 0.09066600643723696, 0.11608071304778411, 0.12899232483287942, 0.13715028472394158, 0.14485021044813073, 0.15058182718494675, 0.15429561772716022, 0.15745233968804156, 0.16174795741520176, 0.16754147066105474, 0.17675167120574398, 0.18320128744738798, 0.1915696954691755, 0.20638771973260708, 0.22823718742262936, 0.24688041594454074, 0.2611166130230255, 0.2721713295370141, 0.2796360485268631, 0.2837707353305274, 0.2861970784847735, 0.2882644218866056, 0.2893661797474622, 0.2898737311215648, 0.29019559296855657, 0.2911240406041099, 0.29251052240653624, 0.2932161426095568, 0.29357514236197074, 0.29374845258727406, 0.29385986630354044, 0.2939217628125773, 0.29398365932161424, 0.2939960386234216, 0.2940207972270364, 0.2940207972270364, 0.2940207972270364, 0.2940207972270364, 0.2940207972270364]
avg_output_edges=[0.0, 0.0, 0.0, 62.9, 448.2, 1520.55, 2748.45, 3994.95, 5320.0, 6740.55, 8223.85, 9359.1, 9730.95, 10052.45, 10357.6, 10608.15, 10940.6, 11231.3, 11586.25, 12363.55, 13130.75, 13964.95, 14712.3, 15459.65, 16176.0, 16849.5, 17322.75, 17688.6, 18002.05, 18004.3, 18004.3, 18004.3, 18004.3, 18019.0, 18033.7, 18048.4, 18048.4, 18048.4, 18048.4, 18048.4, 18048.4, 18048.4, 18048.4, 18048.4, 18048.4, 18048.4, 18048.4, 18048.4, 18048.4]
