outputs[ 0 ]=[0.0, 0.0, 0.0, 0.0, 0.0, 0.0002475860361475613, 0.0019806882891804903, 0.02153998514483783, 0.04530824461500371, 0.07526615498885862, 0.11785095320623917, 0.1426095568209953, 0.16192126764050507, 0.1829660807130478, 0.2468432780391186, 0.292894280762565, 0.35380044565486507, 0.39985144837831144, 0.4416934884872493, 0.46818519435503836, 0.49442931418667985, 0.5179499876206982, 0.5320623916811091, 0.5412230750185689, 0.5464223817776678, 0.5498885862837336, 0.5526120326813567, 0.5543451349343897, 0.5555830651151276, 0.5560782371874227, 0.5563258232235702, 0.5563258232235702, 0.5563258232235702, 0.5563258232235702, 0.5563258232235702, 0.5563258232235702, 0.5563258232235702, 0.5563258232235702, 0.5563258232235702, 0.5563258232235702, 0.5563258232235702, 0.5563258232235702, 0.5563258232235702]
outputs_edges[ 0 ]=[0, 0, 0, 0, 0, 0, 0, 0, 0, 0, 2359, 5428, 9338, 13293, 16769, 20245, 23721, 25942, 25942, 25942, 25942, 25942, 25942, 25942, 25942, 25942, 25942, 25942, 25942, 25942, 25942, 25942, 25942, 25942, 25942, 25942, 25942, 25942, 25942, 25942, 25942, 25942, 25942]
--------------------------------------------
outputs[ 1 ]=[0.0, 0.0, 0.0, 0.0, 0.0, 0.0002475860361475613, 0.0022282743253280515, 0.022530329289428077, 0.06313443921762812, 0.13146818519435505, 0.1591978212428819, 0.21267640505075514, 0.2503094825451844, 0.25847982173805395, 0.2621936122802674, 0.2666501609309235, 0.2750680861599406, 0.30552116860609063, 0.37435008665511266, 0.45605347858380785, 0.5347858380787324, 0.5994057935132459, 0.632087150284724, 0.6432285219113641, 0.6580836840802179, 0.6776429809358753, 0.6979450358999753, 0.7085912354543203, 0.7175043327556326, 0.7279029462738301, 0.7348353552859619, 0.7378063877197326, 0.7387967318643228, 0.7390443179004704, 0.7390443179004704, 0.7390443179004704, 0.7390443179004704, 0.7390443179004704, 0.7390443179004704, 0.7390443179004704, 0.7390443179004704, 0.7390443179004704, 0.7390443179004704]
outputs_edges[ 1 ]=[0, 0, 0, 0, 0, 0, 2399, 6056, 9713, 13370, 13370, 13370, 13370, 13370, 13370, 17595, 20856, 24162, 27468, 30774, 34080, 34080, 34080, 34080, 34080, 34080, 34080, 34080, 34080, 34080, 34080, 34080, 34080, 34080, 34080, 34080, 34080, 34080, 34080, 34080, 34080, 34080, 34080]
--------------------------------------------
outputs[ 2 ]=[0.0, 0.0, 0.0, 0.0, 0.0, 0.0002475860361475613, 0.0076751671205743995, 0.06239168110918544, 0.0856647685070562, 0.11091854419410745, 0.1846991829660807, 0.29710324337707356, 0.36568457538994803, 0.4270859123545432, 0.45605347858380785, 0.470661054716514, 0.47982173805397377, 0.4852686308492201, 0.48947759346372866, 0.4931913840059421, 0.49442931418667985, 0.49566724436741766, 0.4961624164397128, 0.49641000247586037, 0.49690517454815547, 0.49690517454815547, 0.49690517454815547, 0.497152760584303, 0.4976479326565982, 0.4976479326565982, 0.4976479326565982, 0.4976479326565982, 0.4976479326565982, 0.4976479326565982, 0.4976479326565982, 0.4976479326565982, 0.4976479326565982, 0.4976479326565982, 0.4976479326565982, 0.4976479326565982, 0.4976479326565982, 0.4976479326565982, 0.4976479326565982]
outputs_edges[ 2 ]=[0, 0, 0, 0, 0, 0, 4765, 10036, 15307, 20578, 25849, 29862, 33875, 33875, 33875, 33875, 33875, 33875, 33875, 33875, 33875, 33875, 33875, 33875, 33875, 33875, 33875, 33875, 33875, 33875, 33875, 33875, 33875, 33875, 33875, 33875, 33875, 33875, 33875, 33875, 33875, 33875, 33875]
--------------------------------------------
outputs[ 3 ]=[0.0, 0.0, 0.0, 0.0, 0.0, 0.0002475860361475613, 0.0017331022530329288, 0.01336964595196831, 0.043575142361970784, 0.09185441941074524, 0.15102748205001237, 0.23372121812329785, 0.2557563753404308, 0.26764050507551373, 0.2743253280514979, 0.27927704877444914, 0.2869522158950235, 0.2973508294132211, 0.3139390938351077, 0.3349839069076504, 0.3575142361970785, 0.3750928447635553, 0.4015845506313444, 0.4545679623669225, 0.5001237930180737, 0.5444416934884873, 0.5788561525129983, 0.5892547660311959, 0.5937113146818519, 0.5961871750433275, 0.5966823471156226, 0.5971775191879178, 0.5974251052240653, 0.5976726912602129, 0.5976726912602129, 0.5976726912602129, 0.5976726912602129, 0.5976726912602129, 0.5976726912602129, 0.5976726912602129, 0.5976726912602129, 0.5976726912602129, 0.5976726912602129]
outputs_edges[ 3 ]=[0, 0, 0, 0, 0, 0, 3508, 7016, 10524, 14032, 17540, 17540, 17540, 17540, 17540, 17540, 17540, 17540, 17540, 17540, 18477, 19708, 20939, 22170, 22170, 22170, 22170, 22170, 22170, 22170, 22170, 22170, 22170, 22170, 22170, 22170, 22170, 22170, 22170, 22170, 22170, 22170, 22170]
--------------------------------------------
outputs[ 4 ]=[0.0, 0.0, 0.0, 0.0, 0.0, 0.0002475860361475613, 0.0019806882891804903, 0.007922753156721961, 0.02277791532557564, 0.045060658578856154, 0.135429561772716, 0.22728398118346124, 0.25847982173805395, 0.31468185194355036, 0.39935627630601633, 0.4857638029215152, 0.5523644466452092, 0.6016340678385739, 0.6293637038871007, 0.6437236939836594, 0.6513988611042337, 0.6565981678633325, 0.6595692002971032, 0.6622926466947264, 0.6652636791284972, 0.666501609309235, 0.6672443674176777, 0.6682347115622679, 0.6684822975984155, 0.6684822975984155, 0.668729883634563, 0.668729883634563, 0.668729883634563, 0.668729883634563, 0.668729883634563, 0.668729883634563, 0.668729883634563, 0.668729883634563, 0.668729883634563, 0.668729883634563, 0.668729883634563, 0.668729883634563, 0.668729883634563]
outputs_edges[ 4 ]=[0, 0, 0, 0, 0, 0, 0, 3511, 7022, 12097, 18557, 25017, 30469, 35894, 40061, 43010, 44804, 44804, 44804, 44804, 44804, 44804, 44804, 44804, 44804, 44804, 44804, 44804, 44804, 44804, 44804, 44804, 44804, 44804, 44804, 44804, 44804, 44804, 44804, 44804, 44804, 44804, 44804]
--------------------------------------------
outputs[ 5 ]=[0.0, 0.0, 0.0, 0.0, 0.0, 0.0002475860361475613, 0.0007427581084426838, 0.0029710324337707352, 0.007922753156721961, 0.011141371626640258, 0.014855162168853677, 0.028224808120821985, 0.05446892795246348, 0.0722951225550879, 0.08937855904926963, 0.10547165139886111, 0.11463233473632087, 0.12428819014607576, 0.1406288685318148, 0.1752909135924734, 0.27704877444912107, 0.389948006932409, 0.4800693240901213, 0.5263679128497153, 0.557563753404308, 0.5773706362961128, 0.5914830403565239, 0.59593958900718, 0.5966823471156226, 0.5976726912602129, 0.5976726912602129, 0.5976726912602129, 0.5976726912602129, 0.5976726912602129, 0.5976726912602129, 0.5976726912602129, 0.5976726912602129, 0.5976726912602129, 0.5976726912602129, 0.5976726912602129, 0.5976726912602129, 0.5976726912602129, 0.5976726912602129]
outputs_edges[ 5 ]=[0, 0, 0, 0, 0, 0, 0, 0, 0, 0, 0, 0, 0, 0, 0, 0, 5341, 10637, 15933, 21229, 26525, 31821, 34924, 34924, 34924, 34924, 34924, 34924, 34924, 34924, 34924, 34924, 34924, 34924, 34924, 34924, 34924, 34924, 34924, 34924, 34924, 34924, 34924]
--------------------------------------------
outputs[ 6 ]=[0.0, 0.0, 0.0, 0.0, 0.0, 0.0002475860361475613, 0.0009903441445902451, 0.002723446397623174, 0.008170339192869523, 0.01163654369893538, 0.016340678385739046, 0.030453082446150036, 0.06461995543451349, 0.15102748205001237, 0.23322604605100272, 0.3389452834860114, 0.41718247090864075, 0.4788313939093835, 0.5097796484278286, 0.5268630849220104, 0.5352810101510275, 0.5380044565486507, 0.5387472146570933, 0.5389948006932409, 0.5389948006932409, 0.5389948006932409, 0.5389948006932409, 0.5389948006932409, 0.5389948006932409, 0.5389948006932409, 0.5389948006932409, 0.5389948006932409, 0.5389948006932409, 0.5389948006932409, 0.5389948006932409, 0.5389948006932409, 0.5389948006932409, 0.5389948006932409, 0.5389948006932409, 0.5389948006932409, 0.5389948006932409, 0.5389948006932409, 0.5389948006932409]
outputs_edges[ 6 ]=[0, 0, 0, 0, 0, 0, 0, 0, 0, 0, 4005, 8010, 12067, 16124, 19801, 23478, 25897, 25897, 25897, 25897, 25897, 25897, 25897, 25897, 25897, 25897, 25897, 25897, 25897, 25897, 25897, 25897, 25897, 25897, 25897, 25897, 25897, 25897, 25897, 25897, 25897, 25897, 25897]
--------------------------------------------
outputs[ 7 ]=[0.0, 0.0, 0.0, 0.0, 0.0, 0.0002475860361475613, 0.0037137905422134194, 0.03094825451844516, 0.08269373607328546, 0.16093092349591484, 0.23347363208715027, 0.2485763802921515, 0.2555087893042832, 0.2609556820995296, 0.26367912849715275, 0.2651646447140381, 0.26962119336469426, 0.28101015102748206, 0.3005694478831394, 0.3745976726912602, 0.46769002228274326, 0.5454320376330775, 0.6246595692002971, 0.6652636791284972, 0.6922505570685813, 0.7103243377073533, 0.7182470908640752, 0.7222084674424363, 0.7246843278039119, 0.7254270859123545, 0.7259222579846497, 0.7264174300569448, 0.7264174300569448, 0.7264174300569448, 0.7264174300569448, 0.7264174300569448, 0.7264174300569448, 0.7264174300569448, 0.7264174300569448, 0.7264174300569448, 0.7264174300569448, 0.7264174300569448, 0.7264174300569448]
outputs_edges[ 7 ]=[0, 0, 0, 0, 0, 3734, 7468, 11202, 14936, 18670, 18670, 18670, 18670, 18670, 18670, 18670, 21640, 24610, 27580, 30550, 33520, 36159, 38504, 38504, 38504, 38504, 38504, 38504, 38504, 38504, 38504, 38504, 38504, 38504, 38504, 38504, 38504, 38504, 38504, 38504, 38504, 38504, 38504]
--------------------------------------------
outputs[ 8 ]=[0.0, 0.0, 0.0, 0.0, 0.0, 0.0002475860361475613, 0.0007427581084426838, 0.002723446397623174, 0.006684822975984155, 0.01336964595196831, 0.028224808120821985, 0.055954444169348846, 0.07501856895271107, 0.08591235454320377, 0.0913592473384501, 0.09878682842287695, 0.11388957662787819, 0.18049022035157217, 0.23619707848477345, 0.31294874969051745, 0.41421143847487, 0.5199306759098787, 0.5828175290913592, 0.6093092349591483, 0.6221837088388215, 0.6293637038871007, 0.634315424610052, 0.6395147313691508, 0.6407526615498886, 0.6434761079475118, 0.6558554097548899, 0.6588264421886606, 0.6588264421886606, 0.6588264421886606, 0.6588264421886606, 0.6588264421886606, 0.6588264421886606, 0.6588264421886606, 0.6588264421886606, 0.6588264421886606, 0.6588264421886606, 0.6588264421886606, 0.6588264421886606]
outputs_edges[ 8 ]=[0, 0, 0, 0, 0, 0, 0, 0, 0, 0, 0, 0, 0, 0, 3431, 7341, 12543, 18673, 24472, 30271, 34815, 38355, 38355, 38355, 38355, 38355, 38355, 38355, 38355, 38355, 38355, 38355, 38355, 38355, 38355, 38355, 38355, 38355, 38355, 38355, 38355, 38355, 38355]
--------------------------------------------
outputs[ 9 ]=[0.0, 0.0, 0.0, 0.0, 0.0, 0.0002475860361475613, 0.0004951720722951226, 0.0017331022530329288, 0.010646199554345134, 0.023768259470165882, 0.03268135677147809, 0.04085169596434761, 0.04926962119336469, 0.09284476355533548, 0.15895023520673435, 0.19633572666501609, 0.21143847487001732, 0.23892052488239662, 0.3023025501361723, 0.32904184204010894, 0.3471156226788809, 0.36469423124535777, 0.38573904431790046, 0.40133696459519685, 0.4137162664025749, 0.4553107204753652, 0.5248823966328299, 0.5642485763802921, 0.5830651151275068, 0.5971775191879178, 0.603862342163902, 0.6085664768507056, 0.6110423372121813, 0.6130230255013617, 0.6152512998266898, 0.61624164397128, 0.6164892300074276, 0.6167368160435751, 0.6169844020797227, 0.6169844020797227, 0.6169844020797227, 0.6169844020797227, 0.6169844020797227]
outputs_edges[ 9 ]=[0, 0, 0, 0, 0, 0, 0, 0, 0, 0, 0, 2490, 4980, 9103, 13226, 18294, 22207, 26120, 26120, 26120, 26120, 26120, 28844, 31568, 33282, 34996, 34996, 34996, 34996, 34996, 34996, 34996, 34996, 34996, 34996, 34996, 34996, 34996, 34996, 34996, 34996, 34996, 34996]
--------------------------------------------
outputs[ 10 ]=[0.0, 0.0, 0.0, 0.0, 0.0, 0.0002475860361475613, 0.004456548650656103, 0.050507551374102504, 0.07006684822975984, 0.10670958157959891, 0.1272592225798465, 0.15003713790542214, 0.21787571180985393, 0.26194602624411983, 0.2953701411240406, 0.3434018321366675, 0.3971280019806883, 0.462738301559792, 0.511265164644714, 0.5305768754642238, 0.5508789304283238, 0.5726665016093092, 0.591978212428819, 0.5996533795493935, 0.6043575142361971, 0.6073285466699678, 0.6093092349591483, 0.6105471651398862, 0.6115375092844764, 0.6130230255013617, 0.6142609556820995, 0.6150037137905422, 0.6154988858628373, 0.6154988858628373, 0.6157464718989849, 0.6157464718989849, 0.6157464718989849, 0.6157464718989849, 0.6157464718989849, 0.6157464718989849, 0.6157464718989849, 0.6157464718989849, 0.6157464718989849]
outputs_edges[ 10 ]=[0, 0, 0, 0, 0, 0, 0, 0, 3737, 6620, 10726, 14832, 19734, 24636, 29484, 33074, 35394, 37714, 37714, 37714, 37714, 37714, 37714, 37714, 37714, 37714, 37714, 37714, 37714, 37714, 37714, 37714, 37714, 37714, 37714, 37714, 37714, 37714, 37714, 37714, 37714, 37714, 37714]
--------------------------------------------
outputs[ 11 ]=[0.0, 0.0, 0.0, 0.0, 0.0, 0.0002475860361475613, 0.0002475860361475613, 0.0002475860361475613, 0.0002475860361475613, 0.0002475860361475613, 0.0002475860361475613, 0.0002475860361475613, 0.0002475860361475613, 0.0002475860361475613, 0.0002475860361475613, 0.0002475860361475613, 0.0002475860361475613, 0.0002475860361475613, 0.0002475860361475613, 0.0002475860361475613, 0.0002475860361475613, 0.0002475860361475613, 0.0002475860361475613, 0.0002475860361475613, 0.0002475860361475613, 0.0002475860361475613, 0.0002475860361475613, 0.0002475860361475613, 0.0002475860361475613, 0.0002475860361475613, 0.0002475860361475613, 0.0002475860361475613, 0.0002475860361475613, 0.0002475860361475613, 0.0002475860361475613, 0.0002475860361475613, 0.0002475860361475613, 0.0002475860361475613, 0.0002475860361475613, 0.0002475860361475613, 0.0002475860361475613, 0.0002475860361475613, 0.0002475860361475613]
outputs_edges[ 11 ]=[0, 0, 0, 0, 0, 0, 0, 0, 0, 0, 0, 0, 0, 0, 0, 0, 0, 0, 0, 0, 0, 0, 0, 0, 0, 0, 0, 0, 0, 0, 0, 0, 0, 0, 0, 0, 0, 0, 0, 0, 0, 0, 0]
--------------------------------------------
outputs[ 12 ]=[0.0, 0.0, 0.0, 0.0, 0.0, 0.0002475860361475613, 0.004704134686803664, 0.025996533795493933, 0.04679376083188908, 0.10844268383263184, 0.18940331765288437, 0.22233226046051002, 0.24337707353305274, 0.25674671948502104, 0.2609556820995296, 0.26318395642485765, 0.26565981678633327, 0.2678880911116613, 0.270859123545432, 0.27655360237682597, 0.2847239415696955, 0.2904184204010894, 0.29636048526863085, 0.31938598663035406, 0.3701411240406041, 0.4137162664025749, 0.4617479574152018, 0.49343897004208964, 0.5196830898737311, 0.533300321861847, 0.5464223817776678, 0.5508789304283238, 0.553602376825947, 0.5555830651151276, 0.5573161673681605, 0.5595444416934885, 0.5610299579103738, 0.5617727160188165, 0.5620203020549641, 0.5625154741272592, 0.5625154741272592, 0.5627630601634068, 0.5627630601634068]
outputs_edges[ 12 ]=[0, 0, 0, 0, 0, 0, 3481, 6962, 10443, 13924, 17405, 17405, 17405, 17405, 17405, 17405, 17405, 17405, 17405, 17405, 17405, 17405, 18601, 19797, 20993, 22189, 22189, 22189, 22189, 22189, 22189, 22189, 22189, 22189, 22189, 22189, 22189, 22189, 22189, 22189, 22189, 22189, 22189]
--------------------------------------------
outputs[ 13 ]=[0.0, 0.0, 0.0, 0.0, 0.0, 0.0002475860361475613, 0.0002475860361475613, 0.0002475860361475613, 0.0002475860361475613, 0.0002475860361475613, 0.0002475860361475613, 0.0002475860361475613, 0.0002475860361475613, 0.0002475860361475613, 0.0002475860361475613, 0.0002475860361475613, 0.0002475860361475613, 0.0002475860361475613, 0.0002475860361475613, 0.0002475860361475613, 0.0002475860361475613, 0.0002475860361475613, 0.0002475860361475613, 0.0002475860361475613, 0.0002475860361475613, 0.0002475860361475613, 0.0002475860361475613, 0.0002475860361475613, 0.0002475860361475613, 0.0002475860361475613, 0.0002475860361475613, 0.0002475860361475613, 0.0002475860361475613, 0.0002475860361475613, 0.0002475860361475613, 0.0002475860361475613, 0.0002475860361475613, 0.0002475860361475613, 0.0002475860361475613, 0.0002475860361475613, 0.0002475860361475613, 0.0002475860361475613, 0.0002475860361475613]
outputs_edges[ 13 ]=[0, 0, 0, 0, 0, 0, 0, 0, 0, 0, 0, 0, 0, 0, 0, 0, 0, 0, 0, 0, 0, 0, 0, 0, 0, 0, 0, 0, 0, 0, 0, 0, 0, 0, 0, 0, 0, 0, 0, 0, 0, 0, 0]
--------------------------------------------
outputs[ 14 ]=[0.0, 0.0, 0.0, 0.0, 0.0, 0.0002475860361475613, 0.0002475860361475613, 0.0002475860361475613, 0.0002475860361475613, 0.0002475860361475613, 0.0002475860361475613, 0.0002475860361475613, 0.0002475860361475613, 0.0002475860361475613, 0.0002475860361475613, 0.0002475860361475613, 0.0002475860361475613, 0.0002475860361475613, 0.0002475860361475613, 0.0002475860361475613, 0.0002475860361475613, 0.0002475860361475613, 0.0002475860361475613, 0.0002475860361475613, 0.0002475860361475613, 0.0002475860361475613, 0.0002475860361475613, 0.0002475860361475613, 0.0002475860361475613, 0.0002475860361475613, 0.0002475860361475613, 0.0002475860361475613, 0.0002475860361475613, 0.0002475860361475613, 0.0002475860361475613, 0.0002475860361475613, 0.0002475860361475613, 0.0002475860361475613, 0.0002475860361475613, 0.0002475860361475613, 0.0002475860361475613, 0.0002475860361475613, 0.0002475860361475613]
outputs_edges[ 14 ]=[0, 0, 0, 0, 0, 0, 0, 0, 0, 0, 0, 0, 0, 0, 0, 0, 0, 0, 0, 0, 0, 0, 0, 0, 0, 0, 0, 0, 0, 0, 0, 0, 0, 0, 0, 0, 0, 0, 0, 0, 0, 0, 0]
--------------------------------------------
outputs[ 15 ]=[0.0, 0.0, 0.0, 0.0, 0.0, 0.0002475860361475613, 0.0017331022530329288, 0.008913097301312206, 0.037880663530576876, 0.05446892795246348, 0.07576132706115375, 0.11289923248328794, 0.13666749195345382, 0.15300817033919287, 0.20029710324337707, 0.24535776182223323, 0.2941322109433028, 0.418172815053231, 0.4941817281505323, 0.5380044565486507, 0.5657340925971776, 0.5914830403565239, 0.6102995791037386, 0.6209457786580836, 0.6308492201039861, 0.6375340430799703, 0.6392671453330032, 0.640505075513741, 0.6407526615498886, 0.6412478336221837, 0.6417430056944788, 0.642733349839069, 0.642733349839069, 0.642733349839069, 0.6429809358752167, 0.6429809358752167, 0.6429809358752167, 0.6429809358752167, 0.6429809358752167, 0.6429809358752167, 0.6429809358752167, 0.6429809358752167, 0.6429809358752167]
outputs_edges[ 15 ]=[0, 0, 0, 0, 0, 0, 0, 0, 0, 0, 0, 1909, 5994, 11394, 16794, 22194, 27085, 31976, 35771, 35771, 35771, 35771, 35771, 35771, 35771, 35771, 35771, 35771, 35771, 35771, 35771, 35771, 35771, 35771, 35771, 35771, 35771, 35771, 35771, 35771, 35771, 35771, 35771]
--------------------------------------------
outputs[ 16 ]=[0.0, 0.0, 0.0, 0.0, 0.0, 0.0002475860361475613, 0.0014855162168853676, 0.006189650903689032, 0.01386481802426343, 0.0230255013617232, 0.059173062639267145, 0.10497647932656598, 0.17727160188165386, 0.23570190641247835, 0.2488239663282991, 0.2560039613765784, 0.25996533795493937, 0.2616984402079723, 0.2629363703887101, 0.2668977469670711, 0.2847239415696955, 0.3389452834860114, 0.39168110918544197, 0.45110175786085666, 0.5030948254518445, 0.5644961624164397, 0.6117850953206239, 0.6442188660559545, 0.6655112651646448, 0.6731864322852191, 0.6764050507551375, 0.6783857390443179, 0.6808615994057935, 0.6816043575142362, 0.6818519435503838, 0.6823471156226789, 0.6823471156226789, 0.6823471156226789, 0.6823471156226789, 0.6823471156226789, 0.6823471156226789, 0.6823471156226789, 0.6823471156226789]
outputs_edges[ 16 ]=[0, 0, 0, 0, 0, 0, 0, 0, 3519, 7038, 10557, 14076, 17346, 17346, 17346, 17346, 17346, 17346, 17346, 20396, 23446, 26496, 29546, 32522, 35498, 36888, 36888, 36888, 36888, 36888, 36888, 36888, 36888, 36888, 36888, 36888, 36888, 36888, 36888, 36888, 36888, 36888, 36888]
--------------------------------------------
outputs[ 17 ]=[0.0, 0.0, 0.0, 0.0, 0.0, 0.0002475860361475613, 0.009160683337459768, 0.05620203020549641, 0.09878682842287695, 0.13419163159197822, 0.16563505818271848, 0.23446397623174053, 0.2537756870512503, 0.2594701658826442, 0.26318395642485765, 0.2668977469670711, 0.2824956672443674, 0.3280514978955187, 0.38326318395642484, 0.46323347363208717, 0.5248823966328299, 0.5652389205248824, 0.6016340678385739, 0.6224312948749691, 0.6390195592968556, 0.6538747214657094, 0.666501609309235, 0.674919534538252, 0.6808615994057935, 0.6830898737311215, 0.685070562020302, 0.6853181480564496, 0.6858133201287447, 0.6858133201287447, 0.6858133201287447, 0.6858133201287447, 0.6858133201287447, 0.6858133201287447, 0.6858133201287447, 0.6858133201287447, 0.6858133201287447, 0.6858133201287447, 0.6858133201287447]
outputs_edges[ 17 ]=[0, 0, 0, 0, 0, 0, 3737, 7474, 11211, 14042, 14042, 14042, 14042, 14042, 14042, 16717, 19392, 22112, 24832, 27552, 30272, 30272, 30272, 30272, 30272, 30272, 30272, 30272, 30272, 30272, 30272, 30272, 30272, 30272, 30272, 30272, 30272, 30272, 30272, 30272, 30272, 30272, 30272]
--------------------------------------------
outputs[ 18 ]=[0.0, 0.0, 0.0, 0.0, 0.0, 0.0002475860361475613, 0.0022282743253280515, 0.008170339192869523, 0.030205496410002475, 0.0658578856152513, 0.17033919286952215, 0.23842535281010152, 0.31171081950977964, 0.3882149046793761, 0.4290666006437237, 0.4639762317405298, 0.49839069076504083, 0.5177024015845506, 0.5281010151027482, 0.5335479078979946, 0.537261698440208, 0.5419658331270116, 0.55533547907898, 0.5828175290913592, 0.5899975241396386, 0.5932161426095568, 0.5951968308987373, 0.5956920029710324, 0.59593958900718, 0.5964347610794751, 0.5964347610794751, 0.5964347610794751, 0.5964347610794751, 0.5964347610794751, 0.5964347610794751, 0.5964347610794751, 0.5964347610794751, 0.5964347610794751, 0.5964347610794751, 0.5964347610794751, 0.5964347610794751, 0.5964347610794751, 0.5964347610794751]
outputs_edges[ 18 ]=[0, 0, 0, 0, 0, 0, 3506, 8282, 13964, 20125, 26286, 32447, 38581, 43880, 43880, 43880, 43880, 43880, 43880, 43880, 43880, 43880, 43880, 43880, 43880, 43880, 43880, 43880, 43880, 43880, 43880, 43880, 43880, 43880, 43880, 43880, 43880, 43880, 43880, 43880, 43880, 43880, 43880]
--------------------------------------------
outputs[ 19 ]=[0.0, 0.0, 0.0, 0.0, 0.0, 0.0002475860361475613, 0.0004951720722951226, 0.0009903441445902451, 0.0022282743253280515, 0.003961376578360981, 0.010151027482050013, 0.02079722703639515, 0.037880663530576876, 0.0581827184946769, 0.07501856895271107, 0.09482545184451598, 0.12032681356771478, 0.14558058925476602, 0.17652884377321118, 0.260708096063382, 0.32829908393166624, 0.3847487001733102, 0.45283486011388957, 0.5263679128497153, 0.5583065115127507, 0.5766278781876703, 0.5815795989106214, 0.5847982173805397, 0.5852933894528348, 0.58578856152513, 0.58578856152513, 0.58578856152513, 0.58578856152513, 0.58578856152513, 0.58578856152513, 0.58578856152513, 0.58578856152513, 0.58578856152513, 0.58578856152513, 0.58578856152513, 0.58578856152513, 0.58578856152513, 0.58578856152513]
outputs_edges[ 19 ]=[0, 0, 0, 0, 0, 0, 0, 0, 0, 0, 0, 0, 0, 0, 0, 3470, 6940, 10889, 15132, 19003, 22874, 26745, 29363, 29363, 29363, 29363, 29363, 29363, 29363, 29363, 29363, 29363, 29363, 29363, 29363, 29363, 29363, 29363, 29363, 29363, 29363, 29363, 29363]
--------------------------------------------
avg_output=[0.0, 0.0, 0.0, 0.0, 0.0, 0.00024758603614756134, 0.0023644466452092104, 0.016328299083931668, 0.033857390443178995, 0.0586407526615499, 0.0936122802673929, 0.13010646199554346, 0.1585169596434761, 0.1863951473136915, 0.21244119831641495, 0.23671700916068333, 0.25968061401336967, 0.28978707600891307, 0.3183089873731121, 0.34925724189155727, 0.3825575637534043, 0.4144466452092102, 0.44171824709086405, 0.4631220599158207, 0.47940084179252285, 0.49471403812824943, 0.5083807873235949, 0.5161673681604358, 0.5208715028472394, 0.5237930180737806, 0.5261698440207971, 0.5271725674671948, 0.5276677395394899, 0.527927704877445, 0.5281629116117851, 0.5283486011388958, 0.5284352562515474, 0.528484773458777, 0.5285095320623918, 0.5285342906660065, 0.5285342906660065, 0.5285466699678139, 0.5285466699678139]
avg_output_edges=[0.0, 0.0, 0.0, 0.0, 0.0, 186.7, 1443.2, 3026.95, 5018.8, 7024.8, 8968.3, 10754.9, 12670.55, 14328.6, 15784.7, 17706.7, 19793.3, 21679.1, 23085.55, 24436.15, 25770.85, 26752.2, 27565.55, 27971.9, 28266.2, 28481.2, 28481.2, 28481.2, 28481.2, 28481.2, 28481.2, 28481.2, 28481.2, 28481.2, 28481.2, 28481.2, 28481.2, 28481.2, 28481.2, 28481.2, 28481.2, 28481.2, 28481.2]
