outputs[ 0 ]=[0.0, 0.0, 0.0, 0.0, 0.0, 0.0002475860361475613, 0.0002475860361475613, 0.0002475860361475613, 0.0004951720722951226, 0.0007427581084426838, 0.0007427581084426838, 0.0007427581084426838, 0.0009903441445902451, 0.0009903441445902451, 0.0009903441445902451, 0.0009903441445902451, 0.0009903441445902451, 0.0009903441445902451, 0.0009903441445902451, 0.0009903441445902451, 0.0009903441445902451, 0.0009903441445902451, 0.0009903441445902451, 0.0009903441445902451, 0.0009903441445902451, 0.0009903441445902451, 0.0009903441445902451, 0.0009903441445902451, 0.0009903441445902451, 0.0009903441445902451, 0.0009903441445902451, 0.0009903441445902451, 0.0009903441445902451, 0.0009903441445902451, 0.0009903441445902451, 0.0009903441445902451, 0.0009903441445902451, 0.0009903441445902451, 0.0009903441445902451, 0.0009903441445902451, 0.0009903441445902451, 0.0009903441445902451, 0.0009903441445902451, 0.0009903441445902451, 0.0009903441445902451, 0.0009903441445902451, 0.0009903441445902451, 0.0009903441445902451, 0.0009903441445902451]
--------------------------------------------
outputs[ 1 ]=[0.0, 0.0, 0.0, 0.0, 0.0, 0.0002475860361475613, 0.004208962614508541, 0.05793513245852934, 0.1284971527605843, 0.14112404060410993, 0.15300817033919287, 0.15994057935132458, 0.16216885367665262, 0.16464471403812825, 0.16588264421886606, 0.16712057439960387, 0.16786333250804655, 0.1681109185441941, 0.1681109185441941, 0.16835850458034166, 0.16835850458034166, 0.16835850458034166, 0.16835850458034166, 0.16835850458034166, 0.16835850458034166, 0.16835850458034166, 0.16835850458034166, 0.16835850458034166, 0.16835850458034166, 0.16835850458034166, 0.16835850458034166, 0.16835850458034166, 0.16835850458034166, 0.16835850458034166, 0.16835850458034166, 0.16835850458034166, 0.16835850458034166, 0.16835850458034166, 0.16835850458034166, 0.16835850458034166, 0.16835850458034166, 0.16835850458034166, 0.16835850458034166, 0.16835850458034166, 0.16835850458034166, 0.16835850458034166, 0.16835850458034166, 0.16835850458034166, 0.16835850458034166]
--------------------------------------------
outputs[ 2 ]=[0.0, 0.0, 0.0, 0.0, 0.0, 0.0002475860361475613, 0.004456548650656103, 0.03218618469918297, 0.04704134686803664, 0.07204753651894033, 0.11487992077246843, 0.14013369645951967, 0.153503342411488, 0.15870264917058677, 0.16315919782124289, 0.16538747214657093, 0.1668729883634563, 0.16885367665263679, 0.17256746719485022, 0.18816538747214656, 0.2557563753404308, 0.30403565238920527, 0.3585045803416687, 0.4072790294627383, 0.44466452092102005, 0.4714038128249567, 0.498885862837336, 0.5204258479821738, 0.5392423867293885, 0.5540975488982421, 0.5588016835850458, 0.5610299579103738, 0.5635058182718494, 0.5640009903441446, 0.5642485763802921, 0.5642485763802921, 0.5642485763802921, 0.5642485763802921, 0.5642485763802921, 0.5642485763802921, 0.5642485763802921, 0.5642485763802921, 0.5642485763802921, 0.5642485763802921, 0.5642485763802921, 0.5642485763802921, 0.5642485763802921, 0.5642485763802921, 0.5642485763802921]
--------------------------------------------
outputs[ 3 ]=[0.0, 0.0, 0.0, 0.0, 0.0, 0.0002475860361475613, 0.0007427581084426838, 0.0014855162168853676, 0.0076751671205743995, 0.020054468927952464, 0.0428323842535281, 0.11933646942312454, 0.22555087893042833, 0.31121564743748453, 0.3753404307997029, 0.44590245110175786, 0.5016093092349592, 0.5402327308739787, 0.5622678880911116, 0.5729140876454568, 0.5852933894528348, 0.5922257984649666, 0.5937113146818519, 0.5956920029710324, 0.5964347610794751, 0.5969299331517702, 0.5974251052240653, 0.5974251052240653, 0.5976726912602129, 0.5976726912602129, 0.5976726912602129, 0.5976726912602129, 0.5976726912602129, 0.5976726912602129, 0.5976726912602129, 0.5976726912602129, 0.5976726912602129, 0.5976726912602129, 0.5976726912602129, 0.5976726912602129, 0.5976726912602129, 0.5976726912602129, 0.5976726912602129, 0.5976726912602129, 0.5976726912602129, 0.5976726912602129, 0.5976726912602129, 0.5976726912602129, 0.5976726912602129]
--------------------------------------------
outputs[ 4 ]=[0.0, 0.0, 0.0, 0.0, 0.0, 0.0002475860361475613, 0.0004951720722951226, 0.004704134686803664, 0.02500618965090369, 0.07130477841049765, 0.1240406041099282, 0.1443426590740282, 0.1559792027729636, 0.16093092349591484, 0.16266402574894775, 0.16390195592968557, 0.1661302302550136, 0.17157712305025996, 0.1770240158455063, 0.18841297350829414, 0.2270363951473137, 0.3322604605100272, 0.4169348848724932, 0.5045803416687299, 0.5657340925971776, 0.6400099034414459, 0.6679871255261203, 0.6793760831889082, 0.6895271106709582, 0.6964595196830898, 0.703144342659074, 0.7063629611289923, 0.7080960633820252, 0.7095815795989107, 0.7100767516712058, 0.7100767516712058, 0.7103243377073533, 0.7103243377073533, 0.7103243377073533, 0.7103243377073533, 0.7103243377073533, 0.7103243377073533, 0.7103243377073533, 0.7103243377073533, 0.7103243377073533, 0.7103243377073533, 0.7103243377073533, 0.7103243377073533, 0.7103243377073533]
--------------------------------------------
outputs[ 5 ]=[0.0, 0.0, 0.0, 0.0, 0.0, 0.0002475860361475613, 0.004208962614508541, 0.022035157217132954, 0.06734340183213666, 0.1260212923991087, 0.20549641000247587, 0.23248328794256004, 0.25055706858133203, 0.2582322357019064, 0.26318395642485765, 0.26714533300321863, 0.26887843525625155, 0.2698687794008418, 0.27011636543698936, 0.2703639514731369, 0.270859123545432, 0.2711067095815796, 0.2711067095815796, 0.2711067095815796, 0.2711067095815796, 0.2711067095815796, 0.2711067095815796, 0.2711067095815796, 0.2711067095815796, 0.2711067095815796, 0.2711067095815796, 0.2711067095815796, 0.2711067095815796, 0.2711067095815796, 0.2711067095815796, 0.2711067095815796, 0.2711067095815796, 0.2711067095815796, 0.2711067095815796, 0.2711067095815796, 0.2711067095815796, 0.2711067095815796, 0.2711067095815796, 0.2711067095815796, 0.2711067095815796, 0.2711067095815796, 0.2711067095815796, 0.2711067095815796, 0.2711067095815796]
--------------------------------------------
outputs[ 6 ]=[0.0, 0.0, 0.0, 0.0, 0.0, 0.0002475860361475613, 0.0004951720722951226, 0.002723446397623174, 0.015102748205001237, 0.059915820747709826, 0.115127506808616, 0.14756127754394652, 0.22158950235206734, 0.24560534785838078, 0.2537756870512503, 0.2572418915573162, 0.2602129239910869, 0.26268878435256254, 0.2639267145333003, 0.26615498885862837, 0.26714533300321863, 0.2673929190393662, 0.26764050507551373, 0.26764050507551373, 0.26764050507551373, 0.26764050507551373, 0.26764050507551373, 0.26764050507551373, 0.26764050507551373, 0.26764050507551373, 0.26764050507551373, 0.26764050507551373, 0.26764050507551373, 0.26764050507551373, 0.26764050507551373, 0.26764050507551373, 0.26764050507551373, 0.26764050507551373, 0.26764050507551373, 0.26764050507551373, 0.26764050507551373, 0.26764050507551373, 0.26764050507551373, 0.26764050507551373, 0.26764050507551373, 0.26764050507551373, 0.26764050507551373, 0.26764050507551373, 0.26764050507551373]
--------------------------------------------
outputs[ 7 ]=[0.0, 0.0, 0.0, 0.0, 0.0, 0.0002475860361475613, 0.0002475860361475613, 0.0002475860361475613, 0.0002475860361475613, 0.0002475860361475613, 0.0002475860361475613, 0.0002475860361475613, 0.0002475860361475613, 0.0002475860361475613, 0.0002475860361475613, 0.0002475860361475613, 0.0002475860361475613, 0.0002475860361475613, 0.0002475860361475613, 0.0002475860361475613, 0.0002475860361475613, 0.0002475860361475613, 0.0002475860361475613, 0.0002475860361475613, 0.0002475860361475613, 0.0002475860361475613, 0.0002475860361475613, 0.0002475860361475613, 0.0002475860361475613, 0.0002475860361475613, 0.0002475860361475613, 0.0002475860361475613, 0.0002475860361475613, 0.0002475860361475613, 0.0002475860361475613, 0.0002475860361475613, 0.0002475860361475613, 0.0002475860361475613, 0.0002475860361475613, 0.0002475860361475613, 0.0002475860361475613, 0.0002475860361475613, 0.0002475860361475613, 0.0002475860361475613, 0.0002475860361475613, 0.0002475860361475613, 0.0002475860361475613, 0.0002475860361475613, 0.0002475860361475613]
--------------------------------------------
outputs[ 8 ]=[0.0, 0.0, 0.0, 0.0, 0.0, 0.0002475860361475613, 0.0014855162168853676, 0.015845506313443922, 0.0415944540727903, 0.057439960386234216, 0.09284476355533548, 0.12305025996533796, 0.14236197078484775, 0.15424610051993068, 0.1579598910621441, 0.16018816538747216, 0.1611785095320624, 0.16192126764050507, 0.1624164397128002, 0.16291161178509533, 0.1668729883634563, 0.20425847982173806, 0.2500618965090369, 0.31294874969051745, 0.42411487992077246, 0.5125030948254519, 0.56548650656103, 0.6048526863084922, 0.6367912849715276, 0.6533795493934142, 0.6677395394899728, 0.6818519435503838, 0.6905174548155484, 0.6947264174300569, 0.6972022777915325, 0.6989353800445655, 0.6996781381530082, 0.7004208962614509, 0.7004208962614509, 0.7004208962614509, 0.7004208962614509, 0.7004208962614509, 0.7004208962614509, 0.7004208962614509, 0.7004208962614509, 0.7004208962614509, 0.7004208962614509, 0.7004208962614509, 0.7004208962614509]
--------------------------------------------
outputs[ 9 ]=[0.0, 0.0, 0.0, 0.0, 0.0, 0.0002475860361475613, 0.0024758603614756128, 0.018073780638771974, 0.04060410992820005, 0.059915820747709826, 0.10126268878435256, 0.13815300817033918, 0.14929437979697946, 0.15895023520673435, 0.16167368160435752, 0.1648923000742758, 0.16563505818271848, 0.16563505818271848, 0.16588264421886606, 0.1661302302550136, 0.1661302302550136, 0.1661302302550136, 0.1661302302550136, 0.1661302302550136, 0.1661302302550136, 0.1661302302550136, 0.1661302302550136, 0.1661302302550136, 0.1661302302550136, 0.1661302302550136, 0.1661302302550136, 0.1661302302550136, 0.1661302302550136, 0.1661302302550136, 0.1661302302550136, 0.1661302302550136, 0.1661302302550136, 0.1661302302550136, 0.1661302302550136, 0.1661302302550136, 0.1661302302550136, 0.1661302302550136, 0.1661302302550136, 0.1661302302550136, 0.1661302302550136, 0.1661302302550136, 0.1661302302550136, 0.1661302302550136, 0.1661302302550136]
--------------------------------------------
outputs[ 10 ]=[0.0, 0.0, 0.0, 0.0, 0.0, 0.0002475860361475613, 0.0007427581084426838, 0.004208962614508541, 0.01931171081950978, 0.04877444912106957, 0.13963852438722457, 0.20772468432780392, 0.23842535281010152, 0.2602129239910869, 0.26937360732854665, 0.2735825699430552, 0.2768011884129735, 0.27853429066600643, 0.28026739291903935, 0.28101015102748206, 0.2817529091359247, 0.2820004951720723, 0.2829908393166625, 0.2834860113889577, 0.2847239415696955, 0.28497152760584304, 0.2852191136419906, 0.2852191136419906, 0.2852191136419906, 0.2852191136419906, 0.2852191136419906, 0.2852191136419906, 0.2852191136419906, 0.2852191136419906, 0.2852191136419906, 0.2852191136419906, 0.2852191136419906, 0.2852191136419906, 0.2852191136419906, 0.2852191136419906, 0.2852191136419906, 0.2852191136419906, 0.2852191136419906, 0.2852191136419906, 0.2852191136419906, 0.2852191136419906, 0.2852191136419906, 0.2852191136419906, 0.2852191136419906]
--------------------------------------------
outputs[ 11 ]=[0.0, 0.0, 0.0, 0.0, 0.0, 0.0002475860361475613, 0.0002475860361475613, 0.0002475860361475613, 0.0002475860361475613, 0.0002475860361475613, 0.0002475860361475613, 0.0002475860361475613, 0.0002475860361475613, 0.0002475860361475613, 0.0002475860361475613, 0.0002475860361475613, 0.0002475860361475613, 0.0002475860361475613, 0.0002475860361475613, 0.0002475860361475613, 0.0002475860361475613, 0.0002475860361475613, 0.0002475860361475613, 0.0002475860361475613, 0.0002475860361475613, 0.0002475860361475613, 0.0002475860361475613, 0.0002475860361475613, 0.0002475860361475613, 0.0002475860361475613, 0.0002475860361475613, 0.0002475860361475613, 0.0002475860361475613, 0.0002475860361475613, 0.0002475860361475613, 0.0002475860361475613, 0.0002475860361475613, 0.0002475860361475613, 0.0002475860361475613, 0.0002475860361475613, 0.0002475860361475613, 0.0002475860361475613, 0.0002475860361475613, 0.0002475860361475613, 0.0002475860361475613, 0.0002475860361475613, 0.0002475860361475613, 0.0002475860361475613, 0.0002475860361475613]
--------------------------------------------
outputs[ 12 ]=[0.0, 0.0, 0.0, 0.0, 0.0, 0.0002475860361475613, 0.008417925229017083, 0.05446892795246348, 0.08096063382025254, 0.12503094825451844, 0.15300817033919287, 0.1624164397128002, 0.16736816043575142, 0.17306263926714532, 0.1752909135924734, 0.17677642980935876, 0.17727160188165386, 0.17801435999009657, 0.17826194602624412, 0.17875711809853925, 0.1790047041346868, 0.1790047041346868, 0.1790047041346868, 0.1790047041346868, 0.1790047041346868, 0.1790047041346868, 0.1790047041346868, 0.1790047041346868, 0.1790047041346868, 0.1790047041346868, 0.1790047041346868, 0.1790047041346868, 0.1790047041346868, 0.1790047041346868, 0.1790047041346868, 0.1790047041346868, 0.1790047041346868, 0.1790047041346868, 0.1790047041346868, 0.1790047041346868, 0.1790047041346868, 0.1790047041346868, 0.1790047041346868, 0.1790047041346868, 0.1790047041346868, 0.1790047041346868, 0.1790047041346868, 0.1790047041346868, 0.1790047041346868]
--------------------------------------------
outputs[ 13 ]=[0.0, 0.0, 0.0, 0.0, 0.0, 0.0002475860361475613, 0.0004951720722951226, 0.0004951720722951226, 0.0004951720722951226, 0.0007427581084426838, 0.0009903441445902451, 0.0009903441445902451, 0.0009903441445902451, 0.0009903441445902451, 0.0009903441445902451, 0.0009903441445902451, 0.0009903441445902451, 0.0009903441445902451, 0.0009903441445902451, 0.0009903441445902451, 0.0009903441445902451, 0.0009903441445902451, 0.0009903441445902451, 0.0009903441445902451, 0.0009903441445902451, 0.0009903441445902451, 0.0009903441445902451, 0.0009903441445902451, 0.0009903441445902451, 0.0009903441445902451, 0.0009903441445902451, 0.0009903441445902451, 0.0009903441445902451, 0.0009903441445902451, 0.0009903441445902451, 0.0009903441445902451, 0.0009903441445902451, 0.0009903441445902451, 0.0009903441445902451, 0.0009903441445902451, 0.0009903441445902451, 0.0009903441445902451, 0.0009903441445902451, 0.0009903441445902451, 0.0009903441445902451, 0.0009903441445902451, 0.0009903441445902451, 0.0009903441445902451, 0.0009903441445902451]
--------------------------------------------
outputs[ 14 ]=[0.0, 0.0, 0.0, 0.0, 0.0, 0.0002475860361475613, 0.008665511265164644, 0.06263926714533301, 0.12527853429066602, 0.19732607080960635, 0.270859123545432, 0.3327556325823224, 0.4090121317157712, 0.4436741767764298, 0.46422381777667737, 0.48031691012626887, 0.4902203515721713, 0.49467690022282745, 0.49591483040356527, 0.49641000247586037, 0.4966575885120079, 0.49690517454815547, 0.497152760584303, 0.497152760584303, 0.497152760584303, 0.497152760584303, 0.497152760584303, 0.497152760584303, 0.497152760584303, 0.497152760584303, 0.497152760584303, 0.497152760584303, 0.497152760584303, 0.497152760584303, 0.497152760584303, 0.497152760584303, 0.497152760584303, 0.497152760584303, 0.497152760584303, 0.497152760584303, 0.497152760584303, 0.497152760584303, 0.497152760584303, 0.497152760584303, 0.497152760584303, 0.497152760584303, 0.497152760584303, 0.497152760584303, 0.497152760584303]
--------------------------------------------
outputs[ 15 ]=[0.0, 0.0, 0.0, 0.0, 0.0, 0.0002475860361475613, 0.0024758603614756128, 0.0059420648675414705, 0.006189650903689032, 0.006437236939836593, 0.007922753156721961, 0.018321366674919536, 0.04530824461500371, 0.07699925724189156, 0.12131715771230503, 0.18915573161673682, 0.24263431542461006, 0.26145085417182473, 0.2768011884129735, 0.30651151275068084, 0.33547907897994556, 0.3587521663778163, 0.3701411240406041, 0.37831146323347364, 0.38326318395642484, 0.38796731864322853, 0.3946521416192127, 0.3996038623421639, 0.4020797227036395, 0.41198316414954195, 0.4303045308244615, 0.4387224560534786, 0.44466452092102005, 0.45679623669225056, 0.4701658826442189, 0.4800693240901213, 0.4936865560782372, 0.5030948254518445, 0.5065610299579104, 0.5087893042832384, 0.510769992572419, 0.5120079227531568, 0.5127506808615994, 0.5127506808615994, 0.5127506808615994, 0.5127506808615994, 0.5127506808615994, 0.5127506808615994, 0.5127506808615994]
--------------------------------------------
outputs[ 16 ]=[0.0, 0.0, 0.0, 0.0, 0.0, 0.0002475860361475613, 0.0012379301807378064, 0.004208962614508541, 0.009408269373607328, 0.02574894775934637, 0.07402822480812082, 0.17677642980935876, 0.23347363208715027, 0.2834860113889577, 0.33151770240158457, 0.3894528348601139, 0.40802178757118096, 0.418172815053231, 0.42436246595692, 0.428323842535281, 0.42881901460757615, 0.42980935875216636, 0.43327556325823224, 0.44590245110175786, 0.4496162416439713, 0.44986382768011884, 0.4506065857885615, 0.4520921020054469, 0.4540727902946274, 0.46001485516216883, 0.46645209210200544, 0.48130725427085913, 0.5196830898737311, 0.5481554840307007, 0.5711809853924239, 0.6026244119831642, 0.6137657836098044, 0.6154988858628373, 0.6172319881158702, 0.6174795741520178, 0.6174795741520178, 0.6174795741520178, 0.6174795741520178, 0.6174795741520178, 0.6174795741520178, 0.6174795741520178, 0.6174795741520178, 0.6174795741520178, 0.6174795741520178]
--------------------------------------------
outputs[ 17 ]=[0.0, 0.0, 0.0, 0.0, 0.0, 0.0002475860361475613, 0.0009903441445902451, 0.004208962614508541, 0.016835850458034166, 0.052735825699430555, 0.09234959148304035, 0.1829660807130478, 0.27407774201535035, 0.3151770240158455, 0.35479078979945533, 0.4015845506313444, 0.45035899975241395, 0.4993810349096311, 0.5164644714038128, 0.5233968804159446, 0.5325575637534044, 0.53503342411488, 0.537261698440208, 0.5387472146570933, 0.5397375588016836, 0.5432037633077494, 0.5531072047536519, 0.5689527110670958, 0.5850458034166873, 0.5907402822480812, 0.5927209705372617, 0.5942064867541471, 0.5949492448625897, 0.5951968308987373, 0.5954444169348849, 0.5956920029710324, 0.5956920029710324, 0.5956920029710324, 0.5956920029710324, 0.5956920029710324, 0.5956920029710324, 0.5956920029710324, 0.5956920029710324, 0.5956920029710324, 0.5956920029710324, 0.5956920029710324, 0.5956920029710324, 0.5956920029710324, 0.5956920029710324]
--------------------------------------------
outputs[ 18 ]=[0.0, 0.0, 0.0, 0.0, 0.0, 0.0002475860361475613, 0.0009903441445902451, 0.0024758603614756128, 0.006932409012131715, 0.014112404060410992, 0.03664273334983907, 0.14087645456796236, 0.16142609556820994, 0.1700916068333746, 0.1827184946769002, 0.21391433523149295, 0.2468432780391186, 0.3114632334736321, 0.3644466452092102, 0.3780638771973261, 0.3854914582817529, 0.389948006932409, 0.3968804159445407, 0.39935627630601633, 0.40009903441445904, 0.40059420648675415, 0.40133696459519685, 0.40232730873978706, 0.40975488982421393, 0.44194107452339687, 0.48700173310225303, 0.5389948006932409, 0.563753404307997, 0.5689527110670958, 0.5709333993562763, 0.5714285714285714, 0.5714285714285714, 0.5714285714285714, 0.5714285714285714, 0.5714285714285714, 0.5714285714285714, 0.5714285714285714, 0.5714285714285714, 0.5714285714285714, 0.5714285714285714, 0.5714285714285714, 0.5714285714285714, 0.5714285714285714, 0.5714285714285714]
--------------------------------------------
outputs[ 19 ]=[0.0, 0.0, 0.0, 0.0, 0.0, 0.0002475860361475613, 0.0012379301807378064, 0.003961376578360981, 0.004704134686803664, 0.00569447883139391, 0.006932409012131715, 0.011141371626640258, 0.030700668482297598, 0.0658578856152513, 0.08640752661549889, 0.09680614013369646, 0.10571923743500866, 0.1163654369893538, 0.1317157712305026, 0.19732607080960635, 0.27927704877444914, 0.40406041099282003, 0.46323347363208717, 0.5023520673434019, 0.5283486011388958, 0.5461747957415202, 0.5558306511512751, 0.5595444416934885, 0.5605347858380787, 0.5605347858380787, 0.5605347858380787, 0.5605347858380787, 0.5605347858380787, 0.5605347858380787, 0.5605347858380787, 0.5605347858380787, 0.5605347858380787, 0.5605347858380787, 0.5605347858380787, 0.5605347858380787, 0.5605347858380787, 0.5605347858380787, 0.5605347858380787, 0.5605347858380787, 0.5605347858380787, 0.5605347858380787, 0.5605347858380787, 0.5605347858380787, 0.5605347858380787]
--------------------------------------------
avg_output=[0.0, 0.0, 0.0, 0.0, 0.0, 0.00024758603614756134, 0.0022282743253280515, 0.014917058677890565, 0.032198564000990346, 0.05428323842535282, 0.08665511265164642, 0.12201039861351821, 0.15116365436989349, 0.17017826194602623, 0.18458776924981435, 0.2007922753156722, 0.21293637038871002, 0.22347115622678881, 0.2306511512750681, 0.2387843525625155, 0.25144837831146327, 0.26918791780143597, 0.282743253280515, 0.2960262441198317, 0.30843030453082443, 0.3192745729140877, 0.3261203268135678, 0.3310844268383264, 0.335590492696212, 0.3401955929685566, 0.34507303788066357, 0.34988858628373365, 0.3540232730873979, 0.35663530576875463, 0.3587274077742016, 0.36091854419410746, 0.3622059915820748, 0.36280019806882896, 0.36306016340678393, 0.3631839564248577, 0.36328299083931664, 0.36334488734835363, 0.3633820252537757, 0.3633820252537757, 0.3633820252537757, 0.3633820252537757, 0.3633820252537757, 0.3633820252537757, 0.3633820252537757]
