list_num_white = [0.9999754015693799, 0.9999508031387597, 0.9997663149091088, 0.9983273067178314, 0.9920178092637689, 0.9720438836002263, 0.9341131035839914, 0.875679531645881, 0.7828327552702138, 0.6593855312031093, 0.5529727203404423, 0.47285563181069046, 0.42224436080978034, 0.3924310628981871, 0.37344107445944946, 0.3631712296755467, 0.3565788502693528, 0.35259390450889233, 0.34999877007846897, 0.348436769734091, 0.3475266278011463, 0.3470469584040538, 0.34676407645192237, 0.34664108429882173, 0.3465549897916513, 0.3464688952844808, 0.3464196984232406, 0.3464073992079305, 0.3464073992079305, 0.3464073992079305, 0.3464073992079305, 0.3464073992079305, 0.3464073992079305, 0.3464073992079305, 0.3464073992079305, 0.3464073992079305, 0.3464073992079305]
list_num_black = [1.2299215310063217e-05, 3.6897645930189655e-05, 0.00022138587558113792, 0.0016603940668585345, 0.007969891520920966, 0.02793151796915357, 0.06583769955476841, 0.1240867832632278, 0.21549455144761764, 0.3326322780606597, 0.41907116325978405, 0.46125747177330084, 0.45343517083610063, 0.39040169237202665, 0.28594445674365976, 0.18980149066489557, 0.11627678154133766, 0.06965045630088801, 0.0424322928197181, 0.02500430472535852, 0.015644601874400414, 0.009531891865298995, 0.005829828056969966, 0.0033576857796472587, 0.0018817799424396724, 0.0010577325166654368, 0.0006272599808132242, 0.0003566772439918333, 0.00023368509089120114, 0.00014759058372075862, 6.149607655031609e-05, 1.2299215310063217e-05, 0.0, 0.0, 0.0, 0.0, 0.0]
list_num_gray = [0.0, 0.0, 0.0, 0.0, 0.0, 1.2299215310063217e-05, 3.6897645930189655e-05, 0.00022138587558113792, 0.0016603940668585345, 0.007969891520920966, 0.02794381718446363, 0.06587459720069859, 0.12430816913880895, 0.21715494551447617, 0.3406021695815807, 0.44701498044424764, 0.5271320689739994, 0.5777433399749096, 0.6075566378865028, 0.6265466263252405, 0.6368164711091432, 0.6434088505153371, 0.6473937962757976, 0.649988930706221, 0.651550931050599, 0.6524610729835436, 0.6529407423806362, 0.6532236243327676, 0.6533466164858682, 0.6534327109930387, 0.6535188055002091, 0.6535680023614493, 0.6535803015767594, 0.6535803015767594, 0.6535803015767594, 0.6535803015767594, 0.6535803015767594]
list_num_green = [1.2299215310063217e-05, 1.2299215310063217e-05, 1.2299215310063217e-05, 1.2299215310063217e-05, 1.2299215310063217e-05, 1.2299215310063217e-05, 1.2299215310063217e-05, 1.2299215310063217e-05, 1.2299215310063217e-05, 1.2299215310063217e-05, 1.2299215310063217e-05, 1.2299215310063217e-05, 1.2299215310063217e-05, 1.2299215310063217e-05, 1.2299215310063217e-05, 1.2299215310063217e-05, 1.2299215310063217e-05, 1.2299215310063217e-05, 1.2299215310063217e-05, 1.2299215310063217e-05, 0.0, 0.0, 0.0, 0.0, 0.0, 0.0, 0.0, 0.0, 0.0, 0.0, 0.0, 0.0, 0.0, 0.0, 0.0, 0.0, 0.0]
------------------------------------------- 
list_num_white = [0.9999754015693799, 0.9999508031387597, 0.9997663149091088, 0.9983273067178314, 0.9920178092637689, 0.9720438836002263, 0.9341131035839914, 0.875679531645881, 0.7828327552702138, 0.6593855312031093, 0.5529727203404423, 0.47285563181069046, 0.42224436080978034, 0.3924310628981871, 0.37344107445944946, 0.3631712296755467, 0.3565788502693528, 0.35259390450889233, 0.34999877007846897, 0.348436769734091, 0.3475266278011463, 0.3470469584040538, 0.34676407645192237, 0.34664108429882173, 0.3465549897916513, 0.3464688952844808, 0.3464196984232406, 0.3464073992079305, 0.3464073992079305, 0.3464073992079305, 0.3464073992079305, 0.3464073992079305, 0.3464073992079305, 0.3464073992079305, 0.3464073992079305, 0.3464073992079305, 0.3464073992079305]
list_num_black = [1.2299215310063217e-05, 3.6897645930189655e-05, 0.00022138587558113792, 0.0016603940668585345, 0.007969891520920966, 0.02793151796915357, 0.06583769955476841, 0.1240867832632278, 0.21549455144761764, 0.3326322780606597, 0.41907116325978405, 0.46125747177330084, 0.45343517083610063, 0.39040169237202665, 0.28594445674365976, 0.18980149066489557, 0.11627678154133766, 0.06965045630088801, 0.0424322928197181, 0.02500430472535852, 0.015644601874400414, 0.009531891865298995, 0.005829828056969966, 0.0033576857796472587, 0.0018817799424396724, 0.0010577325166654368, 0.0006272599808132242, 0.0003566772439918333, 0.00023368509089120114, 0.00014759058372075862, 6.149607655031609e-05, 1.2299215310063217e-05, 0.0, 0.0, 0.0, 0.0, 0.0]
list_num_gray = [0.0, 0.0, 0.0, 0.0, 0.0, 1.2299215310063217e-05, 3.6897645930189655e-05, 0.00022138587558113792, 0.0016603940668585345, 0.007969891520920966, 0.02794381718446363, 0.06587459720069859, 0.12430816913880895, 0.21715494551447617, 0.3406021695815807, 0.44701498044424764, 0.5271320689739994, 0.5777433399749096, 0.6075566378865028, 0.6265466263252405, 0.6368164711091432, 0.6434088505153371, 0.6473937962757976, 0.649988930706221, 0.651550931050599, 0.6524610729835436, 0.6529407423806362, 0.6532236243327676, 0.6533466164858682, 0.6534327109930387, 0.6535188055002091, 0.6535680023614493, 0.6535803015767594, 0.6535803015767594, 0.6535803015767594, 0.6535803015767594, 0.6535803015767594]
list_num_green = [1.2299215310063217e-05, 1.2299215310063217e-05, 1.2299215310063217e-05, 1.2299215310063217e-05, 1.2299215310063217e-05, 1.2299215310063217e-05, 1.2299215310063217e-05, 1.2299215310063217e-05, 1.2299215310063217e-05, 1.2299215310063217e-05, 1.2299215310063217e-05, 1.2299215310063217e-05, 1.2299215310063217e-05, 1.2299215310063217e-05, 1.2299215310063217e-05, 1.2299215310063217e-05, 1.2299215310063217e-05, 1.2299215310063217e-05, 1.2299215310063217e-05, 1.2299215310063217e-05, 0.0, 0.0, 0.0, 0.0, 0.0, 0.0, 0.0, 0.0, 0.0, 0.0, 0.0, 0.0, 0.0, 0.0, 0.0, 0.0, 0.0]
------------------------------------------- 
list_num_white = [0.9999754015693799, 0.9999508031387597, 0.9997663149091088, 0.9983273067178314, 0.9920178092637689, 0.9720438836002263, 0.9341131035839914, 0.875679531645881, 0.7828327552702138, 0.6593855312031093, 0.5529727203404423, 0.47285563181069046, 0.42224436080978034, 0.3924310628981871, 0.37344107445944946, 0.3631712296755467, 0.3565788502693528, 0.35259390450889233, 0.34999877007846897, 0.348436769734091, 0.3475266278011463, 0.3470469584040538, 0.34676407645192237, 0.34664108429882173, 0.3465549897916513, 0.3464688952844808, 0.3464196984232406, 0.3464073992079305, 0.3464073992079305, 0.3464073992079305, 0.3464073992079305, 0.3464073992079305, 0.3464073992079305, 0.3464073992079305, 0.3464073992079305, 0.3464073992079305, 0.3464073992079305]
list_num_black = [1.2299215310063217e-05, 3.6897645930189655e-05, 0.00022138587558113792, 0.0016603940668585345, 0.007969891520920966, 0.02793151796915357, 0.06583769955476841, 0.1240867832632278, 0.21549455144761764, 0.3326322780606597, 0.41907116325978405, 0.46125747177330084, 0.45343517083610063, 0.39040169237202665, 0.28594445674365976, 0.18980149066489557, 0.11627678154133766, 0.06965045630088801, 0.0424322928197181, 0.02500430472535852, 0.015644601874400414, 0.009531891865298995, 0.005829828056969966, 0.0033576857796472587, 0.0018817799424396724, 0.0010577325166654368, 0.0006272599808132242, 0.0003566772439918333, 0.00023368509089120114, 0.00014759058372075862, 6.149607655031609e-05, 1.2299215310063217e-05, 0.0, 0.0, 0.0, 0.0, 0.0]
list_num_gray = [0.0, 0.0, 0.0, 0.0, 0.0, 1.2299215310063217e-05, 3.6897645930189655e-05, 0.00022138587558113792, 0.0016603940668585345, 0.007969891520920966, 0.02794381718446363, 0.06587459720069859, 0.12430816913880895, 0.21715494551447617, 0.3406021695815807, 0.44701498044424764, 0.5271320689739994, 0.5777433399749096, 0.6075566378865028, 0.6265466263252405, 0.6368164711091432, 0.6434088505153371, 0.6473937962757976, 0.649988930706221, 0.651550931050599, 0.6524610729835436, 0.6529407423806362, 0.6532236243327676, 0.6533466164858682, 0.6534327109930387, 0.6535188055002091, 0.6535680023614493, 0.6535803015767594, 0.6535803015767594, 0.6535803015767594, 0.6535803015767594, 0.6535803015767594]
list_num_green = [1.2299215310063217e-05, 1.2299215310063217e-05, 1.2299215310063217e-05, 1.2299215310063217e-05, 1.2299215310063217e-05, 1.2299215310063217e-05, 1.2299215310063217e-05, 1.2299215310063217e-05, 1.2299215310063217e-05, 1.2299215310063217e-05, 1.2299215310063217e-05, 1.2299215310063217e-05, 1.2299215310063217e-05, 1.2299215310063217e-05, 1.2299215310063217e-05, 1.2299215310063217e-05, 1.2299215310063217e-05, 1.2299215310063217e-05, 1.2299215310063217e-05, 1.2299215310063217e-05, 0.0, 0.0, 0.0, 0.0, 0.0, 0.0, 0.0, 0.0, 0.0, 0.0, 0.0, 0.0, 0.0, 0.0, 0.0, 0.0, 0.0]
------------------------------------------- 
list_num_white = [0.9999754015693799, 0.9999508031387597, 0.9997663149091088, 0.9983273067178314, 0.9920178092637689, 0.9720438836002263, 0.9341131035839914, 0.875679531645881, 0.7828327552702138, 0.6593855312031093, 0.5529727203404423, 0.47285563181069046, 0.42224436080978034, 0.3924310628981871, 0.37344107445944946, 0.3631712296755467, 0.3565788502693528, 0.35259390450889233, 0.34999877007846897, 0.348436769734091, 0.3475266278011463, 0.3470469584040538, 0.34676407645192237, 0.34664108429882173, 0.3465549897916513, 0.3464688952844808, 0.3464196984232406, 0.3464073992079305, 0.3464073992079305, 0.3464073992079305, 0.3464073992079305, 0.3464073992079305, 0.3464073992079305, 0.3464073992079305, 0.3464073992079305, 0.3464073992079305, 0.3464073992079305]
list_num_black = [1.2299215310063217e-05, 3.6897645930189655e-05, 0.00022138587558113792, 0.0016603940668585345, 0.007969891520920966, 0.02793151796915357, 0.06583769955476841, 0.1240867832632278, 0.21549455144761764, 0.3326322780606597, 0.41907116325978405, 0.46125747177330084, 0.45343517083610063, 0.39040169237202665, 0.28594445674365976, 0.18980149066489557, 0.11627678154133766, 0.06965045630088801, 0.0424322928197181, 0.02500430472535852, 0.015644601874400414, 0.009531891865298995, 0.005829828056969966, 0.0033576857796472587, 0.0018817799424396724, 0.0010577325166654368, 0.0006272599808132242, 0.0003566772439918333, 0.00023368509089120114, 0.00014759058372075862, 6.149607655031609e-05, 1.2299215310063217e-05, 0.0, 0.0, 0.0, 0.0, 0.0]
list_num_gray = [0.0, 0.0, 0.0, 0.0, 0.0, 1.2299215310063217e-05, 3.6897645930189655e-05, 0.00022138587558113792, 0.0016603940668585345, 0.007969891520920966, 0.02794381718446363, 0.06587459720069859, 0.12430816913880895, 0.21715494551447617, 0.3406021695815807, 0.44701498044424764, 0.5271320689739994, 0.5777433399749096, 0.6075566378865028, 0.6265466263252405, 0.6368164711091432, 0.6434088505153371, 0.6473937962757976, 0.649988930706221, 0.651550931050599, 0.6524610729835436, 0.6529407423806362, 0.6532236243327676, 0.6533466164858682, 0.6534327109930387, 0.6535188055002091, 0.6535680023614493, 0.6535803015767594, 0.6535803015767594, 0.6535803015767594, 0.6535803015767594, 0.6535803015767594]
list_num_green = [1.2299215310063217e-05, 1.2299215310063217e-05, 1.2299215310063217e-05, 1.2299215310063217e-05, 1.2299215310063217e-05, 1.2299215310063217e-05, 1.2299215310063217e-05, 1.2299215310063217e-05, 1.2299215310063217e-05, 1.2299215310063217e-05, 1.2299215310063217e-05, 1.2299215310063217e-05, 1.2299215310063217e-05, 1.2299215310063217e-05, 1.2299215310063217e-05, 1.2299215310063217e-05, 1.2299215310063217e-05, 1.2299215310063217e-05, 1.2299215310063217e-05, 1.2299215310063217e-05, 0.0, 0.0, 0.0, 0.0, 0.0, 0.0, 0.0, 0.0, 0.0, 0.0, 0.0, 0.0, 0.0, 0.0, 0.0, 0.0, 0.0]
------------------------------------------- 
list_num_white = [0.9999754015693799, 0.9999508031387597, 0.9997663149091088, 0.9983273067178314, 0.9920178092637689, 0.9720438836002263, 0.9341131035839914, 0.875679531645881, 0.7828327552702138, 0.6593855312031093, 0.5529727203404423, 0.47285563181069046, 0.42224436080978034, 0.3924310628981871, 0.37344107445944946, 0.3631712296755467, 0.3565788502693528, 0.35259390450889233, 0.34999877007846897, 0.348436769734091, 0.3475266278011463, 0.3470469584040538, 0.34676407645192237, 0.34664108429882173, 0.3465549897916513, 0.3464688952844808, 0.3464196984232406, 0.3464073992079305, 0.3464073992079305, 0.3464073992079305, 0.3464073992079305, 0.3464073992079305, 0.3464073992079305, 0.3464073992079305, 0.3464073992079305, 0.3464073992079305, 0.3464073992079305]
list_num_black = [1.2299215310063217e-05, 3.6897645930189655e-05, 0.00022138587558113792, 0.0016603940668585345, 0.007969891520920966, 0.02793151796915357, 0.06583769955476841, 0.1240867832632278, 0.21549455144761764, 0.3326322780606597, 0.41907116325978405, 0.46125747177330084, 0.45343517083610063, 0.39040169237202665, 0.28594445674365976, 0.18980149066489557, 0.11627678154133766, 0.06965045630088801, 0.0424322928197181, 0.02500430472535852, 0.015644601874400414, 0.009531891865298995, 0.005829828056969966, 0.0033576857796472587, 0.0018817799424396724, 0.0010577325166654368, 0.0006272599808132242, 0.0003566772439918333, 0.00023368509089120114, 0.00014759058372075862, 6.149607655031609e-05, 1.2299215310063217e-05, 0.0, 0.0, 0.0, 0.0, 0.0]
list_num_gray = [0.0, 0.0, 0.0, 0.0, 0.0, 1.2299215310063217e-05, 3.6897645930189655e-05, 0.00022138587558113792, 0.0016603940668585345, 0.007969891520920966, 0.02794381718446363, 0.06587459720069859, 0.12430816913880895, 0.21715494551447617, 0.3406021695815807, 0.44701498044424764, 0.5271320689739994, 0.5777433399749096, 0.6075566378865028, 0.6265466263252405, 0.6368164711091432, 0.6434088505153371, 0.6473937962757976, 0.649988930706221, 0.651550931050599, 0.6524610729835436, 0.6529407423806362, 0.6532236243327676, 0.6533466164858682, 0.6534327109930387, 0.6535188055002091, 0.6535680023614493, 0.6535803015767594, 0.6535803015767594, 0.6535803015767594, 0.6535803015767594, 0.6535803015767594]
list_num_green = [1.2299215310063217e-05, 1.2299215310063217e-05, 1.2299215310063217e-05, 1.2299215310063217e-05, 1.2299215310063217e-05, 1.2299215310063217e-05, 1.2299215310063217e-05, 1.2299215310063217e-05, 1.2299215310063217e-05, 1.2299215310063217e-05, 1.2299215310063217e-05, 1.2299215310063217e-05, 1.2299215310063217e-05, 1.2299215310063217e-05, 1.2299215310063217e-05, 1.2299215310063217e-05, 1.2299215310063217e-05, 1.2299215310063217e-05, 1.2299215310063217e-05, 1.2299215310063217e-05, 0.0, 0.0, 0.0, 0.0, 0.0, 0.0, 0.0, 0.0, 0.0, 0.0, 0.0, 0.0, 0.0, 0.0, 0.0, 0.0, 0.0]
------------------------------------------- 
list_num_white = [0.9999754015693799, 0.9999508031387597, 0.9997663149091088, 0.9983273067178314, 0.9920178092637689, 0.9720438836002263, 0.9341131035839914, 0.875679531645881, 0.7828327552702138, 0.6593855312031093, 0.5529727203404423, 0.47285563181069046, 0.42224436080978034, 0.3924310628981871, 0.37344107445944946, 0.3631712296755467, 0.3565788502693528, 0.35259390450889233, 0.34999877007846897, 0.348436769734091, 0.3475266278011463, 0.3470469584040538, 0.34676407645192237, 0.34664108429882173, 0.3465549897916513, 0.3464688952844808, 0.3464196984232406, 0.3464073992079305, 0.3464073992079305, 0.3464073992079305, 0.3464073992079305, 0.3464073992079305, 0.3464073992079305, 0.3464073992079305, 0.3464073992079305, 0.3464073992079305, 0.3464073992079305]
list_num_black = [1.2299215310063217e-05, 3.6897645930189655e-05, 0.00022138587558113792, 0.0016603940668585345, 0.007969891520920966, 0.02793151796915357, 0.06583769955476841, 0.1240867832632278, 0.21549455144761764, 0.3326322780606597, 0.41907116325978405, 0.46125747177330084, 0.45343517083610063, 0.39040169237202665, 0.28594445674365976, 0.18980149066489557, 0.11627678154133766, 0.06965045630088801, 0.0424322928197181, 0.02500430472535852, 0.015644601874400414, 0.009531891865298995, 0.005829828056969966, 0.0033576857796472587, 0.0018817799424396724, 0.0010577325166654368, 0.0006272599808132242, 0.0003566772439918333, 0.00023368509089120114, 0.00014759058372075862, 6.149607655031609e-05, 1.2299215310063217e-05, 0.0, 0.0, 0.0, 0.0, 0.0]
list_num_gray = [0.0, 0.0, 0.0, 0.0, 0.0, 1.2299215310063217e-05, 3.6897645930189655e-05, 0.00022138587558113792, 0.0016603940668585345, 0.007969891520920966, 0.02794381718446363, 0.06587459720069859, 0.12430816913880895, 0.21715494551447617, 0.3406021695815807, 0.44701498044424764, 0.5271320689739994, 0.5777433399749096, 0.6075566378865028, 0.6265466263252405, 0.6368164711091432, 0.6434088505153371, 0.6473937962757976, 0.649988930706221, 0.651550931050599, 0.6524610729835436, 0.6529407423806362, 0.6532236243327676, 0.6533466164858682, 0.6534327109930387, 0.6535188055002091, 0.6535680023614493, 0.6535803015767594, 0.6535803015767594, 0.6535803015767594, 0.6535803015767594, 0.6535803015767594]
list_num_green = [1.2299215310063217e-05, 1.2299215310063217e-05, 1.2299215310063217e-05, 1.2299215310063217e-05, 1.2299215310063217e-05, 1.2299215310063217e-05, 1.2299215310063217e-05, 1.2299215310063217e-05, 1.2299215310063217e-05, 1.2299215310063217e-05, 1.2299215310063217e-05, 1.2299215310063217e-05, 1.2299215310063217e-05, 1.2299215310063217e-05, 1.2299215310063217e-05, 1.2299215310063217e-05, 1.2299215310063217e-05, 1.2299215310063217e-05, 1.2299215310063217e-05, 1.2299215310063217e-05, 0.0, 0.0, 0.0, 0.0, 0.0, 0.0, 0.0, 0.0, 0.0, 0.0, 0.0, 0.0, 0.0, 0.0, 0.0, 0.0, 0.0]
------------------------------------------- 
avg_list_num_white = [0.9999754015693799, 0.9999508031387597, 0.9997663149091088, 0.9983273067178314, 0.9920178092637689, 0.9720438836002262, 0.9341131035839912, 0.875679531645881, 0.7828327552702138, 0.6593855312031093, 0.5529727203404423, 0.47285563181069046, 0.42224436080978034, 0.3924310628981871, 0.37344107445944946, 0.3631712296755467, 0.3565788502693528, 0.35259390450889233, 0.34999877007846897, 0.34843676973409105, 0.34752662780114635, 0.3470469584040538, 0.34676407645192237, 0.34664108429882173, 0.3465549897916513, 0.3464688952844808, 0.3464196984232406, 0.34640739920793046, 0.34640739920793046, 0.34640739920793046, 0.34640739920793046, 0.34640739920793046, 0.34640739920793046, 0.34640739920793046, 0.34640739920793046, 0.34640739920793046, 0.34640739920793046]
avg_list_num_black = [1.2299215310063219e-05, 3.6897645930189655e-05, 0.00022138587558113792, 0.0016603940668585345, 0.007969891520920966, 0.02793151796915357, 0.06583769955476841, 0.12408678326322779, 0.21549455144761764, 0.3326322780606597, 0.41907116325978405, 0.46125747177330084, 0.45343517083610063, 0.39040169237202665, 0.28594445674365976, 0.18980149066489557, 0.11627678154133768, 0.06965045630088801, 0.0424322928197181, 0.025004304725358525, 0.015644601874400418, 0.009531891865298995, 0.005829828056969966, 0.0033576857796472587, 0.0018817799424396722, 0.0010577325166654368, 0.0006272599808132242, 0.0003566772439918333, 0.00023368509089120114, 0.00014759058372075862, 6.149607655031609e-05, 1.2299215310063219e-05, 0.0, 0.0, 0.0, 0.0, 0.0]
avg_list_num_gray = [0.0, 0.0, 0.0, 0.0, 0.0, 1.2299215310063219e-05, 3.6897645930189655e-05, 0.00022138587558113792, 0.0016603940668585345, 0.007969891520920966, 0.02794381718446363, 0.06587459720069859, 0.12430816913880895, 0.21715494551447614, 0.3406021695815807, 0.44701498044424764, 0.5271320689739994, 0.5777433399749096, 0.6075566378865028, 0.6265466263252405, 0.6368164711091432, 0.6434088505153371, 0.6473937962757975, 0.649988930706221, 0.651550931050599, 0.6524610729835435, 0.6529407423806362, 0.6532236243327675, 0.6533466164858682, 0.6534327109930387, 0.6535188055002091, 0.6535680023614493, 0.6535803015767594, 0.6535803015767594, 0.6535803015767594, 0.6535803015767594, 0.6535803015767594]
avg_list_num_green = [1.2299215310063219e-05, 1.2299215310063219e-05, 1.2299215310063219e-05, 1.2299215310063219e-05, 1.2299215310063219e-05, 1.2299215310063219e-05, 1.2299215310063219e-05, 1.2299215310063219e-05, 1.2299215310063219e-05, 1.2299215310063219e-05, 1.2299215310063219e-05, 1.2299215310063219e-05, 1.2299215310063219e-05, 1.2299215310063219e-05, 1.2299215310063219e-05, 1.2299215310063219e-05, 1.2299215310063219e-05, 1.2299215310063219e-05, 1.2299215310063219e-05, 1.2299215310063219e-05, 0.0, 0.0, 0.0, 0.0, 0.0, 0.0, 0.0, 0.0, 0.0, 0.0, 0.0, 0.0, 0.0, 0.0, 0.0, 0.0, 0.0]
------------------------------------------- 
