list_num_white = [0.9999754015693799, 0.9999508031387597, 0.9997663149091088, 0.9983273067178314, 0.9920178092637689, 0.9720438836002263, 0.9341131035839914, 0.875679531645881, 0.782291589796571, 0.6585368853467148, 0.5497503259292057, 0.47172410400216463, 0.4224288490394313, 0.39339040169237205, 0.37476938971293633, 0.36382308808698005, 0.3568494330061742, 0.3526676998007527, 0.35030625046122055, 0.348633557179052, 0.3477357144614174, 0.34718224977246454, 0.34676407645192237, 0.34650579293041106, 0.3462598086242098, 0.34601382431800853, 0.3458785329495978, 0.34586623373428776, 0.34585393451897767, 0.34585393451897767, 0.34585393451897767, 0.34585393451897767, 0.34585393451897767, 0.34585393451897767, 0.34585393451897767, 0.34585393451897767, 0.34585393451897767]
list_num_black = [1.2299215310063217e-05, 3.6897645930189655e-05, 0.00022138587558113792, 0.0016603940668585345, 0.007969891520920966, 0.02793151796915357, 0.06583769955476841, 0.1240867832632278, 0.2159742208447101, 0.3334071286251937, 0.4222197623791602, 0.4623152042899663, 0.4531768873145893, 0.3888888888888889, 0.28376749563377857, 0.18592723784222567, 0.11487467099599045, 0.06976114923867857, 0.04308415123115145, 0.026135832533884337, 0.01608737362556269, 0.00966718323370969, 0.005903623348830345, 0.0038004575308095345, 0.002373748554842201, 0.0017218901434088506, 0.0013037168228667011, 0.0008978427176346149, 0.0006518584114333506, 0.0004058741052320862, 0.00015988979903082184, 2.4598430620126434e-05, 1.2299215310063217e-05, 0.0, 0.0, 0.0, 0.0]
list_num_gray = [0.0, 0.0, 0.0, 0.0, 0.0, 1.2299215310063217e-05, 3.6897645930189655e-05, 0.00022138587558113792, 0.0016603940668585345, 0.007969891520920966, 0.02794381718446363, 0.06587459720069859, 0.12430816913880895, 0.21763461491156863, 0.34137702014611465, 0.45016357956362385, 0.5281898014906649, 0.5774850564533983, 0.6065235038004575, 0.6251445157798933, 0.6360908174058495, 0.6430644724866553, 0.6472462056920768, 0.649607655031609, 0.6512803483137776, 0.6521781910314122, 0.6527316557203651, 0.6531498290409072, 0.6534081125624185, 0.6536540968686197, 0.653900081174821, 0.6540353725432317, 0.6540476717585418, 0.6540599709738518, 0.6540599709738518, 0.6540599709738518, 0.6540599709738518]
list_num_green = [1.2299215310063217e-05, 1.2299215310063217e-05, 1.2299215310063217e-05, 1.2299215310063217e-05, 1.2299215310063217e-05, 1.2299215310063217e-05, 1.2299215310063217e-05, 1.2299215310063217e-05, 7.379529186037931e-05, 8.609450717044253e-05, 8.609450717044253e-05, 8.609450717044253e-05, 7.379529186037931e-05, 1.2299215310063217e-05, 0.0, 0.0, 0.0, 0.0, 0.0, 0.0, 0.0, 0.0, 0.0, 0.0, 0.0, 0.0, 0.0, 0.0, 0.0, 0.0, 0.0, 0.0, 0.0, 0.0, 0.0, 0.0, 0.0]
------------------------------------------- 
list_num_white = [0.9999754015693799, 0.9999508031387597, 0.9997663149091088, 0.9983273067178314, 0.9920178092637689, 0.9720438836002263, 0.9341131035839914, 0.875679531645881, 0.782291589796571, 0.6585368853467148, 0.5497503259292057, 0.47172410400216463, 0.4224288490394313, 0.39339040169237205, 0.37476938971293633, 0.36382308808698005, 0.3568494330061742, 0.3526676998007527, 0.35030625046122055, 0.348633557179052, 0.3477357144614174, 0.34718224977246454, 0.34676407645192237, 0.34650579293041106, 0.3462598086242098, 0.34601382431800853, 0.3458785329495978, 0.34586623373428776, 0.34585393451897767, 0.34585393451897767, 0.34585393451897767, 0.34585393451897767, 0.34585393451897767, 0.34585393451897767, 0.34585393451897767, 0.34585393451897767, 0.34585393451897767]
list_num_black = [1.2299215310063217e-05, 3.6897645930189655e-05, 0.00022138587558113792, 0.0016603940668585345, 0.007969891520920966, 0.02793151796915357, 0.06583769955476841, 0.1240867832632278, 0.2159742208447101, 0.3334071286251937, 0.4222197623791602, 0.4623152042899663, 0.4531768873145893, 0.3888888888888889, 0.28376749563377857, 0.18592723784222567, 0.11487467099599045, 0.06976114923867857, 0.04308415123115145, 0.026135832533884337, 0.01608737362556269, 0.00966718323370969, 0.005903623348830345, 0.0038004575308095345, 0.002373748554842201, 0.0017218901434088506, 0.0013037168228667011, 0.0008978427176346149, 0.0006518584114333506, 0.0004058741052320862, 0.00015988979903082184, 2.4598430620126434e-05, 1.2299215310063217e-05, 0.0, 0.0, 0.0, 0.0]
list_num_gray = [0.0, 0.0, 0.0, 0.0, 0.0, 1.2299215310063217e-05, 3.6897645930189655e-05, 0.00022138587558113792, 0.0016603940668585345, 0.007969891520920966, 0.02794381718446363, 0.06587459720069859, 0.12430816913880895, 0.21763461491156863, 0.34137702014611465, 0.45016357956362385, 0.5281898014906649, 0.5774850564533983, 0.6065235038004575, 0.6251445157798933, 0.6360908174058495, 0.6430644724866553, 0.6472462056920768, 0.649607655031609, 0.6512803483137776, 0.6521781910314122, 0.6527316557203651, 0.6531498290409072, 0.6534081125624185, 0.6536540968686197, 0.653900081174821, 0.6540353725432317, 0.6540476717585418, 0.6540599709738518, 0.6540599709738518, 0.6540599709738518, 0.6540599709738518]
list_num_green = [1.2299215310063217e-05, 1.2299215310063217e-05, 1.2299215310063217e-05, 1.2299215310063217e-05, 1.2299215310063217e-05, 1.2299215310063217e-05, 1.2299215310063217e-05, 1.2299215310063217e-05, 7.379529186037931e-05, 8.609450717044253e-05, 8.609450717044253e-05, 8.609450717044253e-05, 7.379529186037931e-05, 1.2299215310063217e-05, 0.0, 0.0, 0.0, 0.0, 0.0, 0.0, 0.0, 0.0, 0.0, 0.0, 0.0, 0.0, 0.0, 0.0, 0.0, 0.0, 0.0, 0.0, 0.0, 0.0, 0.0, 0.0, 0.0]
------------------------------------------- 
list_num_white = [0.9999754015693799, 0.9999508031387597, 0.9997663149091088, 0.9983273067178314, 0.9920178092637689, 0.9720438836002263, 0.9341131035839914, 0.875679531645881, 0.782291589796571, 0.6585368853467148, 0.5497503259292057, 0.47172410400216463, 0.4224288490394313, 0.39339040169237205, 0.37476938971293633, 0.36382308808698005, 0.3568494330061742, 0.3526676998007527, 0.35030625046122055, 0.348633557179052, 0.3477357144614174, 0.34718224977246454, 0.34676407645192237, 0.34650579293041106, 0.3462598086242098, 0.34601382431800853, 0.3458785329495978, 0.34586623373428776, 0.34585393451897767, 0.34585393451897767, 0.34585393451897767, 0.34585393451897767, 0.34585393451897767, 0.34585393451897767, 0.34585393451897767, 0.34585393451897767, 0.34585393451897767]
list_num_black = [1.2299215310063217e-05, 3.6897645930189655e-05, 0.00022138587558113792, 0.0016603940668585345, 0.007969891520920966, 0.02793151796915357, 0.06583769955476841, 0.1240867832632278, 0.2159742208447101, 0.3334071286251937, 0.4222197623791602, 0.4623152042899663, 0.4531768873145893, 0.3888888888888889, 0.28376749563377857, 0.18592723784222567, 0.11487467099599045, 0.06976114923867857, 0.04308415123115145, 0.026135832533884337, 0.01608737362556269, 0.00966718323370969, 0.005903623348830345, 0.0038004575308095345, 0.002373748554842201, 0.0017218901434088506, 0.0013037168228667011, 0.0008978427176346149, 0.0006518584114333506, 0.0004058741052320862, 0.00015988979903082184, 2.4598430620126434e-05, 1.2299215310063217e-05, 0.0, 0.0, 0.0, 0.0]
list_num_gray = [0.0, 0.0, 0.0, 0.0, 0.0, 1.2299215310063217e-05, 3.6897645930189655e-05, 0.00022138587558113792, 0.0016603940668585345, 0.007969891520920966, 0.02794381718446363, 0.06587459720069859, 0.12430816913880895, 0.21763461491156863, 0.34137702014611465, 0.45016357956362385, 0.5281898014906649, 0.5774850564533983, 0.6065235038004575, 0.6251445157798933, 0.6360908174058495, 0.6430644724866553, 0.6472462056920768, 0.649607655031609, 0.6512803483137776, 0.6521781910314122, 0.6527316557203651, 0.6531498290409072, 0.6534081125624185, 0.6536540968686197, 0.653900081174821, 0.6540353725432317, 0.6540476717585418, 0.6540599709738518, 0.6540599709738518, 0.6540599709738518, 0.6540599709738518]
list_num_green = [1.2299215310063217e-05, 1.2299215310063217e-05, 1.2299215310063217e-05, 1.2299215310063217e-05, 1.2299215310063217e-05, 1.2299215310063217e-05, 1.2299215310063217e-05, 1.2299215310063217e-05, 7.379529186037931e-05, 8.609450717044253e-05, 8.609450717044253e-05, 8.609450717044253e-05, 7.379529186037931e-05, 1.2299215310063217e-05, 0.0, 0.0, 0.0, 0.0, 0.0, 0.0, 0.0, 0.0, 0.0, 0.0, 0.0, 0.0, 0.0, 0.0, 0.0, 0.0, 0.0, 0.0, 0.0, 0.0, 0.0, 0.0, 0.0]
------------------------------------------- 
list_num_white = [0.9999754015693799, 0.9999508031387597, 0.9997663149091088, 0.9983273067178314, 0.9920178092637689, 0.9720438836002263, 0.9341131035839914, 0.875679531645881, 0.782291589796571, 0.6585368853467148, 0.5497503259292057, 0.47172410400216463, 0.4224288490394313, 0.39339040169237205, 0.37476938971293633, 0.36382308808698005, 0.3568494330061742, 0.3526676998007527, 0.35030625046122055, 0.348633557179052, 0.3477357144614174, 0.34718224977246454, 0.34676407645192237, 0.34650579293041106, 0.3462598086242098, 0.34601382431800853, 0.3458785329495978, 0.34586623373428776, 0.34585393451897767, 0.34585393451897767, 0.34585393451897767, 0.34585393451897767, 0.34585393451897767, 0.34585393451897767, 0.34585393451897767, 0.34585393451897767, 0.34585393451897767]
list_num_black = [1.2299215310063217e-05, 3.6897645930189655e-05, 0.00022138587558113792, 0.0016603940668585345, 0.007969891520920966, 0.02793151796915357, 0.06583769955476841, 0.1240867832632278, 0.2159742208447101, 0.3334071286251937, 0.4222197623791602, 0.4623152042899663, 0.4531768873145893, 0.3888888888888889, 0.28376749563377857, 0.18592723784222567, 0.11487467099599045, 0.06976114923867857, 0.04308415123115145, 0.026135832533884337, 0.01608737362556269, 0.00966718323370969, 0.005903623348830345, 0.0038004575308095345, 0.002373748554842201, 0.0017218901434088506, 0.0013037168228667011, 0.0008978427176346149, 0.0006518584114333506, 0.0004058741052320862, 0.00015988979903082184, 2.4598430620126434e-05, 1.2299215310063217e-05, 0.0, 0.0, 0.0, 0.0]
list_num_gray = [0.0, 0.0, 0.0, 0.0, 0.0, 1.2299215310063217e-05, 3.6897645930189655e-05, 0.00022138587558113792, 0.0016603940668585345, 0.007969891520920966, 0.02794381718446363, 0.06587459720069859, 0.12430816913880895, 0.21763461491156863, 0.34137702014611465, 0.45016357956362385, 0.5281898014906649, 0.5774850564533983, 0.6065235038004575, 0.6251445157798933, 0.6360908174058495, 0.6430644724866553, 0.6472462056920768, 0.649607655031609, 0.6512803483137776, 0.6521781910314122, 0.6527316557203651, 0.6531498290409072, 0.6534081125624185, 0.6536540968686197, 0.653900081174821, 0.6540353725432317, 0.6540476717585418, 0.6540599709738518, 0.6540599709738518, 0.6540599709738518, 0.6540599709738518]
list_num_green = [1.2299215310063217e-05, 1.2299215310063217e-05, 1.2299215310063217e-05, 1.2299215310063217e-05, 1.2299215310063217e-05, 1.2299215310063217e-05, 1.2299215310063217e-05, 1.2299215310063217e-05, 7.379529186037931e-05, 8.609450717044253e-05, 8.609450717044253e-05, 8.609450717044253e-05, 7.379529186037931e-05, 1.2299215310063217e-05, 0.0, 0.0, 0.0, 0.0, 0.0, 0.0, 0.0, 0.0, 0.0, 0.0, 0.0, 0.0, 0.0, 0.0, 0.0, 0.0, 0.0, 0.0, 0.0, 0.0, 0.0, 0.0, 0.0]
------------------------------------------- 
list_num_white = [0.9999754015693799, 0.9999508031387597, 0.9997663149091088, 0.9983273067178314, 0.9920178092637689, 0.9720438836002263, 0.9341131035839914, 0.875679531645881, 0.782291589796571, 0.6585368853467148, 0.5497503259292057, 0.47172410400216463, 0.4224288490394313, 0.39339040169237205, 0.37476938971293633, 0.36382308808698005, 0.3568494330061742, 0.3526676998007527, 0.35030625046122055, 0.348633557179052, 0.3477357144614174, 0.34718224977246454, 0.34676407645192237, 0.34650579293041106, 0.3462598086242098, 0.34601382431800853, 0.3458785329495978, 0.34586623373428776, 0.34585393451897767, 0.34585393451897767, 0.34585393451897767, 0.34585393451897767, 0.34585393451897767, 0.34585393451897767, 0.34585393451897767, 0.34585393451897767, 0.34585393451897767]
list_num_black = [1.2299215310063217e-05, 3.6897645930189655e-05, 0.00022138587558113792, 0.0016603940668585345, 0.007969891520920966, 0.02793151796915357, 0.06583769955476841, 0.1240867832632278, 0.2159742208447101, 0.3334071286251937, 0.4222197623791602, 0.4623152042899663, 0.4531768873145893, 0.3888888888888889, 0.28376749563377857, 0.18592723784222567, 0.11487467099599045, 0.06976114923867857, 0.04308415123115145, 0.026135832533884337, 0.01608737362556269, 0.00966718323370969, 0.005903623348830345, 0.0038004575308095345, 0.002373748554842201, 0.0017218901434088506, 0.0013037168228667011, 0.0008978427176346149, 0.0006518584114333506, 0.0004058741052320862, 0.00015988979903082184, 2.4598430620126434e-05, 1.2299215310063217e-05, 0.0, 0.0, 0.0, 0.0]
list_num_gray = [0.0, 0.0, 0.0, 0.0, 0.0, 1.2299215310063217e-05, 3.6897645930189655e-05, 0.00022138587558113792, 0.0016603940668585345, 0.007969891520920966, 0.02794381718446363, 0.06587459720069859, 0.12430816913880895, 0.21763461491156863, 0.34137702014611465, 0.45016357956362385, 0.5281898014906649, 0.5774850564533983, 0.6065235038004575, 0.6251445157798933, 0.6360908174058495, 0.6430644724866553, 0.6472462056920768, 0.649607655031609, 0.6512803483137776, 0.6521781910314122, 0.6527316557203651, 0.6531498290409072, 0.6534081125624185, 0.6536540968686197, 0.653900081174821, 0.6540353725432317, 0.6540476717585418, 0.6540599709738518, 0.6540599709738518, 0.6540599709738518, 0.6540599709738518]
list_num_green = [1.2299215310063217e-05, 1.2299215310063217e-05, 1.2299215310063217e-05, 1.2299215310063217e-05, 1.2299215310063217e-05, 1.2299215310063217e-05, 1.2299215310063217e-05, 1.2299215310063217e-05, 7.379529186037931e-05, 8.609450717044253e-05, 8.609450717044253e-05, 8.609450717044253e-05, 7.379529186037931e-05, 1.2299215310063217e-05, 0.0, 0.0, 0.0, 0.0, 0.0, 0.0, 0.0, 0.0, 0.0, 0.0, 0.0, 0.0, 0.0, 0.0, 0.0, 0.0, 0.0, 0.0, 0.0, 0.0, 0.0, 0.0, 0.0]
------------------------------------------- 
list_num_white = [0.9999754015693799, 0.9999508031387597, 0.9997663149091088, 0.9983273067178314, 0.9920178092637689, 0.9720438836002263, 0.9341131035839914, 0.875679531645881, 0.782291589796571, 0.6585368853467148, 0.5497503259292057, 0.47172410400216463, 0.4224288490394313, 0.39339040169237205, 0.37476938971293633, 0.36382308808698005, 0.3568494330061742, 0.3526676998007527, 0.35030625046122055, 0.348633557179052, 0.3477357144614174, 0.34718224977246454, 0.34676407645192237, 0.34650579293041106, 0.3462598086242098, 0.34601382431800853, 0.3458785329495978, 0.34586623373428776, 0.34585393451897767, 0.34585393451897767, 0.34585393451897767, 0.34585393451897767, 0.34585393451897767, 0.34585393451897767, 0.34585393451897767, 0.34585393451897767, 0.34585393451897767]
list_num_black = [1.2299215310063217e-05, 3.6897645930189655e-05, 0.00022138587558113792, 0.0016603940668585345, 0.007969891520920966, 0.02793151796915357, 0.06583769955476841, 0.1240867832632278, 0.2159742208447101, 0.3334071286251937, 0.4222197623791602, 0.4623152042899663, 0.4531768873145893, 0.3888888888888889, 0.28376749563377857, 0.18592723784222567, 0.11487467099599045, 0.06976114923867857, 0.04308415123115145, 0.026135832533884337, 0.01608737362556269, 0.00966718323370969, 0.005903623348830345, 0.0038004575308095345, 0.002373748554842201, 0.0017218901434088506, 0.0013037168228667011, 0.0008978427176346149, 0.0006518584114333506, 0.0004058741052320862, 0.00015988979903082184, 2.4598430620126434e-05, 1.2299215310063217e-05, 0.0, 0.0, 0.0, 0.0]
list_num_gray = [0.0, 0.0, 0.0, 0.0, 0.0, 1.2299215310063217e-05, 3.6897645930189655e-05, 0.00022138587558113792, 0.0016603940668585345, 0.007969891520920966, 0.02794381718446363, 0.06587459720069859, 0.12430816913880895, 0.21763461491156863, 0.34137702014611465, 0.45016357956362385, 0.5281898014906649, 0.5774850564533983, 0.6065235038004575, 0.6251445157798933, 0.6360908174058495, 0.6430644724866553, 0.6472462056920768, 0.649607655031609, 0.6512803483137776, 0.6521781910314122, 0.6527316557203651, 0.6531498290409072, 0.6534081125624185, 0.6536540968686197, 0.653900081174821, 0.6540353725432317, 0.6540476717585418, 0.6540599709738518, 0.6540599709738518, 0.6540599709738518, 0.6540599709738518]
list_num_green = [1.2299215310063217e-05, 1.2299215310063217e-05, 1.2299215310063217e-05, 1.2299215310063217e-05, 1.2299215310063217e-05, 1.2299215310063217e-05, 1.2299215310063217e-05, 1.2299215310063217e-05, 7.379529186037931e-05, 8.609450717044253e-05, 8.609450717044253e-05, 8.609450717044253e-05, 7.379529186037931e-05, 1.2299215310063217e-05, 0.0, 0.0, 0.0, 0.0, 0.0, 0.0, 0.0, 0.0, 0.0, 0.0, 0.0, 0.0, 0.0, 0.0, 0.0, 0.0, 0.0, 0.0, 0.0, 0.0, 0.0, 0.0, 0.0]
------------------------------------------- 
avg_list_num_white = [0.9999754015693799, 0.9999508031387597, 0.9997663149091088, 0.9983273067178314, 0.9920178092637689, 0.9720438836002262, 0.9341131035839912, 0.875679531645881, 0.782291589796571, 0.6585368853467148, 0.5497503259292057, 0.47172410400216463, 0.4224288490394313, 0.393390401692372, 0.37476938971293633, 0.36382308808698, 0.3568494330061742, 0.3526676998007527, 0.3503062504612205, 0.348633557179052, 0.3477357144614173, 0.34718224977246454, 0.34676407645192237, 0.3465057929304111, 0.34625980862420974, 0.3460138243180086, 0.34587853294959775, 0.34586623373428776, 0.34585393451897767, 0.34585393451897767, 0.34585393451897767, 0.34585393451897767, 0.34585393451897767, 0.34585393451897767, 0.34585393451897767, 0.34585393451897767, 0.34585393451897767]
avg_list_num_black = [1.2299215310063219e-05, 3.6897645930189655e-05, 0.00022138587558113792, 0.0016603940668585345, 0.007969891520920966, 0.02793151796915357, 0.06583769955476841, 0.12408678326322779, 0.2159742208447101, 0.3334071286251938, 0.4222197623791602, 0.46231520428996636, 0.4531768873145893, 0.3888888888888889, 0.28376749563377857, 0.18592723784222567, 0.11487467099599045, 0.06976114923867859, 0.04308415123115145, 0.02613583253388434, 0.01608737362556269, 0.009667183233709688, 0.005903623348830344, 0.003800457530809535, 0.0023737485548422014, 0.0017218901434088508, 0.0013037168228667011, 0.0008978427176346149, 0.0006518584114333506, 0.0004058741052320862, 0.00015988979903082184, 2.4598430620126438e-05, 1.2299215310063219e-05, 0.0, 0.0, 0.0, 0.0]
avg_list_num_gray = [0.0, 0.0, 0.0, 0.0, 0.0, 1.2299215310063219e-05, 3.6897645930189655e-05, 0.00022138587558113792, 0.0016603940668585345, 0.007969891520920966, 0.02794381718446363, 0.06587459720069859, 0.12430816913880895, 0.21763461491156863, 0.34137702014611465, 0.4501635795636238, 0.5281898014906649, 0.5774850564533983, 0.6065235038004575, 0.6251445157798933, 0.6360908174058495, 0.6430644724866553, 0.6472462056920768, 0.649607655031609, 0.6512803483137776, 0.6521781910314122, 0.6527316557203652, 0.6531498290409071, 0.6534081125624186, 0.6536540968686197, 0.6539000811748209, 0.6540353725432317, 0.6540476717585418, 0.6540599709738518, 0.6540599709738518, 0.6540599709738518, 0.6540599709738518]
avg_list_num_green = [1.2299215310063219e-05, 1.2299215310063219e-05, 1.2299215310063219e-05, 1.2299215310063219e-05, 1.2299215310063219e-05, 1.2299215310063219e-05, 1.2299215310063219e-05, 1.2299215310063219e-05, 7.379529186037931e-05, 8.609450717044253e-05, 8.609450717044253e-05, 8.609450717044253e-05, 7.379529186037931e-05, 1.2299215310063219e-05, 0.0, 0.0, 0.0, 0.0, 0.0, 0.0, 0.0, 0.0, 0.0, 0.0, 0.0, 0.0, 0.0, 0.0, 0.0, 0.0, 0.0, 0.0, 0.0, 0.0, 0.0, 0.0, 0.0]
------------------------------------------- 
