outputs[ 0 ]=[0.0, 0.0, 0.0, 0.0, 0.0, 0.0002475860361475613, 0.0002475860361475613, 0.0002475860361475613, 0.0002475860361475613, 0.0002475860361475613, 0.0002475860361475613, 0.0002475860361475613, 0.0002475860361475613, 0.0002475860361475613, 0.0002475860361475613, 0.0002475860361475613, 0.0002475860361475613, 0.0002475860361475613, 0.0002475860361475613, 0.0002475860361475613, 0.0002475860361475613, 0.0002475860361475613, 0.0002475860361475613, 0.0002475860361475613, 0.0002475860361475613, 0.0002475860361475613, 0.0002475860361475613, 0.0002475860361475613, 0.0002475860361475613, 0.0002475860361475613, 0.0002475860361475613, 0.0002475860361475613, 0.0002475860361475613, 0.0002475860361475613, 0.0002475860361475613, 0.0002475860361475613, 0.0002475860361475613, 0.0002475860361475613, 0.0002475860361475613, 0.0002475860361475613, 0.0002475860361475613, 0.0002475860361475613, 0.0002475860361475613, 0.0002475860361475613, 0.0002475860361475613, 0.0002475860361475613, 0.0002475860361475613, 0.0002475860361475613, 0.0002475860361475613]
outputs_edges[ 0 ]=[0, 0, 0, 0, 0, 0, 0, 0, 0, 0, 0, 0, 0, 0, 0, 0, 0, 0, 0, 0, 0, 0, 0, 0, 0, 0, 0, 0, 0, 0, 0, 0, 0, 0, 0, 0, 0, 0, 0, 0, 0, 0, 0, 0, 0, 0, 0, 0, 0]
--------------------------------------------
outputs[ 1 ]=[0.0, 0.0, 0.0, 0.0, 0.0, 0.0002475860361475613, 0.0019806882891804903, 0.008417925229017083, 0.00965585540975489, 0.010646199554345134, 0.01733102253032929, 0.07972270363951472, 0.14236197078484775, 0.1827184946769002, 0.2230750185689527, 0.24511017578608565, 0.2582322357019064, 0.26442188660559546, 0.2659074028224808, 0.2666501609309235, 0.2666501609309235, 0.2668977469670711, 0.2668977469670711, 0.26714533300321863, 0.26813567714780884, 0.2720970537261698, 0.28719980193117106, 0.32260460510027233, 0.35082941322109434, 0.3676652636791285, 0.3802921515226541, 0.39489972765536024, 0.4100024758603615, 0.42485763802921517, 0.4431790047041347, 0.46471898984897253, 0.4788313939093835, 0.48774449121069574, 0.4897251794998762, 0.49170586778905667, 0.49220103986135183, 0.49269621193364693, 0.49343897004208964, 0.49393414211438474, 0.49393414211438474, 0.49393414211438474, 0.49393414211438474, 0.49393414211438474, 0.49393414211438474]
outputs_edges[ 1 ]=[0, 0, 0, 0, 0, 0, 0, 2632, 6105, 9578, 12688, 15798, 18908, 22018, 25128, 25128, 25128, 25128, 25128, 25128, 25128, 25128, 25128, 25607, 26086, 26928, 27770, 28657, 29544, 30431, 31318, 31726, 31771, 31816, 31861, 31861, 31861, 31861, 31861, 31861, 31861, 31861, 31861, 31861, 31861, 31861, 31861, 31861, 31861]
--------------------------------------------
outputs[ 2 ]=[0.0, 0.0, 0.0, 0.0, 0.0, 0.0002475860361475613, 0.0002475860361475613, 0.0004951720722951226, 0.0007427581084426838, 0.0007427581084426838, 0.0014855162168853676, 0.006684822975984155, 0.02079722703639515, 0.0319385986630354, 0.03862342163901956, 0.042089626145085414, 0.0460510027234464, 0.04877444912106957, 0.05075513741025006, 0.05149789551869274, 0.05248823966328299, 0.05471651398861104, 0.05644961624164397, 0.056697202277791535, 0.05719237435008666, 0.05719237435008666, 0.05719237435008666, 0.05719237435008666, 0.05719237435008666, 0.05719237435008666, 0.05719237435008666, 0.05719237435008666, 0.05719237435008666, 0.05719237435008666, 0.05719237435008666, 0.05719237435008666, 0.05719237435008666, 0.05719237435008666, 0.05719237435008666, 0.05719237435008666, 0.05719237435008666, 0.05719237435008666, 0.05719237435008666, 0.05719237435008666, 0.05719237435008666, 0.05719237435008666, 0.05719237435008666, 0.05719237435008666, 0.05719237435008666]
outputs_edges[ 2 ]=[0, 0, 0, 0, 0, 0, 0, 0, 0, 0, 0, 0, 0, 0, 0, 0, 0, 0, 0, 0, 0, 0, 0, 0, 0, 0, 0, 0, 0, 0, 0, 0, 0, 0, 0, 0, 0, 0, 0, 0, 0, 0, 0, 0, 0, 0, 0, 0, 0]
--------------------------------------------
outputs[ 3 ]=[0.0, 0.0, 0.0, 0.0, 0.0, 0.0002475860361475613, 0.0002475860361475613, 0.0002475860361475613, 0.0002475860361475613, 0.0002475860361475613, 0.0002475860361475613, 0.0002475860361475613, 0.0002475860361475613, 0.0002475860361475613, 0.0002475860361475613, 0.0002475860361475613, 0.0002475860361475613, 0.0002475860361475613, 0.0002475860361475613, 0.0002475860361475613, 0.0002475860361475613, 0.0002475860361475613, 0.0002475860361475613, 0.0002475860361475613, 0.0002475860361475613, 0.0002475860361475613, 0.0002475860361475613, 0.0002475860361475613, 0.0002475860361475613, 0.0002475860361475613, 0.0002475860361475613, 0.0002475860361475613, 0.0002475860361475613, 0.0002475860361475613, 0.0002475860361475613, 0.0002475860361475613, 0.0002475860361475613, 0.0002475860361475613, 0.0002475860361475613, 0.0002475860361475613, 0.0002475860361475613, 0.0002475860361475613, 0.0002475860361475613, 0.0002475860361475613, 0.0002475860361475613, 0.0002475860361475613, 0.0002475860361475613, 0.0002475860361475613, 0.0002475860361475613]
outputs_edges[ 3 ]=[0, 0, 0, 0, 0, 0, 0, 0, 0, 0, 0, 0, 0, 0, 0, 0, 0, 0, 0, 0, 0, 0, 0, 0, 0, 0, 0, 0, 0, 0, 0, 0, 0, 0, 0, 0, 0, 0, 0, 0, 0, 0, 0, 0, 0, 0, 0, 0, 0]
--------------------------------------------
outputs[ 4 ]=[0.0, 0.0, 0.0, 0.0, 0.0, 0.0002475860361475613, 0.006437236939836593, 0.04134686803664273, 0.0876454567962367, 0.13815300817033918, 0.16984402079722705, 0.254518445159693, 0.3431542461005199, 0.3991086902698688, 0.42361970784847736, 0.44293141866798713, 0.45506313443921764, 0.4743748452587274, 0.510769992572419, 0.5414706610547165, 0.5533547907897994, 0.5573161673681605, 0.5602871998019312, 0.561525129982669, 0.5620203020549641, 0.5632582322357019, 0.5687051250309483, 0.5847982173805397, 0.599900965585541, 0.6283733597425105, 0.668729883634563, 0.6905174548155484, 0.707105719237435, 0.713295370141124, 0.7177519187917801, 0.7207229512255509, 0.7231988115870265, 0.7261698440207972, 0.7281505323099777, 0.7286457043822728, 0.7293884624907155, 0.7301312205991582, 0.7306263926714534, 0.7308739787076008, 0.7311215647437485, 0.7311215647437485, 0.7311215647437485, 0.7311215647437485, 0.7311215647437485]
outputs_edges[ 4 ]=[0, 0, 0, 0, 2425, 4850, 8530, 14384, 20238, 26092, 31040, 36218, 41396, 45304, 47957, 49602, 50916, 52230, 52709, 53188, 53188, 53188, 53188, 53188, 53188, 53527, 53866, 54205, 54544, 54883, 55222, 55561, 55561, 55561, 55561, 55561, 55561, 55561, 55561, 55561, 55561, 55561, 55561, 55561, 55561, 55561, 55561, 55561, 55561]
--------------------------------------------
outputs[ 5 ]=[0.0, 0.0, 0.0, 0.0, 0.0, 0.0002475860361475613, 0.0012379301807378064, 0.012379301807378064, 0.06313443921762812, 0.0812082198564001, 0.0888833869769745, 0.09581579598910621, 0.11042337212181233, 0.1413716266402575, 0.20004951720722952, 0.24238672938846248, 0.2673929190393662, 0.303045308244615, 0.34043079970289675, 0.3664273334983907, 0.3810349096310968, 0.38920524882396634, 0.39143352314929436, 0.3929190393661797, 0.39316662540232733, 0.39316662540232733, 0.39316662540232733, 0.39316662540232733, 0.39316662540232733, 0.39316662540232733, 0.39316662540232733, 0.39316662540232733, 0.39316662540232733, 0.39316662540232733, 0.39316662540232733, 0.39316662540232733, 0.39316662540232733, 0.39316662540232733, 0.39316662540232733, 0.39316662540232733, 0.39316662540232733, 0.39316662540232733, 0.39316662540232733, 0.39316662540232733, 0.39316662540232733, 0.39316662540232733, 0.39316662540232733, 0.39316662540232733, 0.39316662540232733]
outputs_edges[ 5 ]=[0, 0, 0, 0, 1255, 2510, 3765, 5351, 7945, 11374, 14803, 18232, 20885, 23538, 26191, 28844, 30489, 32134, 33448, 33927, 33927, 33927, 33927, 33927, 33927, 33927, 33927, 33927, 33927, 33927, 33927, 33927, 33927, 33927, 33927, 33927, 33927, 33927, 33927, 33927, 33927, 33927, 33927, 33927, 33927, 33927, 33927, 33927, 33927]
--------------------------------------------
outputs[ 6 ]=[0.0, 0.0, 0.0, 0.0, 0.0, 0.0002475860361475613, 0.0029710324337707352, 0.0351572171329537, 0.07551374102500619, 0.08541718247090864, 0.10448130725427086, 0.15177024015845506, 0.2045060658578856, 0.25055706858133203, 0.2659074028224808, 0.2718494676900223, 0.27407774201535035, 0.2760584303045308, 0.278781876702154, 0.28497152760584304, 0.30453082446150037, 0.35528596187175043, 0.40133696459519685, 0.4340183213666749, 0.45679623669225056, 0.4758603614756128, 0.48601138895766277, 0.4931913840059421, 0.49690517454815547, 0.498885862837336, 0.5003713790542214, 0.5013617231988116, 0.5018568952711067, 0.5021044813072543, 0.5021044813072543, 0.5021044813072543, 0.5021044813072543, 0.5021044813072543, 0.5021044813072543, 0.5021044813072543, 0.5021044813072543, 0.5021044813072543, 0.5021044813072543, 0.5021044813072543, 0.5021044813072543, 0.5021044813072543, 0.5021044813072543, 0.5021044813072543, 0.5021044813072543]
outputs_edges[ 6 ]=[0, 0, 0, 0, 1255, 2510, 4606, 7706, 11137, 14568, 17999, 21430, 23606, 25782, 25782, 25782, 25782, 26306, 26830, 27354, 27878, 28402, 28926, 29450, 29974, 29974, 29974, 29974, 29974, 29974, 29974, 29974, 29974, 29974, 29974, 29974, 29974, 29974, 29974, 29974, 29974, 29974, 29974, 29974, 29974, 29974, 29974, 29974, 29974]
--------------------------------------------
outputs[ 7 ]=[0.0, 0.0, 0.0, 0.0, 0.0, 0.0002475860361475613, 0.0009903441445902451, 0.0019806882891804903, 0.002723446397623174, 0.0029710324337707352, 0.0029710324337707352, 0.0032186184699182965, 0.0032186184699182965, 0.0032186184699182965, 0.0032186184699182965, 0.0032186184699182965, 0.0032186184699182965, 0.0032186184699182965, 0.0032186184699182965, 0.0032186184699182965, 0.0032186184699182965, 0.0032186184699182965, 0.0032186184699182965, 0.0032186184699182965, 0.0032186184699182965, 0.0032186184699182965, 0.0032186184699182965, 0.0032186184699182965, 0.0032186184699182965, 0.0032186184699182965, 0.0032186184699182965, 0.0032186184699182965, 0.0032186184699182965, 0.0032186184699182965, 0.0032186184699182965, 0.0032186184699182965, 0.0032186184699182965, 0.0032186184699182965, 0.0032186184699182965, 0.0032186184699182965, 0.0032186184699182965, 0.0032186184699182965, 0.0032186184699182965, 0.0032186184699182965, 0.0032186184699182965, 0.0032186184699182965, 0.0032186184699182965, 0.0032186184699182965, 0.0032186184699182965]
outputs_edges[ 7 ]=[0, 0, 0, 0, 0, 0, 0, 0, 0, 0, 0, 0, 0, 0, 0, 0, 0, 0, 0, 0, 0, 0, 0, 0, 0, 0, 0, 0, 0, 0, 0, 0, 0, 0, 0, 0, 0, 0, 0, 0, 0, 0, 0, 0, 0, 0, 0, 0, 0]
--------------------------------------------
outputs[ 8 ]=[0.0, 0.0, 0.0, 0.0, 0.0, 0.0002475860361475613, 0.0012379301807378064, 0.00965585540975489, 0.0230255013617232, 0.0351572171329537, 0.04679376083188908, 0.06957167615746472, 0.09928200049517208, 0.1265164644714038, 0.17231988115870264, 0.2666501609309235, 0.33349839069076503, 0.3689031938598663, 0.38920524882396634, 0.40059420648675415, 0.4052983411735578, 0.40826937360732857, 0.4100024758603615, 0.4104976479326566, 0.4104976479326566, 0.4104976479326566, 0.4104976479326566, 0.4104976479326566, 0.4104976479326566, 0.4104976479326566, 0.4104976479326566, 0.4104976479326566, 0.4104976479326566, 0.4104976479326566, 0.4104976479326566, 0.4104976479326566, 0.4104976479326566, 0.4104976479326566, 0.4104976479326566, 0.4104976479326566, 0.4104976479326566, 0.4104976479326566, 0.4104976479326566, 0.4104976479326566, 0.4104976479326566, 0.4104976479326566, 0.4104976479326566, 0.4104976479326566, 0.4104976479326566]
outputs_edges[ 8 ]=[0, 0, 0, 0, 0, 0, 0, 376, 752, 3870, 6988, 10106, 13224, 16342, 19460, 22578, 25651, 27469, 27469, 27469, 27469, 27469, 27469, 27469, 27469, 27469, 27469, 27469, 27469, 27469, 27469, 27469, 27469, 27469, 27469, 27469, 27469, 27469, 27469, 27469, 27469, 27469, 27469, 27469, 27469, 27469, 27469, 27469, 27469]
--------------------------------------------
outputs[ 9 ]=[0.0, 0.0, 0.0, 0.0, 0.0, 0.0002475860361475613, 0.0007427581084426838, 0.0012379301807378064, 0.0017331022530329288, 0.0037137905422134194, 0.009160683337459768, 0.027482050012379303, 0.057439960386234216, 0.12626887843525625, 0.18247090864075266, 0.21911364199059172, 0.23892052488239662, 0.2488239663282991, 0.2572418915573162, 0.26046051002723447, 0.2629363703887101, 0.264669472641743, 0.26615498885862837, 0.26813567714780884, 0.27061153750928446, 0.27407774201535035, 0.28373359742510523, 0.3114632334736321, 0.3466204506065858, 0.3810349096310968, 0.4174300569447883, 0.42857142857142855, 0.43500866551126516, 0.4369893538004457, 0.43822728398118344, 0.4387224560534786, 0.4387224560534786, 0.4387224560534786, 0.4387224560534786, 0.4387224560534786, 0.4387224560534786, 0.4387224560534786, 0.4387224560534786, 0.4387224560534786, 0.4387224560534786, 0.4387224560534786, 0.4387224560534786, 0.4387224560534786, 0.4387224560534786]
outputs_edges[ 9 ]=[0, 0, 0, 0, 0, 0, 0, 0, 995, 4098, 7582, 11066, 14550, 18034, 21518, 24007, 24007, 24007, 24007, 24007, 24007, 24007, 24007, 24007, 24512, 25311, 26110, 26909, 27708, 28507, 29306, 29306, 29306, 29306, 29306, 29306, 29306, 29306, 29306, 29306, 29306, 29306, 29306, 29306, 29306, 29306, 29306, 29306, 29306]
--------------------------------------------
avg_output=[0.0, 0.0, 0.0, 0.0, 0.0, 0.0002475860361475613, 0.0016340678385739047, 0.0111166130230255, 0.0264669472641743, 0.03585045803416687, 0.04414459024511018, 0.06892795246348107, 0.09816786333250804, 0.12621936122802674, 0.15097796484278286, 0.17338450111413717, 0.18769497400346624, 0.1988115870264917, 0.20968061401336965, 0.21757860856647687, 0.22300074275810844, 0.23000742758108444, 0.23562763060163405, 0.23946521416192126, 0.24221341916315922, 0.24498638276801188, 0.24902203515721713, 0.25766278781876706, 0.2658826442188661, 0.2740529834117356, 0.2831393909383511, 0.2879920772468433, 0.29185441941074525, 0.29418172815053234, 0.29658331270116367, 0.2990839316662541, 0.30074275810844275, 0.301931171081951, 0.3023273087397871, 0.3025748947759347, 0.30269868779400844, 0.30282248081208224, 0.302946273830156, 0.3030205496410002, 0.303045308244615, 0.303045308244615, 0.303045308244615, 0.303045308244615, 0.303045308244615]
avg_output_edges=[0.0, 0.0, 0.0, 0.0, 493.5, 987.0, 1690.1, 3044.9, 4717.2, 6958.0, 9110.0, 11285.0, 13256.9, 15101.8, 16603.6, 17594.1, 18197.3, 18727.4, 18959.1, 19107.3, 19159.7, 19212.1, 19264.5, 19364.8, 19515.6, 19713.6, 19911.6, 20114.1, 20316.6, 20519.1, 20721.6, 20796.3, 20800.8, 20805.3, 20809.8, 20809.8, 20809.8, 20809.8, 20809.8, 20809.8, 20809.8, 20809.8, 20809.8, 20809.8, 20809.8, 20809.8, 20809.8, 20809.8, 20809.8]
