outputs[ 0 ]=[0.0, 0.0, 0.0, 0.0, 0.0, 0.0002475860361475613, 0.0004951720722951226, 0.0004951720722951226, 0.0004951720722951226, 0.0007427581084426838, 0.0022282743253280515, 0.009408269373607328, 0.045060658578856154, 0.15895023520673435, 0.21688536766526367, 0.23372121812329785, 0.24585293389452834, 0.2560039613765784, 0.25971775191879176, 0.2621936122802674, 0.2634315424610052, 0.26442188660559546, 0.26565981678633327, 0.2668977469670711, 0.27283981183461253, 0.28719980193117106, 0.29883634563010647, 0.34563010646199555, 0.41495419658331273, 0.4548155484030701, 0.4684327803911859, 0.4805644961624164, 0.48749690517454813, 0.49269621193364693, 0.49591483040356527, 0.4976479326565982, 0.49789551869274573, 0.49789551869274573, 0.49789551869274573, 0.49789551869274573, 0.49789551869274573, 0.49789551869274573, 0.49789551869274573]
outputs_edges[ 0 ]=[0, 0, 0, 0, 0, 0, 0, 0, 0, 3100, 6200, 9300, 12400, 15500, 18600, 18600, 18600, 18600, 18600, 18600, 18600, 18600, 18600, 18600, 21051, 23502, 25953, 28404, 30855, 30855, 30855, 30855, 30855, 30855, 30855, 30855, 30855, 30855, 30855, 30855, 30855, 30855, 30855]
--------------------------------------------
outputs[ 1 ]=[0.0, 0.0, 0.0, 0.0, 0.0, 0.0002475860361475613, 0.0009903441445902451, 0.0014855162168853676, 0.0029710324337707352, 0.010646199554345134, 0.025253775687051252, 0.03441445902451102, 0.038128249566724434, 0.039613765783609804, 0.040356523892052486, 0.04060410992820005, 0.04085169596434761, 0.04085169596434761, 0.041099282000495174, 0.041099282000495174, 0.041099282000495174, 0.041099282000495174, 0.041099282000495174, 0.041099282000495174, 0.041099282000495174, 0.041099282000495174, 0.041099282000495174, 0.041099282000495174, 0.041099282000495174, 0.041099282000495174, 0.041099282000495174, 0.041099282000495174, 0.041099282000495174, 0.041099282000495174, 0.041099282000495174, 0.041099282000495174, 0.041099282000495174, 0.041099282000495174, 0.041099282000495174, 0.041099282000495174, 0.041099282000495174, 0.041099282000495174, 0.041099282000495174]
outputs_edges[ 1 ]=[0, 0, 0, 0, 0, 0, 0, 0, 0, 0, 0, 0, 0, 0, 0, 0, 0, 0, 0, 0, 0, 0, 0, 0, 0, 0, 0, 0, 0, 0, 0, 0, 0, 0, 0, 0, 0, 0, 0, 0, 0, 0, 0]
--------------------------------------------
outputs[ 2 ]=[0.0, 0.0, 0.0, 0.0, 0.0, 0.0002475860361475613, 0.0012379301807378064, 0.0029710324337707352, 0.004208962614508541, 0.005199306759098787, 0.006189650903689032, 0.006684822975984155, 0.007427581084426839, 0.0076751671205743995, 0.007922753156721961, 0.007922753156721961, 0.007922753156721961, 0.007922753156721961, 0.007922753156721961, 0.007922753156721961, 0.007922753156721961, 0.007922753156721961, 0.007922753156721961, 0.007922753156721961, 0.007922753156721961, 0.007922753156721961, 0.007922753156721961, 0.007922753156721961, 0.007922753156721961, 0.007922753156721961, 0.007922753156721961, 0.007922753156721961, 0.007922753156721961, 0.007922753156721961, 0.007922753156721961, 0.007922753156721961, 0.007922753156721961, 0.007922753156721961, 0.007922753156721961, 0.007922753156721961, 0.007922753156721961, 0.007922753156721961, 0.007922753156721961]
outputs_edges[ 2 ]=[0, 0, 0, 0, 0, 0, 0, 0, 0, 0, 0, 0, 0, 0, 0, 0, 0, 0, 0, 0, 0, 0, 0, 0, 0, 0, 0, 0, 0, 0, 0, 0, 0, 0, 0, 0, 0, 0, 0, 0, 0, 0, 0]
--------------------------------------------
outputs[ 3 ]=[0.0, 0.0, 0.0, 0.0, 0.0, 0.0002475860361475613, 0.0037137905422134194, 0.01733102253032929, 0.02574894775934637, 0.07254270859123546, 0.14112404060410993, 0.1700916068333746, 0.19485021044813072, 0.254518445159693, 0.30155979202772965, 0.33721218123297847, 0.4028224808120822, 0.4421886605595444, 0.4657093339935628, 0.47511760336717007, 0.4822975984154494, 0.48551621688536767, 0.4872493191384006, 0.48749690517454813, 0.48823966328299084, 0.4889824213914335, 0.48997276553602376, 0.4902203515721713, 0.4902203515721713, 0.4902203515721713, 0.4902203515721713, 0.4902203515721713, 0.4902203515721713, 0.4902203515721713, 0.4902203515721713, 0.4902203515721713, 0.4902203515721713, 0.4902203515721713, 0.4902203515721713, 0.4902203515721713, 0.4902203515721713, 0.4902203515721713, 0.4902203515721713]
outputs_edges[ 3 ]=[0, 0, 0, 0, 0, 0, 2518, 5036, 7554, 11079, 14604, 19004, 22742, 26480, 28894, 31269, 32388, 32388, 32388, 32388, 32388, 32388, 32388, 32388, 32388, 32388, 32388, 32388, 32388, 32388, 32388, 32388, 32388, 32388, 32388, 32388, 32388, 32388, 32388, 32388, 32388, 32388, 32388]
--------------------------------------------
outputs[ 4 ]=[0.0, 0.0, 0.0, 0.0, 0.0, 0.0002475860361475613, 0.0022282743253280515, 0.00965585540975489, 0.01955929685565734, 0.04456548650656103, 0.07625649913344887, 0.09185441941074524, 0.10670958157959891, 0.13963852438722457, 0.1923743500866551, 0.21317157712305027, 0.22926466947264174, 0.2508046546174796, 0.28150532309977716, 0.29363703887100767, 0.3357266650160931, 0.39613765783609806, 0.42436246595692, 0.43971280019806885, 0.44590245110175786, 0.44813072542708593, 0.44912106957167613, 0.44986382768011884, 0.4506065857885615, 0.4506065857885615, 0.4506065857885615, 0.4506065857885615, 0.4506065857885615, 0.4506065857885615, 0.4506065857885615, 0.4506065857885615, 0.4506065857885615, 0.4506065857885615, 0.4506065857885615, 0.4506065857885615, 0.4506065857885615, 0.4506065857885615, 0.4506065857885615]
outputs_edges[ 4 ]=[0, 0, 0, 0, 0, 0, 0, 0, 0, 1681, 4366, 7051, 9736, 12421, 15106, 18085, 21498, 23653, 25808, 27585, 28358, 29131, 29131, 29131, 29131, 29131, 29131, 29131, 29131, 29131, 29131, 29131, 29131, 29131, 29131, 29131, 29131, 29131, 29131, 29131, 29131, 29131, 29131]
--------------------------------------------
outputs[ 5 ]=[0.0, 0.0, 0.0, 0.0, 0.0, 0.0002475860361475613, 0.0014855162168853676, 0.014112404060410992, 0.08739787076008913, 0.1643971280019807, 0.22357019064124783, 0.2864570438227284, 0.3458776924981431, 0.4055459272097054, 0.43005694478831397, 0.4404555583065115, 0.4431790047041347, 0.4451596929933152, 0.44664520921020057, 0.44763555335479077, 0.4483783114632335, 0.44936865560782374, 0.4506065857885615, 0.45382520425847983, 0.4592720970537262, 0.4815548403070067, 0.5199306759098787, 0.5422134191631592, 0.5610299579103738, 0.5949492448625897, 0.6070809606338202, 0.6127754394652142, 0.6157464718989849, 0.6174795741520178, 0.6179747462243129, 0.6179747462243129, 0.6182223322604605, 0.6182223322604605, 0.6182223322604605, 0.6182223322604605, 0.6182223322604605, 0.6182223322604605, 0.6182223322604605]
outputs_edges[ 5 ]=[0, 0, 0, 0, 0, 3517, 7034, 11821, 17763, 23705, 29647, 35589, 39890, 39890, 39890, 39890, 39890, 39890, 39890, 39890, 39890, 39890, 39890, 39890, 41043, 42196, 43349, 43349, 43349, 43349, 43349, 43349, 43349, 43349, 43349, 43349, 43349, 43349, 43349, 43349, 43349, 43349, 43349]
--------------------------------------------
outputs[ 6 ]=[0.0, 0.0, 0.0, 0.0, 0.0, 0.0002475860361475613, 0.0004951720722951226, 0.009160683337459768, 0.07006684822975984, 0.14657093339935628, 0.26194602624411983, 0.36964595196830896, 0.41891557316167366, 0.4610051993067591, 0.5003713790542214, 0.5278534290666006, 0.5484030700668482, 0.55533547907898, 0.5597920277296361, 0.5620203020549641, 0.5632582322357019, 0.5706858133201288, 0.5966823471156226, 0.6090616489230007, 0.6137657836098044, 0.6150037137905422, 0.6157464718989849, 0.6159940579351325, 0.6159940579351325, 0.6159940579351325, 0.6159940579351325, 0.6159940579351325, 0.6159940579351325, 0.6159940579351325, 0.6159940579351325, 0.6159940579351325, 0.6159940579351325, 0.6159940579351325, 0.6159940579351325, 0.6159940579351325, 0.6159940579351325, 0.6159940579351325, 0.6159940579351325]
outputs_edges[ 6 ]=[0, 0, 0, 0, 0, 4733, 10621, 16509, 22895, 29281, 35667, 40794, 45921, 48889, 48889, 48889, 48889, 48889, 48889, 48889, 48889, 48889, 48889, 48889, 48889, 48889, 48889, 48889, 48889, 48889, 48889, 48889, 48889, 48889, 48889, 48889, 48889, 48889, 48889, 48889, 48889, 48889, 48889]
--------------------------------------------
outputs[ 7 ]=[0.0, 0.0, 0.0, 0.0, 0.0, 0.0002475860361475613, 0.006437236939836593, 0.05644961624164397, 0.09754889824213914, 0.1240406041099282, 0.14978955186927456, 0.18247090864075266, 0.2703639514731369, 0.35701906412478335, 0.41891557316167366, 0.45110175786085666, 0.46991829660807133, 0.4815548403070067, 0.4892300074275811, 0.49913344887348354, 0.5018568952711067, 0.502847239415697, 0.5035899975241397, 0.5035899975241397, 0.5035899975241397, 0.5035899975241397, 0.5035899975241397, 0.5035899975241397, 0.5035899975241397, 0.5035899975241397, 0.5035899975241397, 0.5035899975241397, 0.5035899975241397, 0.5035899975241397, 0.5035899975241397, 0.5035899975241397, 0.5035899975241397, 0.5035899975241397, 0.5035899975241397, 0.5035899975241397, 0.5035899975241397, 0.5035899975241397, 0.5035899975241397]
outputs_edges[ 7 ]=[0, 0, 0, 0, 0, 2425, 4850, 8533, 13650, 18702, 23754, 28557, 33360, 38163, 41696, 41696, 41696, 41696, 41696, 41696, 41696, 41696, 41696, 41696, 41696, 41696, 41696, 41696, 41696, 41696, 41696, 41696, 41696, 41696, 41696, 41696, 41696, 41696, 41696, 41696, 41696, 41696, 41696]
--------------------------------------------
outputs[ 8 ]=[0.0, 0.0, 0.0, 0.0, 0.0, 0.0002475860361475613, 0.0017331022530329288, 0.0049517207229512255, 0.012626887843525626, 0.032433770735330526, 0.06239168110918544, 0.08838821490467938, 0.10398613518197573, 0.11983164149541965, 0.19262193612280268, 0.26764050507551373, 0.3203763307749443, 0.3664273334983907, 0.4186679871255261, 0.4506065857885615, 0.46719485021044815, 0.4748700173310225, 0.48081208219856403, 0.48477345877692496, 0.48551621688536767, 0.48650656102995793, 0.4872493191384006, 0.48873483535528595, 0.5016093092349592, 0.5290913592473384, 0.5375092844763555, 0.5407279029462738, 0.5419658331270116, 0.5429561772716018, 0.5429561772716018, 0.5432037633077494, 0.5454320376330775, 0.547412725922258, 0.5476603119584056, 0.5476603119584056, 0.5476603119584056, 0.5476603119584056, 0.5476603119584056]
outputs_edges[ 8 ]=[0, 0, 0, 0, 0, 0, 0, 0, 0, 1625, 4254, 7724, 11194, 15143, 18765, 22342, 25919, 29496, 31820, 31820, 31820, 31820, 31820, 31820, 31820, 31820, 31820, 31820, 31820, 31820, 31820, 31820, 31820, 31820, 31820, 31820, 31820, 31820, 31820, 31820, 31820, 31820, 31820]
--------------------------------------------
outputs[ 9 ]=[0.0, 0.0, 0.0, 0.0, 0.0, 0.0002475860361475613, 0.0004951720722951226, 0.0012379301807378064, 0.004208962614508541, 0.01138895766278782, 0.03664273334983907, 0.09581579598910621, 0.1936122802673929, 0.260708096063382, 0.2993315177024016, 0.347610794751176, 0.40455558306511513, 0.46026244119831644, 0.49839069076504083, 0.5219113641990591, 0.5345382520425848, 0.5384996286209458, 0.5407279029462738, 0.5412230750185689, 0.5414706610547165, 0.541718247090864, 0.541718247090864, 0.541718247090864, 0.541718247090864, 0.541718247090864, 0.541718247090864, 0.541718247090864, 0.541718247090864, 0.541718247090864, 0.541718247090864, 0.541718247090864, 0.541718247090864, 0.541718247090864, 0.541718247090864, 0.541718247090864, 0.541718247090864, 0.541718247090864, 0.541718247090864]
outputs_edges[ 9 ]=[0, 0, 0, 0, 0, 0, 0, 0, 2411, 4822, 8070, 12367, 16664, 20961, 24779, 26665, 28551, 30437, 30437, 30437, 30437, 30437, 30437, 30437, 30437, 30437, 30437, 30437, 30437, 30437, 30437, 30437, 30437, 30437, 30437, 30437, 30437, 30437, 30437, 30437, 30437, 30437, 30437]
--------------------------------------------
avg_output=[0.0, 0.0, 0.0, 0.0, 0.0, 0.0002475860361475613, 0.0019311710819509783, 0.011785095320623917, 0.03248328794256004, 0.06125278534290666, 0.09853924238672938, 0.13352314929437978, 0.17249319138400593, 0.2204506065857886, 0.2600396137657836, 0.28672938846249074, 0.31131468185194355, 0.33065115127506806, 0.34686803664273336, 0.35612775439465205, 0.36457043822728397, 0.37313691507798963, 0.37987125526120324, 0.38356028719980195, 0.3859618717504333, 0.3901708343649418, 0.39551869274572915, 0.4026986877940084, 0.41287447387967313, 0.4230007427581084, 0.4264174300569447, 0.42852191136419904, 0.42963604852686305, 0.4304283238425352, 0.43079970289675656, 0.43099777172567466, 0.431270116365437, 0.431468185194355, 0.4314929437979697, 0.4314929437979697, 0.4314929437979697, 0.4314929437979697, 0.4314929437979697]
avg_output_edges=[0.0, 0.0, 0.0, 0.0, 0.0, 1067.5, 2502.3, 4189.9, 6427.3, 9399.5, 12656.2, 16038.6, 19190.7, 21744.7, 23661.9, 24743.6, 25743.1, 26504.9, 26952.8, 27130.5, 27207.8, 27285.1, 27285.1, 27285.1, 27645.5, 28005.9, 28366.3, 28611.4, 28856.5, 28856.5, 28856.5, 28856.5, 28856.5, 28856.5, 28856.5, 28856.5, 28856.5, 28856.5, 28856.5, 28856.5, 28856.5, 28856.5, 28856.5]
