outputs[ 0 ]=[0.0, 0.0, 0.0, 0.0, 0.0, 0.0002475860361475613, 0.0004951720722951226, 0.0009903441445902451, 0.0034662045060658577, 0.013122059915820748, 0.03317652884377321, 0.055954444169348846, 0.07155236444664521, 0.07848477345877693, 0.08071304778410497, 0.08195097796484278, 0.0824461500371379, 0.08294132210943303, 0.08294132210943303, 0.0831889081455806, 0.0831889081455806, 0.0831889081455806, 0.0831889081455806, 0.0831889081455806, 0.0831889081455806]
outputs_edges[ 0 ]=[0, 0, 0, 0, 0, 802, 1604, 2406, 3208, 4010, 4812, 5614, 6416, 7218, 7218, 7218, 7218, 7218, 7218, 7218, 7218, 7218, 7218, 7218, 7218]
--------------------------------------------
outputs[ 1 ]=[0.0, 0.0, 0.0, 0.0, 0.0, 0.0002475860361475613, 0.002723446397623174, 0.012626887843525626, 0.022282743253280515, 0.029710324337707355, 0.0351572171329537, 0.03664273334983907, 0.038128249566724434, 0.03911859371131468, 0.03986135181975736, 0.04010893785590493, 0.04060410992820005, 0.04060410992820005, 0.04060410992820005, 0.04060410992820005, 0.04060410992820005, 0.04060410992820005, 0.04060410992820005, 0.04060410992820005, 0.04060410992820005]
outputs_edges[ 1 ]=[0, 0, 0, 7, 14, 21, 28, 35, 42, 49, 56, 56, 56, 56, 56, 56, 56, 56, 56, 56, 56, 56, 56, 56, 56]
--------------------------------------------
outputs[ 2 ]=[0.0, 0.0, 0.0, 0.0, 0.0, 0.0002475860361475613, 0.0007427581084426838, 0.003961376578360981, 0.014855162168853677, 0.025996533795493933, 0.03862342163901956, 0.06561029957910373, 0.0722951225550879, 0.07402822480812082, 0.07427581084426839, 0.07427581084426839, 0.07427581084426839, 0.07427581084426839, 0.07427581084426839, 0.07427581084426839, 0.07427581084426839, 0.07427581084426839, 0.07427581084426839, 0.07427581084426839, 0.07427581084426839]
outputs_edges[ 2 ]=[0, 0, 0, 0, 1000, 2000, 3000, 4000, 5000, 6000, 7000, 8000, 8000, 8000, 8000, 8000, 8000, 8000, 8000, 8000, 8000, 8000, 8000, 8000, 8000]
--------------------------------------------
outputs[ 3 ]=[0.0, 0.0, 0.0, 0.0, 0.0, 0.0002475860361475613, 0.0007427581084426838, 0.0022282743253280515, 0.006932409012131715, 0.026244119831641495, 0.1265164644714038, 0.15498885862837336, 0.16167368160435752, 0.16513988611042338, 0.16662540232730874, 0.16712057439960387, 0.16761574647189897, 0.16786333250804655, 0.16786333250804655, 0.16786333250804655, 0.16786333250804655, 0.16786333250804655, 0.16786333250804655, 0.16786333250804655, 0.16786333250804655]
outputs_edges[ 3 ]=[0, 0, 0, 0, 0, 2425, 4850, 7275, 9700, 12125, 14550, 16975, 18245, 18245, 18245, 18245, 18245, 18245, 18245, 18245, 18245, 18245, 18245, 18245, 18245]
--------------------------------------------
outputs[ 4 ]=[0.0, 0.0, 0.0, 0.0, 0.0, 0.0002475860361475613, 0.0007427581084426838, 0.0022282743253280515, 0.014855162168853677, 0.05248823966328299, 0.06239168110918544, 0.06882891804902204, 0.076751671205744, 0.08417925229017083, 0.08962614508541718, 0.09185441941074524, 0.09234959148304035, 0.09358752166377816, 0.09457786580836841, 0.09532062391681109, 0.09532062391681109, 0.09532062391681109, 0.09532062391681109, 0.09532062391681109, 0.09532062391681109]
outputs_edges[ 4 ]=[0, 0, 0, 0, 1270, 2540, 3810, 5080, 6350, 7620, 8890, 10160, 11430, 12700, 13970, 13970, 13970, 13970, 13970, 13970, 13970, 13970, 13970, 13970, 13970]
--------------------------------------------
outputs[ 5 ]=[0.0, 0.0, 0.0, 0.0, 0.0, 0.0002475860361475613, 0.0024758603614756128, 0.011141371626640258, 0.02277791532557564, 0.02723446397623174, 0.030700668482297598, 0.035652389205248824, 0.038375835602872, 0.040356523892052486, 0.041842040108937856, 0.041842040108937856, 0.041842040108937856, 0.042089626145085414, 0.042089626145085414, 0.042089626145085414, 0.042089626145085414, 0.042089626145085414, 0.042089626145085414, 0.042089626145085414, 0.042089626145085414]
outputs_edges[ 5 ]=[0, 0, 0, 7, 14, 21, 28, 35, 42, 49, 56, 63, 63, 63, 63, 63, 63, 63, 63, 63, 63, 63, 63, 63, 63]
--------------------------------------------
outputs[ 6 ]=[0.0, 0.0, 0.0, 0.0, 0.0, 0.0002475860361475613, 0.015845506313443922, 0.05397375588016836, 0.05694478831393909, 0.057687546422381775, 0.05843030453082446, 0.05843030453082446, 0.05843030453082446, 0.05843030453082446, 0.05843030453082446, 0.05843030453082446, 0.05843030453082446, 0.05843030453082446, 0.05843030453082446, 0.05843030453082446, 0.05843030453082446, 0.05843030453082446, 0.05843030453082446, 0.05843030453082446, 0.05843030453082446]
outputs_edges[ 6 ]=[0, 0, 906, 1812, 2718, 3624, 4530, 5436, 5436, 5436, 5436, 5436, 5436, 5436, 5436, 5436, 5436, 5436, 5436, 5436, 5436, 5436, 5436, 5436, 5436]
--------------------------------------------
outputs[ 7 ]=[0.0, 0.0, 0.0, 0.0, 0.0, 0.0002475860361475613, 0.003961376578360981, 0.02698687794008418, 0.043575142361970784, 0.05942064867541471, 0.09482545184451598, 0.12503094825451844, 0.13815300817033918, 0.14756127754394652, 0.1552364446645209, 0.15845506313443922, 0.1604357514236197, 0.16216885367665262, 0.16216885367665262, 0.16216885367665262, 0.16216885367665262, 0.16216885367665262, 0.16216885367665262, 0.16216885367665262, 0.16216885367665262]
outputs_edges[ 7 ]=[0, 0, 0, 294, 588, 1361, 2134, 2907, 3680, 4453, 5226, 5705, 6184, 6663, 7142, 7142, 7142, 7142, 7142, 7142, 7142, 7142, 7142, 7142, 7142]
--------------------------------------------
outputs[ 8 ]=[0.0, 0.0, 0.0, 0.0, 0.0, 0.0002475860361475613, 0.0029710324337707352, 0.02327308739787076, 0.043575142361970784, 0.09111166130230255, 0.15077989601386482, 0.1752909135924734, 0.22456053478583807, 0.2876949740034662, 0.32508046546174796, 0.3490963109680614, 0.3624659569200297, 0.3689031938598663, 0.3745976726912602, 0.37831146323347364, 0.37954939341421146, 0.3802921515226541, 0.38128249566724437, 0.38128249566724437, 0.38128249566724437]
outputs_edges[ 8 ]=[0, 0, 0, 1004, 2008, 4265, 6522, 10102, 14009, 17916, 21823, 25730, 28633, 30283, 31933, 33256, 34579, 35061, 35543, 35543, 35543, 35543, 35543, 35543, 35543]
--------------------------------------------
outputs[ 9 ]=[0.0, 0.0, 0.0, 0.0, 0.0, 0.0002475860361475613, 0.0019806882891804903, 0.02896756622926467, 0.056697202277791535, 0.07080960633820252, 0.08096063382025254, 0.08615994057935132, 0.08863580094082693, 0.09160683337459767, 0.09259717751918792, 0.09284476355533548, 0.09284476355533548, 0.09284476355533548, 0.09284476355533548, 0.09284476355533548, 0.09284476355533548, 0.09284476355533548, 0.09284476355533548, 0.09284476355533548, 0.09284476355533548]
outputs_edges[ 9 ]=[0, 0, 0, 1270, 2540, 3810, 5080, 6350, 7620, 8890, 10160, 11430, 11430, 11430, 11430, 11430, 11430, 11430, 11430, 11430, 11430, 11430, 11430, 11430, 11430]
--------------------------------------------
avg_output=[0.0, 0.0, 0.0, 0.0, 0.0, 0.0002475860361475613, 0.0032681356771478093, 0.016637781629116118, 0.028596187175043326, 0.045382520425847984, 0.0711562267888091, 0.08625897499381034, 0.09685565734092597, 0.10666006437236941, 0.11242881901460758, 0.11559792027729636, 0.1173310225303293, 0.11837088388214904, 0.11903936617974746, 0.11950977964842784, 0.11963357266650163, 0.11970784847734588, 0.11980688289180493, 0.11980688289180493, 0.11980688289180493]
avg_output_edges=[0.0, 0.0, 90.6, 439.4, 1015.2, 2086.9, 3158.6, 4362.6, 5508.7, 6654.8, 7800.9, 8916.9, 9589.3, 10009.4, 10349.3, 10481.6, 10613.9, 10662.1, 10710.3, 10710.3, 10710.3, 10710.3, 10710.3, 10710.3, 10710.3]
