outputs[ 0 ]=[0.0, 0.0, 0.0, 0.0, 0.0, 0.0002475860361475613, 0.0024758603614756128, 0.016588264421886604, 0.02500618965090369, 0.06858133201287447, 0.1369150779896014, 0.1567219608814063, 0.17677642980935876, 0.24189155731616738, 0.2612032681356771, 0.27581084426838326, 0.31245357761822234, 0.41322109433027976, 0.5258727407774202, 0.5976726912602129, 0.6479326565981679, 0.6833374597672691, 0.7036395147313691, 0.7142857142857143, 0.7207229512255509, 0.7286457043822728, 0.753404307997029, 0.7749442931418667, 0.7806387719732607, 0.785590492696212, 0.7868284228769498, 0.7873235949492449, 0.78781876702154, 0.78781876702154, 0.78781876702154, 0.78781876702154, 0.78781876702154, 0.78781876702154, 0.78781876702154, 0.78781876702154, 0.78781876702154, 0.78781876702154, 0.78781876702154, 0.78781876702154, 0.78781876702154, 0.78781876702154, 0.78781876702154, 0.78781876702154, 0.78781876702154]
outputs_edges[ 0 ]=[0, 0, 0, 0, 0, 0, 0, 0, 0, 3488, 3488, 3488, 3488, 8884, 14280, 18352, 21166, 23980, 26794, 26794, 26794, 26794, 26794, 26794, 26794, 26794, 26794, 26794, 26794, 26794, 26794, 26794, 26794, 26794, 26794, 26794, 26794, 26794, 26794, 26794, 26794, 26794, 26794, 26794, 26794, 26794, 26794, 26794, 26794]
--------------------------------------------
outputs[ 1 ]=[0.0, 0.0, 0.0, 0.0, 0.0, 0.0002475860361475613, 0.0032186184699182965, 0.016835850458034166, 0.05174548155484031, 0.15375092844763555, 0.2436246595692003, 0.28546669967813815, 0.34959148304035653, 0.39168110918544197, 0.46769002228274326, 0.49839069076504083, 0.5134934389700421, 0.5261203268135677, 0.5355285961871751, 0.5389948006932409, 0.5461747957415202, 0.5607823718742263, 0.5647437484525872, 0.565981678633325, 0.5664768507056201, 0.5664768507056201, 0.5667244367417678, 0.5667244367417678, 0.5667244367417678, 0.5667244367417678, 0.5667244367417678, 0.5667244367417678, 0.5667244367417678, 0.5667244367417678, 0.5667244367417678, 0.5667244367417678, 0.5667244367417678, 0.5667244367417678, 0.5667244367417678, 0.5667244367417678, 0.5667244367417678, 0.5667244367417678, 0.5667244367417678, 0.5667244367417678, 0.5667244367417678, 0.5667244367417678, 0.5667244367417678, 0.5667244367417678, 0.5667244367417678]
outputs_edges[ 1 ]=[0, 0, 0, 0, 0, 0, 3466, 7004, 11812, 17526, 23240, 28954, 32465, 32465, 32465, 32465, 32465, 32465, 32465, 32465, 32465, 32465, 32465, 32465, 32465, 32465, 32465, 32465, 32465, 32465, 32465, 32465, 32465, 32465, 32465, 32465, 32465, 32465, 32465, 32465, 32465, 32465, 32465, 32465, 32465, 32465, 32465, 32465, 32465]
--------------------------------------------
outputs[ 2 ]=[0.0, 0.0, 0.0, 0.0, 0.0, 0.0002475860361475613, 0.0012379301807378064, 0.0037137905422134194, 0.006684822975984155, 0.02500618965090369, 0.0581827184946769, 0.12354543203763307, 0.22035157217132953, 0.25105224065362713, 0.27333498390690764, 0.2832384253528101, 0.29363703887100767, 0.3119584055459272, 0.32631839564248577, 0.3362218370883882, 0.34959148304035653, 0.36741767764298094, 0.389948006932409, 0.45555830651151275, 0.5308244615003713, 0.5865313196335726, 0.6187175043327556, 0.6375340430799703, 0.6939836593216142, 0.7536518940331766, 0.7685070562020302, 0.7808863580094083, 0.7982173805397376, 0.8140628868531815, 0.8170339192869522, 0.8192621936122803, 0.8219856400099035, 0.8237187422629364, 0.8249566724436742, 0.8256994305521168, 0.8259470165882644, 0.8264421886605595, 0.8264421886605595, 0.8264421886605595, 0.8266897746967071, 0.8269373607328546, 0.8271849467690022, 0.8271849467690022, 0.8271849467690022]
outputs_edges[ 2 ]=[0, 0, 0, 0, 0, 0, 0, 0, 3125, 6577, 10029, 13481, 13481, 13481, 13481, 13481, 13481, 13481, 13481, 13481, 13481, 14633, 15785, 16937, 20265, 23593, 23593, 23593, 23593, 23593, 23593, 23593, 23593, 23593, 23593, 23593, 23593, 23593, 23593, 23593, 23593, 23593, 23593, 23593, 23593, 23593, 23593, 23593, 23593]
--------------------------------------------
outputs[ 3 ]=[0.0, 0.0, 0.0, 0.0, 0.0, 0.0002475860361475613, 0.0037137905422134194, 0.02550136172319881, 0.047288932904184205, 0.08269373607328546, 0.13072542708591237, 0.1515226541223075, 0.16464471403812825, 0.1790047041346868, 0.24511017578608565, 0.3426590740282248, 0.4473879673186432, 0.5382520425847982, 0.5771230502599654, 0.6088140628868531, 0.6387719732607081, 0.6533795493934142, 0.6660064372369399, 0.6796236692250557, 0.6949740034662045, 0.7113146818519436, 0.7231988115870265, 0.7254270859123545, 0.7291408764545679, 0.7313691507798961, 0.7326070809606339, 0.7338450111413716, 0.7338450111413716, 0.7340925971775192, 0.7340925971775192, 0.7340925971775192, 0.7340925971775192, 0.7340925971775192, 0.7340925971775192, 0.7340925971775192, 0.7340925971775192, 0.7340925971775192, 0.7340925971775192, 0.7340925971775192, 0.7340925971775192, 0.7340925971775192, 0.7340925971775192, 0.7340925971775192, 0.7340925971775192]
outputs_edges[ 3 ]=[0, 0, 0, 0, 0, 0, 0, 0, 0, 0, 0, 4200, 10576, 16658, 22330, 28002, 33674, 37843, 37843, 37843, 37843, 37843, 37843, 37843, 37843, 37843, 37843, 37843, 37843, 37843, 37843, 37843, 37843, 37843, 37843, 37843, 37843, 37843, 37843, 37843, 37843, 37843, 37843, 37843, 37843, 37843, 37843, 37843, 37843]
--------------------------------------------
outputs[ 4 ]=[0.0, 0.0, 0.0, 0.0, 0.0, 0.0002475860361475613, 0.0017331022530329288, 0.004208962614508541, 0.005446892795246348, 0.007179995048279277, 0.01336964595196831, 0.026491705867789057, 0.036395147313691506, 0.042089626145085414, 0.08294132210943303, 0.14161921267640504, 0.18915573161673682, 0.20772468432780392, 0.23347363208715027, 0.2914087645456796, 0.3122059915820748, 0.34637286457043825, 0.39886110423372123, 0.46372864570438227, 0.509036890319386, 0.5605347858380787, 0.614013369645952, 0.658578856152513, 0.6838326318395642, 0.7001733102253033, 0.7120574399603863, 0.7189898489725179, 0.7224560534785838, 0.7249319138400594, 0.7350829413221094, 0.7605843030453082, 0.7707353305273582, 0.7766773953948998, 0.7781629116117851, 0.7791532557563754, 0.7796484278286705, 0.7803911859371131, 0.7803911859371131, 0.7803911859371131, 0.7803911859371131, 0.7803911859371131, 0.7803911859371131, 0.7803911859371131, 0.7803911859371131]
outputs_edges[ 4 ]=[0, 0, 0, 0, 0, 0, 0, 0, 0, 0, 0, 0, 0, 0, 0, 3737, 3737, 3737, 3737, 9083, 13105, 17172, 19916, 22660, 25404, 25404, 25404, 25404, 25404, 25404, 25404, 25404, 25404, 25404, 25404, 25404, 25404, 25404, 25404, 25404, 25404, 25404, 25404, 25404, 25404, 25404, 25404, 25404, 25404]
--------------------------------------------
outputs[ 5 ]=[0.0, 0.0, 0.0, 0.0, 0.0, 0.0002475860361475613, 0.0007427581084426838, 0.004456548650656103, 0.024263431542461005, 0.05248823966328299, 0.08269373607328546, 0.12453577618222332, 0.1470661054716514, 0.16390195592968557, 0.19336469423124536, 0.24981431047288932, 0.28719980193117106, 0.355533547907898, 0.45902451101757863, 0.5347858380787324, 0.6115375092844764, 0.6424857638029216, 0.6615498885862837, 0.674919534538252, 0.690765040851696, 0.7011636543698936, 0.7066105471651399, 0.709333993562763, 0.7113146818519436, 0.7128001980688289, 0.713295370141124, 0.7137905422134192, 0.7137905422134192, 0.7137905422134192, 0.7137905422134192, 0.7137905422134192, 0.7137905422134192, 0.7137905422134192, 0.7137905422134192, 0.7137905422134192, 0.7137905422134192, 0.7137905422134192, 0.7137905422134192, 0.7137905422134192, 0.7137905422134192, 0.7137905422134192, 0.7137905422134192, 0.7137905422134192, 0.7137905422134192]
outputs_edges[ 5 ]=[0, 0, 0, 0, 0, 0, 0, 0, 0, 0, 0, 0, 0, 4242, 9799, 15513, 21227, 26941, 31154, 35367, 35367, 35367, 35367, 35367, 35367, 35367, 35367, 35367, 35367, 35367, 35367, 35367, 35367, 35367, 35367, 35367, 35367, 35367, 35367, 35367, 35367, 35367, 35367, 35367, 35367, 35367, 35367, 35367, 35367]
--------------------------------------------
outputs[ 6 ]=[0.0, 0.0, 0.0, 0.0, 0.0, 0.0002475860361475613, 0.0049517207229512255, 0.04852686308492201, 0.11611785095320624, 0.14211438474870017, 0.16142609556820994, 0.18890814558058924, 0.2550136172319881, 0.27977222084674425, 0.3042832384253528, 0.3503342411487992, 0.44862589749938103, 0.5318148056449616, 0.588016835850458, 0.6296112899232483, 0.660807130477841, 0.6927457291408765, 0.7113146818519436, 0.7219608814062887, 0.7281505323099777, 0.7313691507798961, 0.7328546669967814, 0.7328546669967814, 0.7328546669967814, 0.7328546669967814, 0.7328546669967814, 0.7328546669967814, 0.7328546669967814, 0.7328546669967814, 0.7328546669967814, 0.7328546669967814, 0.7328546669967814, 0.7328546669967814, 0.7328546669967814, 0.7328546669967814, 0.7328546669967814, 0.7328546669967814, 0.7328546669967814, 0.7328546669967814, 0.7328546669967814, 0.7328546669967814, 0.7328546669967814, 0.7328546669967814, 0.7328546669967814]
outputs_edges[ 6 ]=[0, 0, 0, 0, 0, 0, 0, 0, 3802, 3802, 3802, 3802, 9088, 13149, 15952, 18755, 21558, 24361, 24361, 24361, 24361, 24361, 24361, 24361, 24361, 24361, 24361, 24361, 24361, 24361, 24361, 24361, 24361, 24361, 24361, 24361, 24361, 24361, 24361, 24361, 24361, 24361, 24361, 24361, 24361, 24361, 24361, 24361, 24361]
--------------------------------------------
outputs[ 7 ]=[0.0, 0.0, 0.0, 0.0, 0.0, 0.0002475860361475613, 0.0009903441445902451, 0.0024758603614756128, 0.004456548650656103, 0.006684822975984155, 0.0076751671205743995, 0.008170339192869523, 0.008170339192869523, 0.008170339192869523, 0.008170339192869523, 0.008170339192869523, 0.008170339192869523, 0.008170339192869523, 0.008170339192869523, 0.008170339192869523, 0.008170339192869523, 0.008170339192869523, 0.008170339192869523, 0.008170339192869523, 0.008170339192869523, 0.008170339192869523, 0.008170339192869523, 0.008170339192869523, 0.008170339192869523, 0.008170339192869523, 0.008170339192869523, 0.008170339192869523, 0.008170339192869523, 0.008170339192869523, 0.008170339192869523, 0.008170339192869523, 0.008170339192869523, 0.008170339192869523, 0.008170339192869523, 0.008170339192869523, 0.008170339192869523, 0.008170339192869523, 0.008170339192869523, 0.008170339192869523, 0.008170339192869523, 0.008170339192869523, 0.008170339192869523, 0.008170339192869523, 0.008170339192869523]
outputs_edges[ 7 ]=[0, 0, 0, 0, 0, 0, 0, 0, 0, 0, 0, 0, 0, 0, 0, 0, 0, 0, 0, 0, 0, 0, 0, 0, 0, 0, 0, 0, 0, 0, 0, 0, 0, 0, 0, 0, 0, 0, 0, 0, 0, 0, 0, 0, 0, 0, 0, 0, 0]
--------------------------------------------
outputs[ 8 ]=[0.0, 0.0, 0.0, 0.0, 0.0, 0.0002475860361475613, 0.0017331022530329288, 0.004456548650656103, 0.004704134686803664, 0.0049517207229512255, 0.005199306759098787, 0.00569447883139391, 0.006684822975984155, 0.007922753156721961, 0.012379301807378064, 0.030205496410002475, 0.05224065362713543, 0.07848477345877693, 0.10101510274820501, 0.13023025501361724, 0.21960881406288685, 0.3614756127754395, 0.5209210200544689, 0.6298588759593959, 0.6684822975984155, 0.6882891804902204, 0.7011636543698936, 0.708838821490468, 0.713295370141124, 0.7160188165387472, 0.7182470908640752, 0.7214657093339936, 0.7222084674424363, 0.7222084674424363, 0.7222084674424363, 0.7222084674424363, 0.7222084674424363, 0.7222084674424363, 0.7222084674424363, 0.7222084674424363, 0.7222084674424363, 0.7222084674424363, 0.7222084674424363, 0.7222084674424363, 0.7222084674424363, 0.7222084674424363, 0.7222084674424363, 0.7222084674424363, 0.7222084674424363]
outputs_edges[ 8 ]=[0, 0, 0, 0, 0, 0, 0, 0, 0, 0, 0, 0, 0, 0, 0, 0, 0, 5591, 12088, 18585, 25082, 31579, 38076, 38076, 38076, 38076, 38076, 38076, 38076, 38076, 38076, 38076, 38076, 38076, 38076, 38076, 38076, 38076, 38076, 38076, 38076, 38076, 38076, 38076, 38076, 38076, 38076, 38076, 38076]
--------------------------------------------
outputs[ 9 ]=[0.0, 0.0, 0.0, 0.0, 0.0, 0.0002475860361475613, 0.00569447883139391, 0.058925476603119586, 0.08516959643476107, 0.12453577618222332, 0.2416439712800198, 0.3644466452092102, 0.40975488982421393, 0.45605347858380785, 0.49863827680118844, 0.5238920524882397, 0.537261698440208, 0.5471651398861104, 0.5649913344887348, 0.5989106214409508, 0.6105471651398862, 0.6137657836098044, 0.6159940579351325, 0.6172319881158702, 0.6174795741520178, 0.6174795741520178, 0.6177271601881654, 0.6179747462243129, 0.6179747462243129, 0.6179747462243129, 0.6179747462243129, 0.6179747462243129, 0.6179747462243129, 0.6179747462243129, 0.6179747462243129, 0.6179747462243129, 0.6179747462243129, 0.6179747462243129, 0.6179747462243129, 0.6179747462243129, 0.6179747462243129, 0.6179747462243129, 0.6179747462243129, 0.6179747462243129, 0.6179747462243129, 0.6179747462243129, 0.6179747462243129, 0.6179747462243129, 0.6179747462243129]
outputs_edges[ 9 ]=[0, 0, 0, 0, 0, 0, 5901, 11802, 18182, 24562, 30942, 36064, 36064, 36064, 36064, 36064, 36064, 36064, 36064, 36064, 36064, 36064, 36064, 36064, 36064, 36064, 36064, 36064, 36064, 36064, 36064, 36064, 36064, 36064, 36064, 36064, 36064, 36064, 36064, 36064, 36064, 36064, 36064, 36064, 36064, 36064, 36064, 36064, 36064]
--------------------------------------------
avg_output=[0.0, 0.0, 0.0, 0.0, 0.0, 0.0002475860361475613, 0.002649170586778906, 0.018568952711067094, 0.03708838821490468, 0.06679871255261202, 0.10814558058925475, 0.14355038375835605, 0.17744491210695718, 0.20215399851448373, 0.23471156226788809, 0.2704134686803664, 0.3089626145085417, 0.35184451596929933, 0.39195345382520436, 0.4274820500123793, 0.4605347858380788, 0.492993315177024, 0.5241148799207724, 0.5531319633572667, 0.5735082941322108, 0.5899975241396385, 0.604258479821738, 0.6140381282495666, 0.6237930180737805, 0.6325328051497894, 0.6357266650160931, 0.6382025253775686, 0.6404060410992819, 0.6422629363703887, 0.6435751423619707, 0.6463481059668232, 0.6476355533547906, 0.6484030700668482, 0.6486754147066105, 0.6488487249319137, 0.648923000742758, 0.6490467937608317, 0.6490467937608317, 0.6490467937608317, 0.6490715523644466, 0.6490963109680613, 0.649121069571676, 0.649121069571676, 0.649121069571676]
avg_output_edges=[0.0, 0.0, 0.0, 0.0, 0.0, 0.0, 936.7, 1880.6, 3692.1, 5595.5, 7150.1, 8998.9, 10516.2, 12494.3, 14437.1, 16636.9, 18337.2, 20446.3, 21798.7, 23404.3, 24456.2, 25627.8, 26667.1, 27056.7, 27663.9, 27996.7, 27996.7, 27996.7, 27996.7, 27996.7, 27996.7, 27996.7, 27996.7, 27996.7, 27996.7, 27996.7, 27996.7, 27996.7, 27996.7, 27996.7, 27996.7, 27996.7, 27996.7, 27996.7, 27996.7, 27996.7, 27996.7, 27996.7, 27996.7]
