outputs[ 0 ]=[0.0, 0.0, 0.0, 0.0, 0.0, 0.0002475860361475613, 0.0004951720722951226, 0.002723446397623174, 0.012131715771230503, 0.024015845506313444, 0.029710324337707355, 0.03441445902451102, 0.03862342163901956, 0.04134686803664273, 0.04233721218123298, 0.04258479821738054, 0.04258479821738054, 0.04258479821738054, 0.04258479821738054, 0.04258479821738054, 0.04258479821738054, 0.04258479821738054, 0.04258479821738054, 0.04258479821738054, 0.04258479821738054, 0.04258479821738054, 0.04258479821738054, 0.04258479821738054, 0.04258479821738054, 0.04258479821738054, 0.04258479821738054, 0.04258479821738054, 0.04258479821738054, 0.04258479821738054, 0.04258479821738054, 0.04258479821738054, 0.04258479821738054, 0.04258479821738054, 0.04258479821738054, 0.04258479821738054, 0.04258479821738054, 0.04258479821738054, 0.04258479821738054, 0.04258479821738054, 0.04258479821738054, 0.04258479821738054, 0.04258479821738054, 0.04258479821738054, 0.04258479821738054, 0.04258479821738054, 0.04258479821738054, 0.04258479821738054, 0.04258479821738054, 0.04258479821738054, 0.04258479821738054]
outputs_edges[ 0 ]=[0, 0, 0, 0, 0, 0, 0, 0, 0, 0, 0, 0, 0, 0, 0, 0, 0, 0, 0, 0, 0, 0, 0, 0, 0, 0, 0, 0, 0, 0, 0, 0, 0, 0, 0, 0, 0, 0, 0, 0, 0, 0, 0, 0, 0, 0, 0, 0, 0, 0, 0, 0, 0, 0, 0]
--------------------------------------------
outputs[ 1 ]=[0.0, 0.0, 0.0, 0.0, 0.0, 0.0002475860361475613, 0.0029710324337707352, 0.018321366674919536, 0.043575142361970784, 0.06957167615746472, 0.11364199059173062, 0.14211438474870017, 0.16093092349591484, 0.2153998514483783, 0.24931913840059422, 0.2572418915573162, 0.2711067095815796, 0.30453082446150037, 0.3614756127754395, 0.41916315919782127, 0.49566724436741766, 0.5439465214161922, 0.5692002971032434, 0.5947016588264422, 0.6115375092844764, 0.6231740529834118, 0.6333250804654618, 0.6410002475860361, 0.6464471403812825, 0.6521416192126764, 0.6553602376825947, 0.6570933399356277, 0.6590740282248081, 0.6600643723693984, 0.6617974746224313, 0.6627878187670215, 0.6635305768754642, 0.6650160930923495, 0.6657588512007923, 0.6662540232730874, 0.666501609309235, 0.666501609309235, 0.666501609309235, 0.666501609309235, 0.666501609309235, 0.666501609309235, 0.666501609309235, 0.666501609309235, 0.666501609309235, 0.666501609309235, 0.666501609309235, 0.666501609309235, 0.666501609309235, 0.666501609309235, 0.666501609309235]
outputs_edges[ 1 ]=[0, 0, 0, 0, 0, 0, 0, 0, 0, 2057, 4114, 4114, 4114, 4114, 4114, 8871, 13700, 17271, 20842, 24413, 27984, 27984, 27984, 27984, 27984, 27984, 27984, 27984, 27984, 27984, 27984, 27984, 27984, 27984, 27984, 27984, 27984, 27984, 27984, 27984, 27984, 27984, 27984, 27984, 27984, 27984, 27984, 27984, 27984, 27984, 27984, 27984, 27984, 27984, 27984]
--------------------------------------------
outputs[ 2 ]=[0.0, 0.0, 0.0, 0.0, 0.0, 0.0002475860361475613, 0.0009903441445902451, 0.0037137905422134194, 0.014112404060410992, 0.04877444912106957, 0.1208219856400099, 0.1443426590740282, 0.15424610051993068, 0.16093092349591484, 0.16538747214657093, 0.1745481554840307, 0.1995543451349344, 0.25872740777420156, 0.2847239415696955, 0.3478583807873236, 0.42436246595692, 0.4570438227283981, 0.48601138895766277, 0.5127506808615994, 0.531567219608814, 0.5466699678138153, 0.55533547907898, 0.5600396137657836, 0.5674671948502105, 0.5828175290913592, 0.5947016588264422, 0.5974251052240653, 0.6013864818024264, 0.6095568209952958, 0.6513988611042337, 0.711067095815796, 0.7543946521416192, 0.7660311958405546, 0.773706362961129, 0.7794008417925229, 0.7813815300817034, 0.7821242881901461, 0.7853429066600643, 0.7880663530576876, 0.7897994553107205, 0.790047041346868, 0.7902946273830156, 0.7902946273830156, 0.7905422134191632, 0.7905422134191632, 0.7905422134191632, 0.7905422134191632, 0.7905422134191632, 0.7905422134191632, 0.7905422134191632]
outputs_edges[ 2 ]=[0, 0, 0, 0, 0, 0, 0, 0, 887, 887, 887, 887, 887, 887, 887, 4900, 8572, 11967, 15362, 17734, 20106, 20106, 20106, 20106, 20106, 20106, 20106, 20106, 20106, 20106, 20106, 20106, 22580, 25054, 27528, 27528, 27528, 27528, 27528, 27528, 27528, 27528, 27528, 27528, 27528, 27528, 27528, 27528, 27528, 27528, 27528, 27528, 27528, 27528, 27528]
--------------------------------------------
outputs[ 3 ]=[0.0, 0.0, 0.0, 0.0, 0.0, 0.0002475860361475613, 0.00569447883139391, 0.031691012626887845, 0.049764793265659815, 0.07972270363951472, 0.11686060906164893, 0.1406288685318148, 0.15201782619460263, 0.17083436494181728, 0.24015845506313444, 0.268630849220104, 0.2857142857142857, 0.3208715028472394, 0.36271354295617725, 0.44862589749938103, 0.49913344887348354, 0.5162168853676653, 0.5283486011388958, 0.5357761822233226, 0.5412230750185689, 0.54518445159693, 0.5476603119584056, 0.5486506561029958, 0.5498885862837336, 0.5498885862837336, 0.5498885862837336, 0.5498885862837336, 0.5498885862837336, 0.5498885862837336, 0.5498885862837336, 0.5498885862837336, 0.5498885862837336, 0.5498885862837336, 0.5498885862837336, 0.5498885862837336, 0.5498885862837336, 0.5498885862837336, 0.5498885862837336, 0.5498885862837336, 0.5498885862837336, 0.5498885862837336, 0.5498885862837336, 0.5498885862837336, 0.5498885862837336, 0.5498885862837336, 0.5498885862837336, 0.5498885862837336, 0.5498885862837336, 0.5498885862837336, 0.5498885862837336]
outputs_edges[ 3 ]=[0, 0, 0, 0, 0, 0, 0, 0, 0, 0, 2396, 4498, 4498, 7441, 12658, 17398, 22138, 25624, 29110, 32596, 32596, 32596, 32596, 32596, 32596, 32596, 32596, 32596, 32596, 32596, 32596, 32596, 32596, 32596, 32596, 32596, 32596, 32596, 32596, 32596, 32596, 32596, 32596, 32596, 32596, 32596, 32596, 32596, 32596, 32596, 32596, 32596, 32596, 32596, 32596]
--------------------------------------------
outputs[ 4 ]=[0.0, 0.0, 0.0, 0.0, 0.0, 0.0002475860361475613, 0.0024758603614756128, 0.004456548650656103, 0.006932409012131715, 0.015102748205001237, 0.02574894775934637, 0.033919286952215896, 0.04134686803664273, 0.05644961624164397, 0.0812082198564001, 0.10497647932656598, 0.17108195097796483, 0.21960881406288685, 0.2755632582322357, 0.36518940331765287, 0.40975488982421393, 0.42361970784847736, 0.42857142857142855, 0.43104728893290417, 0.43253280514978953, 0.4340183213666749, 0.43500866551126516, 0.43500866551126516, 0.43500866551126516, 0.43500866551126516, 0.43500866551126516, 0.43500866551126516, 0.43500866551126516, 0.43500866551126516, 0.43500866551126516, 0.43500866551126516, 0.43500866551126516, 0.43500866551126516, 0.43500866551126516, 0.43500866551126516, 0.43500866551126516, 0.43500866551126516, 0.43500866551126516, 0.43500866551126516, 0.43500866551126516, 0.43500866551126516, 0.43500866551126516, 0.43500866551126516, 0.43500866551126516, 0.43500866551126516, 0.43500866551126516, 0.43500866551126516, 0.43500866551126516, 0.43500866551126516, 0.43500866551126516]
outputs_edges[ 4 ]=[0, 0, 0, 0, 0, 0, 0, 0, 0, 0, 0, 0, 0, 2505, 6010, 9515, 13020, 16525, 19985, 22183, 22183, 22183, 22183, 22183, 22183, 22183, 22183, 22183, 22183, 22183, 22183, 22183, 22183, 22183, 22183, 22183, 22183, 22183, 22183, 22183, 22183, 22183, 22183, 22183, 22183, 22183, 22183, 22183, 22183, 22183, 22183, 22183, 22183, 22183, 22183]
--------------------------------------------
outputs[ 5 ]=[0.0, 0.0, 0.0, 0.0, 0.0, 0.0002475860361475613, 0.018568952711067097, 0.05570685813320129, 0.08195097796484278, 0.12032681356771478, 0.14805644961624165, 0.16860609061648923, 0.2391681109185442, 0.28101015102748206, 0.2948749690517455, 0.30973013122059917, 0.31740529834117354, 0.3208715028472394, 0.32582322357019067, 0.33424114879920774, 0.3441445902451102, 0.3659321614260956, 0.40628868531814805, 0.4639762317405298, 0.5261203268135677, 0.6006437236939837, 0.6887843525625155, 0.735330527358257, 0.7590987868284229, 0.7717256746719485, 0.7794008417925229, 0.7843525625154741, 0.7873235949492449, 0.7902946273830156, 0.7920277296360485, 0.7927704877444912, 0.7930180737806388, 0.7932656598167863, 0.7932656598167863, 0.7932656598167863, 0.7932656598167863, 0.7932656598167863, 0.7932656598167863, 0.7932656598167863, 0.7932656598167863, 0.7932656598167863, 0.7932656598167863, 0.7932656598167863, 0.7932656598167863, 0.7932656598167863, 0.7932656598167863, 0.7932656598167863, 0.7932656598167863, 0.7932656598167863, 0.7932656598167863]
outputs_edges[ 5 ]=[0, 0, 0, 0, 0, 0, 0, 3732, 7516, 10394, 13272, 16150, 16150, 16150, 16150, 16150, 16150, 16150, 16150, 16150, 19140, 22130, 25120, 28110, 31100, 34090, 37080, 37080, 37080, 37080, 37080, 37080, 37080, 37080, 37080, 37080, 37080, 37080, 37080, 37080, 37080, 37080, 37080, 37080, 37080, 37080, 37080, 37080, 37080, 37080, 37080, 37080, 37080, 37080, 37080]
--------------------------------------------
outputs[ 6 ]=[0.0, 0.0, 0.0, 0.0, 0.0, 0.0002475860361475613, 0.006189650903689032, 0.05694478831393909, 0.08294132210943303, 0.11735578113394404, 0.17281505323099777, 0.22975984154493687, 0.31022530329289427, 0.38920524882396634, 0.47214657093339935, 0.5075513741025006, 0.5251299826689775, 0.5340430799702897, 0.5384996286209458, 0.5412230750185689, 0.5432037633077494, 0.5439465214161922, 0.5444416934884873, 0.5446892795246349, 0.5456796236692251, 0.5548403070066849, 0.5820747709829166, 0.591978212428819, 0.59593958900718, 0.5979202772963604, 0.5996533795493935, 0.6003961376578361, 0.6006437236939837, 0.6006437236939837, 0.6008913097301313, 0.6011388957662788, 0.6013864818024264, 0.6013864818024264, 0.6013864818024264, 0.6013864818024264, 0.6013864818024264, 0.6013864818024264, 0.6013864818024264, 0.6013864818024264, 0.6013864818024264, 0.6013864818024264, 0.6013864818024264, 0.6013864818024264, 0.6013864818024264, 0.6013864818024264, 0.6013864818024264, 0.6013864818024264, 0.6013864818024264, 0.6013864818024264, 0.6013864818024264]
outputs_edges[ 6 ]=[0, 0, 0, 0, 0, 0, 3434, 7347, 12552, 18685, 24818, 29687, 34556, 38441, 38441, 38441, 38441, 38441, 38441, 38441, 38441, 38441, 38441, 38441, 38441, 38441, 38441, 38441, 38441, 38441, 38441, 38441, 38441, 38441, 38441, 38441, 38441, 38441, 38441, 38441, 38441, 38441, 38441, 38441, 38441, 38441, 38441, 38441, 38441, 38441, 38441, 38441, 38441, 38441, 38441]
--------------------------------------------
outputs[ 7 ]=[0.0, 0.0, 0.0, 0.0, 0.0, 0.0002475860361475613, 0.0002475860361475613, 0.0009903441445902451, 0.0024758603614756128, 0.009408269373607328, 0.021787571180985392, 0.028224808120821985, 0.03342411487992077, 0.03689031938598663, 0.03911859371131468, 0.04010893785590493, 0.04085169596434761, 0.041099282000495174, 0.04134686803664273, 0.04134686803664273, 0.04134686803664273, 0.04134686803664273, 0.04134686803664273, 0.04134686803664273, 0.04134686803664273, 0.04134686803664273, 0.04134686803664273, 0.04134686803664273, 0.04134686803664273, 0.04134686803664273, 0.04134686803664273, 0.04134686803664273, 0.04134686803664273, 0.04134686803664273, 0.04134686803664273, 0.04134686803664273, 0.04134686803664273, 0.04134686803664273, 0.04134686803664273, 0.04134686803664273, 0.04134686803664273, 0.04134686803664273, 0.04134686803664273, 0.04134686803664273, 0.04134686803664273, 0.04134686803664273, 0.04134686803664273, 0.04134686803664273, 0.04134686803664273, 0.04134686803664273, 0.04134686803664273, 0.04134686803664273, 0.04134686803664273, 0.04134686803664273, 0.04134686803664273]
outputs_edges[ 7 ]=[0, 0, 0, 0, 0, 0, 0, 0, 0, 0, 0, 0, 0, 0, 0, 0, 0, 0, 0, 0, 0, 0, 0, 0, 0, 0, 0, 0, 0, 0, 0, 0, 0, 0, 0, 0, 0, 0, 0, 0, 0, 0, 0, 0, 0, 0, 0, 0, 0, 0, 0, 0, 0, 0, 0]
--------------------------------------------
outputs[ 8 ]=[0.0, 0.0, 0.0, 0.0, 0.0, 0.0002475860361475613, 0.0009903441445902451, 0.0037137905422134194, 0.018321366674919536, 0.0779896013864818, 0.12453577618222332, 0.23817776677395394, 0.3458776924981431, 0.43822728398118344, 0.4954196583312701, 0.5402327308739787, 0.5657340925971776, 0.5808368408021788, 0.5991582074770982, 0.6135181975736569, 0.6211933646942313, 0.6281257737063629, 0.6345630106461996, 0.6380292151522654, 0.6402574894775934, 0.6419905917306264, 0.6429809358752167, 0.6432285219113641, 0.6434761079475118, 0.6439712800198069, 0.644466452092102, 0.6454567962366923, 0.6469423124535776, 0.6474374845258727, 0.6476850705620203, 0.6476850705620203, 0.6479326565981679, 0.6479326565981679, 0.6479326565981679, 0.6479326565981679, 0.6479326565981679, 0.6479326565981679, 0.6479326565981679, 0.6479326565981679, 0.6479326565981679, 0.6479326565981679, 0.6479326565981679, 0.6479326565981679, 0.6479326565981679, 0.6479326565981679, 0.6479326565981679, 0.6479326565981679, 0.6479326565981679, 0.6479326565981679, 0.6479326565981679]
outputs_edges[ 8 ]=[0, 0, 0, 0, 0, 0, 0, 5165, 11236, 17307, 23423, 29539, 34405, 39271, 43129, 43129, 43129, 43129, 43129, 43129, 43129, 43129, 43129, 43129, 43129, 43129, 43129, 43129, 43129, 43129, 43129, 43129, 43129, 43129, 43129, 43129, 43129, 43129, 43129, 43129, 43129, 43129, 43129, 43129, 43129, 43129, 43129, 43129, 43129, 43129, 43129, 43129, 43129, 43129, 43129]
--------------------------------------------
outputs[ 9 ]=[0.0, 0.0, 0.0, 0.0, 0.0, 0.0002475860361475613, 0.0019806882891804903, 0.01138895766278782, 0.02475860361475613, 0.0319385986630354, 0.03589997524139638, 0.038128249566724434, 0.03887100767516712, 0.03887100767516712, 0.03887100767516712, 0.03887100767516712, 0.03911859371131468, 0.03911859371131468, 0.039366179747462246, 0.039366179747462246, 0.039366179747462246, 0.039366179747462246, 0.039366179747462246, 0.039366179747462246, 0.039366179747462246, 0.039366179747462246, 0.039366179747462246, 0.039366179747462246, 0.039366179747462246, 0.039366179747462246, 0.039366179747462246, 0.039366179747462246, 0.039366179747462246, 0.039366179747462246, 0.039366179747462246, 0.039366179747462246, 0.039366179747462246, 0.039366179747462246, 0.039366179747462246, 0.039366179747462246, 0.039366179747462246, 0.039366179747462246, 0.039366179747462246, 0.039366179747462246, 0.039366179747462246, 0.039366179747462246, 0.039366179747462246, 0.039366179747462246, 0.039366179747462246, 0.039366179747462246, 0.039366179747462246, 0.039366179747462246, 0.039366179747462246, 0.039366179747462246, 0.039366179747462246]
outputs_edges[ 9 ]=[0, 0, 0, 0, 0, 0, 0, 0, 0, 0, 0, 0, 0, 0, 0, 0, 0, 0, 0, 0, 0, 0, 0, 0, 0, 0, 0, 0, 0, 0, 0, 0, 0, 0, 0, 0, 0, 0, 0, 0, 0, 0, 0, 0, 0, 0, 0, 0, 0, 0, 0, 0, 0, 0, 0]
--------------------------------------------
avg_output=[0.0, 0.0, 0.0, 0.0, 0.0, 0.0002475860361475613, 0.0040604109928200054, 0.018965090368903193, 0.03369645951968309, 0.0594206486754147, 0.09098786828422878, 0.11983164149541965, 0.15147313691507797, 0.18291656350581825, 0.21188412973508294, 0.22844763555335476, 0.24582817529091358, 0.26622926466947255, 0.2871255261203268, 0.3193117108195098, 0.34607576132706114, 0.3602129239910869, 0.372072295122555, 0.3844268383263184, 0.39522158950235203, 0.40698192621936136, 0.4208467442436247, 0.4278534290666006, 0.4320623916811092, 0.4356771478088636, 0.438177766773954, 0.43929190393661804, 0.4403565238920525, 0.441619212676405, 0.446199554345135, 0.4523644466452092, 0.4568457538994801, 0.45818271849467695, 0.4590245110175787, 0.45964347610794765, 0.45986630354048036, 0.4599405793513247, 0.46026244119831644, 0.4605347858380788, 0.46070809606338214, 0.46073285466699687, 0.4607576132706116, 0.4607576132706116, 0.4607823718742264, 0.4607823718742264, 0.4607823718742264, 0.4607823718742264, 0.4607823718742264, 0.4607823718742264, 0.4607823718742264]
avg_output_edges=[0.0, 0.0, 0.0, 0.0, 0.0, 0.0, 343.4, 1624.4, 3219.1, 4933.0, 6891.0, 8487.5, 9461.0, 10880.9, 12138.9, 13840.4, 15515.0, 16910.7, 18301.9, 19464.6, 20357.9, 20656.9, 20955.9, 21254.9, 21553.9, 21852.9, 22151.9, 22151.9, 22151.9, 22151.9, 22151.9, 22151.9, 22399.3, 22646.7, 22894.1, 22894.1, 22894.1, 22894.1, 22894.1, 22894.1, 22894.1, 22894.1, 22894.1, 22894.1, 22894.1, 22894.1, 22894.1, 22894.1, 22894.1, 22894.1, 22894.1, 22894.1, 22894.1, 22894.1, 22894.1]
