outputs[ 0 ]=[0.0, 0.0, 0.0, 0.0, 0.0, 1.2299215310063217e-05, 0.0001352913684106954, 0.0008609450717044253, 0.003923449683910166, 0.01811674415172312, 0.06757188891348732, 0.16017268098295329, 0.283460015251027, 0.39699407177822055, 0.48032125550389887, 0.5312523061028707, 0.5633409588468256, 0.5834378766634689, 0.5955157060979509, 0.6026123533318575, 0.6081961970826262, 0.612451725579908, 0.615944702727966, 0.6197820579047056, 0.6230536491771825, 0.6254273977320247, 0.6266081224017908, 0.6273214768897745, 0.6279487368705876, 0.6283300125451996, 0.6285390992054707, 0.6286989890045015, 0.6288342803729122, 0.6290064693872531, 0.6291663591862839, 0.6292524536934544, 0.6293139497700047, 0.6293139497700047, 0.6293139497700047, 0.6293139497700047, 0.6293139497700047, 0.6293139497700047, 0.6293139497700047, 0.6293139497700047, 0.6293139497700047, 0.6293139497700047, 0.6293139497700047, 0.6293139497700047, 0.6293139497700047, 0.6293139497700047, 0.6293139497700047, 0.6293139497700047, 0.6293139497700047, 0.6293139497700047, 0.6293139497700047]
--------------------------------------------
outputs[ 1 ]=[0.0, 0.0, 0.0, 0.0, 0.0, 1.2299215310063217e-05, 1.2299215310063217e-05, 1.2299215310063217e-05, 1.2299215310063217e-05, 1.2299215310063217e-05, 1.2299215310063217e-05, 1.2299215310063217e-05, 1.2299215310063217e-05, 1.2299215310063217e-05, 1.2299215310063217e-05, 1.2299215310063217e-05, 1.2299215310063217e-05, 1.2299215310063217e-05, 1.2299215310063217e-05, 1.2299215310063217e-05, 1.2299215310063217e-05, 1.2299215310063217e-05, 1.2299215310063217e-05, 1.2299215310063217e-05, 1.2299215310063217e-05, 1.2299215310063217e-05, 1.2299215310063217e-05, 1.2299215310063217e-05, 1.2299215310063217e-05, 1.2299215310063217e-05, 1.2299215310063217e-05, 1.2299215310063217e-05, 1.2299215310063217e-05, 1.2299215310063217e-05, 1.2299215310063217e-05, 1.2299215310063217e-05, 1.2299215310063217e-05, 1.2299215310063217e-05, 1.2299215310063217e-05, 1.2299215310063217e-05, 1.2299215310063217e-05, 1.2299215310063217e-05, 1.2299215310063217e-05, 1.2299215310063217e-05, 1.2299215310063217e-05, 1.2299215310063217e-05, 1.2299215310063217e-05, 1.2299215310063217e-05, 1.2299215310063217e-05, 1.2299215310063217e-05, 1.2299215310063217e-05, 1.2299215310063217e-05, 1.2299215310063217e-05, 1.2299215310063217e-05, 1.2299215310063217e-05]
--------------------------------------------
outputs[ 2 ]=[0.0, 0.0, 0.0, 0.0, 0.0, 1.2299215310063217e-05, 3.6897645930189655e-05, 0.0003566772439918333, 0.003628268516468649, 0.02339310751974024, 0.08534425503652866, 0.19041645143039873, 0.3127198484736674, 0.4088751137677416, 0.4872334145081544, 0.5363933781024771, 0.5690231963200748, 0.5899810592084225, 0.6027722431308883, 0.6124763240105281, 0.6179740732541263, 0.622758468009741, 0.6273829729663247, 0.6311834304971343, 0.6340122500184489, 0.636004722898679, 0.6381693847932501, 0.6398666765060389, 0.6405923302093326, 0.6408137160849138, 0.6409859050992547, 0.6411088972523553, 0.6411703933289056, 0.6412072909748358, 0.641231889405456, 0.641256487836076, 0.6412687870513861, 0.6412933854820062, 0.6413056846973163, 0.6413425823432465, 0.6413548815585566, 0.6413671807738667, 0.6413794799891767, 0.6413794799891767, 0.6413794799891767, 0.6413794799891767, 0.6413794799891767, 0.6413794799891767, 0.6413794799891767, 0.6413794799891767, 0.6413794799891767, 0.6413794799891767, 0.6413794799891767, 0.6413794799891767, 0.6413794799891767]
--------------------------------------------
outputs[ 3 ]=[0.0, 0.0, 0.0, 0.0, 0.0, 1.2299215310063217e-05, 2.4598430620126434e-05, 0.0003197795980616437, 0.0021277642486409367, 0.006248001377512115, 0.01991242958699235, 0.0689125033822842, 0.18637000959338795, 0.32246082699923745, 0.42681966890512385, 0.5002828819521314, 0.5450151280348314, 0.5729835436499151, 0.5893660984429193, 0.5984060216958158, 0.6039529678006543, 0.6074705433793324, 0.6108159299436696, 0.6152436474552924, 0.6189826089095516, 0.62257397978009, 0.6250092244114825, 0.6268172090620618, 0.6280963274543084, 0.6288957764494625, 0.6295353356455858, 0.6303839815019802, 0.6309743438368632, 0.6314048163727154, 0.6315647061717462, 0.6316999975401569, 0.6318352889085677, 0.631909084200428, 0.6319213834157381, 0.6319336826310481, 0.6319336826310481, 0.6319336826310481, 0.6319336826310481, 0.6319336826310481, 0.6319336826310481, 0.6319336826310481, 0.6319336826310481, 0.6319336826310481, 0.6319336826310481, 0.6319336826310481, 0.6319336826310481, 0.6319336826310481, 0.6319336826310481, 0.6319336826310481, 0.6319336826310481]
--------------------------------------------
outputs[ 4 ]=[0.0, 0.0, 0.0, 0.0, 0.0, 1.2299215310063217e-05, 3.6897645930189655e-05, 0.00014759058372075862, 0.000565763904262908, 0.0014759058372075863, 0.005239465722086931, 0.019420460974589823, 0.0680761567411999, 0.18494330061742062, 0.3179962118416845, 0.423548077632647, 0.5015497011290679, 0.5510663419673825, 0.5812117186923474, 0.5993407620593806, 0.6101886699628564, 0.6176911913019949, 0.6225124837035397, 0.6261407522200083, 0.6284653039136103, 0.6304823752244607, 0.6317614936167073, 0.6325855410424814, 0.633077509654884, 0.6334218876835658, 0.6338277617887978, 0.6344550217696111, 0.6346149115686419, 0.6347010060758124, 0.6347133052911225, 0.6347256045064325, 0.6347256045064325, 0.6347256045064325, 0.6347256045064325, 0.6347256045064325, 0.6347256045064325, 0.6347256045064325, 0.6347256045064325, 0.6347256045064325, 0.6347256045064325, 0.6347256045064325, 0.6347256045064325, 0.6347256045064325, 0.6347256045064325, 0.6347256045064325, 0.6347256045064325, 0.6347256045064325, 0.6347256045064325, 0.6347256045064325, 0.6347256045064325]
--------------------------------------------
outputs[ 5 ]=[0.0, 0.0, 0.0, 0.0, 0.0, 1.2299215310063217e-05, 0.00019678744496101148, 0.0028411187366246034, 0.012889577644946252, 0.025397879615280543, 0.04142375716429292, 0.07243007896096229, 0.14145327528103707, 0.25538090669815267, 0.37185447568445135, 0.46270877917988834, 0.5206626817209062, 0.5543994293164096, 0.5755909772956486, 0.5889602243376872, 0.5971883993801196, 0.6030182274370895, 0.6065112045851475, 0.6093892209677022, 0.6118244655990948, 0.6132388753597521, 0.6142843086611074, 0.6151329545175018, 0.6159693011585861, 0.6166580572159496, 0.6170639313211818, 0.617322214842693, 0.6176173960101345, 0.6179740732541263, 0.6183061520674981, 0.6185644355890094, 0.6187366246033503, 0.6187858214645906, 0.618884215187071, 0.6189580104789314, 0.6189703096942415, 0.6189703096942415, 0.6189703096942415, 0.6189703096942415, 0.6189703096942415, 0.6189703096942415, 0.6189703096942415, 0.6189703096942415, 0.6189703096942415, 0.6189703096942415, 0.6189703096942415, 0.6189703096942415, 0.6189703096942415, 0.6189703096942415, 0.6189703096942415]
--------------------------------------------
outputs[ 6 ]=[0.0, 0.0, 0.0, 0.0, 0.0, 1.2299215310063217e-05, 2.4598430620126434e-05, 0.0001352913684106954, 0.0017218901434088506, 0.010306742429832977, 0.0246107298354365, 0.04281356849433006, 0.06484146311465329, 0.10625292106363614, 0.19676284653039136, 0.3306152067498094, 0.44293164096130666, 0.5139719085922319, 0.555248075172804, 0.5803384744053329, 0.5954542100214006, 0.6047032199345682, 0.6126116153789388, 0.6178387818857157, 0.6205569084692396, 0.6227707672250511, 0.6244311612919096, 0.6257717757607064, 0.6268172090620618, 0.6272722800285342, 0.6275797604112857, 0.6277888470715568, 0.6279856345165179, 0.6281455243155487, 0.6282562172533392, 0.6283546109758198, 0.62841610705237, 0.6284407054829901, 0.6284530046983002, 0.6284530046983002, 0.6284530046983002, 0.6284530046983002, 0.6284530046983002, 0.6284530046983002, 0.6284530046983002, 0.6284530046983002, 0.6284530046983002, 0.6284530046983002, 0.6284530046983002, 0.6284530046983002, 0.6284530046983002, 0.6284530046983002, 0.6284530046983002, 0.6284530046983002, 0.6284530046983002]
--------------------------------------------
outputs[ 7 ]=[0.0, 0.0, 0.0, 0.0, 0.0, 1.2299215310063217e-05, 1.2299215310063217e-05, 1.2299215310063217e-05, 1.2299215310063217e-05, 1.2299215310063217e-05, 1.2299215310063217e-05, 1.2299215310063217e-05, 1.2299215310063217e-05, 1.2299215310063217e-05, 1.2299215310063217e-05, 1.2299215310063217e-05, 1.2299215310063217e-05, 1.2299215310063217e-05, 1.2299215310063217e-05, 1.2299215310063217e-05, 1.2299215310063217e-05, 1.2299215310063217e-05, 1.2299215310063217e-05, 1.2299215310063217e-05, 1.2299215310063217e-05, 1.2299215310063217e-05, 1.2299215310063217e-05, 1.2299215310063217e-05, 1.2299215310063217e-05, 1.2299215310063217e-05, 1.2299215310063217e-05, 1.2299215310063217e-05, 1.2299215310063217e-05, 1.2299215310063217e-05, 1.2299215310063217e-05, 1.2299215310063217e-05, 1.2299215310063217e-05, 1.2299215310063217e-05, 1.2299215310063217e-05, 1.2299215310063217e-05, 1.2299215310063217e-05, 1.2299215310063217e-05, 1.2299215310063217e-05, 1.2299215310063217e-05, 1.2299215310063217e-05, 1.2299215310063217e-05, 1.2299215310063217e-05, 1.2299215310063217e-05, 1.2299215310063217e-05, 1.2299215310063217e-05, 1.2299215310063217e-05, 1.2299215310063217e-05, 1.2299215310063217e-05, 1.2299215310063217e-05, 1.2299215310063217e-05]
--------------------------------------------
outputs[ 8 ]=[0.0, 0.0, 0.0, 0.0, 0.0, 1.2299215310063217e-05, 7.379529186037931e-05, 0.0005165670430226551, 0.0016234964209283448, 0.008634049147664379, 0.024327847883305047, 0.039037709394140654, 0.06742429832976655, 0.13140481637271542, 0.24786608614370403, 0.3794184931001402, 0.47365508080584456, 0.529960888495314, 0.5655794160332571, 0.5870292475340073, 0.5996359432268221, 0.6078518190539444, 0.6136570486802942, 0.6172115219049025, 0.6200772390721472, 0.6216638378471454, 0.6226723735025705, 0.6235825154355152, 0.6241851769857083, 0.6247509408899712, 0.6255872875310555, 0.6262022482965587, 0.6265343271099304, 0.6266819176936511, 0.6267311145548914, 0.6267680122008216, 0.6267926106314418, 0.6268172090620618, 0.6268910043539222, 0.6269647996457826, 0.6270754925835732, 0.6271492878754336, 0.6272107839519838, 0.6272599808132241, 0.6272722800285342, 0.6272722800285342, 0.6272722800285342, 0.6272722800285342, 0.6272722800285342, 0.6272722800285342, 0.6272722800285342, 0.6272722800285342, 0.6272722800285342, 0.6272722800285342, 0.6272722800285342]
--------------------------------------------
outputs[ 9 ]=[0.0, 0.0, 0.0, 0.0, 0.0, 1.2299215310063217e-05, 4.919686124025287e-05, 0.0001352913684106954, 0.00019678744496101148, 0.00023368509089120114, 0.00024598430620126436, 0.00025828352151132755, 0.0002705827368213908, 0.0002705827368213908, 0.0002705827368213908, 0.0002705827368213908, 0.0002705827368213908, 0.0002705827368213908, 0.0002705827368213908, 0.0002705827368213908, 0.0002705827368213908, 0.0002705827368213908, 0.0002705827368213908, 0.0002705827368213908, 0.0002705827368213908, 0.0002705827368213908, 0.0002705827368213908, 0.0002705827368213908, 0.0002705827368213908, 0.0002705827368213908, 0.0002705827368213908, 0.0002705827368213908, 0.0002705827368213908, 0.0002705827368213908, 0.0002705827368213908, 0.0002705827368213908, 0.0002705827368213908, 0.0002705827368213908, 0.0002705827368213908, 0.0002705827368213908, 0.0002705827368213908, 0.0002705827368213908, 0.0002705827368213908, 0.0002705827368213908, 0.0002705827368213908, 0.0002705827368213908, 0.0002705827368213908, 0.0002705827368213908, 0.0002705827368213908, 0.0002705827368213908, 0.0002705827368213908, 0.0002705827368213908, 0.0002705827368213908, 0.0002705827368213908, 0.0002705827368213908]
--------------------------------------------
outputs[ 10 ]=[0.0, 0.0, 0.0, 0.0, 0.0, 1.2299215310063217e-05, 7.379529186037931e-05, 0.00038127567461195976, 0.001857181511819546, 0.009433498142818488, 0.03657786633212801, 0.08731212948613878, 0.16292770521240746, 0.27364524143359653, 0.39051238530981724, 0.47510638821243206, 0.5265048089931862, 0.5579170048950877, 0.5789363638599857, 0.591051090940398, 0.5987872973704278, 0.6044203379824368, 0.6083191892357268, 0.6107790322977394, 0.6145179937519987, 0.6199665461343566, 0.6238162005264064, 0.6257594765453964, 0.6270139965070228, 0.6279856345165179, 0.6288465795882223, 0.6293508474159348, 0.6296583277986865, 0.6298182175977173, 0.6299289105355078, 0.6300396034732983, 0.6301256979804688, 0.6302240917029494, 0.6303593830713601, 0.6304454775785305, 0.630531572085701, 0.6306299658081814, 0.6307037611000418, 0.6307160603153519, 0.630728359530662, 0.630728359530662, 0.630728359530662, 0.630728359530662, 0.630728359530662, 0.630728359530662, 0.630728359530662, 0.630728359530662, 0.630728359530662, 0.630728359530662, 0.630728359530662]
--------------------------------------------
outputs[ 11 ]=[0.0, 0.0, 0.0, 0.0, 0.0, 1.2299215310063217e-05, 2.4598430620126434e-05, 2.4598430620126434e-05, 2.4598430620126434e-05, 2.4598430620126434e-05, 2.4598430620126434e-05, 2.4598430620126434e-05, 2.4598430620126434e-05, 2.4598430620126434e-05, 2.4598430620126434e-05, 2.4598430620126434e-05, 2.4598430620126434e-05, 2.4598430620126434e-05, 2.4598430620126434e-05, 2.4598430620126434e-05, 2.4598430620126434e-05, 2.4598430620126434e-05, 2.4598430620126434e-05, 2.4598430620126434e-05, 2.4598430620126434e-05, 2.4598430620126434e-05, 2.4598430620126434e-05, 2.4598430620126434e-05, 2.4598430620126434e-05, 2.4598430620126434e-05, 2.4598430620126434e-05, 2.4598430620126434e-05, 2.4598430620126434e-05, 2.4598430620126434e-05, 2.4598430620126434e-05, 2.4598430620126434e-05, 2.4598430620126434e-05, 2.4598430620126434e-05, 2.4598430620126434e-05, 2.4598430620126434e-05, 2.4598430620126434e-05, 2.4598430620126434e-05, 2.4598430620126434e-05, 2.4598430620126434e-05, 2.4598430620126434e-05, 2.4598430620126434e-05, 2.4598430620126434e-05, 2.4598430620126434e-05, 2.4598430620126434e-05, 2.4598430620126434e-05, 2.4598430620126434e-05, 2.4598430620126434e-05, 2.4598430620126434e-05, 2.4598430620126434e-05, 2.4598430620126434e-05]
--------------------------------------------
outputs[ 12 ]=[0.0, 0.0, 0.0, 0.0, 0.0, 1.2299215310063217e-05, 7.379529186037931e-05, 0.00025828352151132755, 0.0012545199616264483, 0.006543182544953632, 0.0295919120360121, 0.07765724546773915, 0.14788576488820013, 0.24666076304331783, 0.3700710894644922, 0.46115907805082035, 0.5204781934912552, 0.5567362802253216, 0.5791577497355669, 0.5932280520502792, 0.6020219909969744, 0.6079994096376651, 0.6122426389196369, 0.6156741199911445, 0.6186751285268, 0.6210365778663322, 0.6228445625169114, 0.6246771455981108, 0.6261653506506285, 0.6268787051386121, 0.6272230831672939, 0.6273829729663247, 0.6275305635500456, 0.6276043588419059, 0.6276535557031462, 0.6276658549184562, 0.6276658549184562, 0.6276658549184562, 0.6276658549184562, 0.6276658549184562, 0.6276658549184562, 0.6276658549184562, 0.6276658549184562, 0.6276658549184562, 0.6276658549184562, 0.6276658549184562, 0.6276658549184562, 0.6276658549184562, 0.6276658549184562, 0.6276658549184562, 0.6276658549184562, 0.6276658549184562, 0.6276658549184562, 0.6276658549184562, 0.6276658549184562]
--------------------------------------------
outputs[ 13 ]=[0.0, 0.0, 0.0, 0.0, 0.0, 1.2299215310063217e-05, 0.00011069293779056896, 0.0006395591961232874, 0.0009224411482547414, 0.0010700317319755, 0.0011192285932157529, 0.0011438270238358793, 0.0011438270238358793, 0.0011438270238358793, 0.0011561262391459426, 0.0012053231003861953, 0.0014513074065874597, 0.0032346936265466265, 0.013160160381767642, 0.04435097040808796, 0.09707770644232898, 0.17532531424495118, 0.2905443632696234, 0.4096130666863454, 0.49105847046958406, 0.5395296780065432, 0.5682114481096107, 0.5845571052566846, 0.5944456743659754, 0.6017760066907731, 0.606794086537279, 0.6107667330824293, 0.6133618675128527, 0.615563427053354, 0.6170885297518018, 0.6181093646225371, 0.6197820579047056, 0.6216638378471454, 0.6229921531006322, 0.6246279487368706, 0.6265343271099304, 0.6279118392246574, 0.6284776031289204, 0.6287112882198116, 0.6288219811576021, 0.6288465795882223, 0.6288588788035323, 0.6288588788035323, 0.6288834772341525, 0.6288834772341525, 0.6288834772341525, 0.6288834772341525, 0.6288834772341525, 0.6288834772341525, 0.6288834772341525]
--------------------------------------------
outputs[ 14 ]=[0.0, 0.0, 0.0, 0.0, 0.0, 1.2299215310063217e-05, 1.2299215310063217e-05, 1.2299215310063217e-05, 1.2299215310063217e-05, 1.2299215310063217e-05, 1.2299215310063217e-05, 1.2299215310063217e-05, 1.2299215310063217e-05, 1.2299215310063217e-05, 1.2299215310063217e-05, 1.2299215310063217e-05, 1.2299215310063217e-05, 1.2299215310063217e-05, 1.2299215310063217e-05, 1.2299215310063217e-05, 1.2299215310063217e-05, 1.2299215310063217e-05, 1.2299215310063217e-05, 1.2299215310063217e-05, 1.2299215310063217e-05, 1.2299215310063217e-05, 1.2299215310063217e-05, 1.2299215310063217e-05, 1.2299215310063217e-05, 1.2299215310063217e-05, 1.2299215310063217e-05, 1.2299215310063217e-05, 1.2299215310063217e-05, 1.2299215310063217e-05, 1.2299215310063217e-05, 1.2299215310063217e-05, 1.2299215310063217e-05, 1.2299215310063217e-05, 1.2299215310063217e-05, 1.2299215310063217e-05, 1.2299215310063217e-05, 1.2299215310063217e-05, 1.2299215310063217e-05, 1.2299215310063217e-05, 1.2299215310063217e-05, 1.2299215310063217e-05, 1.2299215310063217e-05, 1.2299215310063217e-05, 1.2299215310063217e-05, 1.2299215310063217e-05, 1.2299215310063217e-05, 1.2299215310063217e-05, 1.2299215310063217e-05, 1.2299215310063217e-05, 1.2299215310063217e-05]
--------------------------------------------
outputs[ 15 ]=[0.0, 0.0, 0.0, 0.0, 0.0, 1.2299215310063217e-05, 4.919686124025287e-05, 0.00024598430620126436, 0.0005288662583327184, 0.0010700317319755, 0.0023368509089120113, 0.007428726047278184, 0.03463459031313802, 0.11069293779056896, 0.24133520281406046, 0.3734656728900696, 0.4672471896293017, 0.5275379430792315, 0.5640297149041891, 0.5851474675915677, 0.5980247460212038, 0.6060438344033651, 0.6111603079723513, 0.6148623717806804, 0.6170762305364917, 0.6186505300961799, 0.6197574594740856, 0.620421617100829, 0.6209627825744718, 0.6216392394165252, 0.6226969719331906, 0.6233119326986938, 0.6235825154355152, 0.623730106019236, 0.6238162005264064, 0.6238530981723366, 0.6239022950335769, 0.623914594248887, 0.623939192679507, 0.6239514918948171, 0.6239760903254372, 0.6240006887560574, 0.6240252871866775, 0.6240252871866775, 0.6240252871866775, 0.6240252871866775, 0.6240252871866775, 0.6240252871866775, 0.6240252871866775, 0.6240252871866775, 0.6240252871866775, 0.6240252871866775, 0.6240252871866775, 0.6240252871866775, 0.6240252871866775]
--------------------------------------------
outputs[ 16 ]=[0.0, 0.0, 0.0, 0.0, 0.0, 1.2299215310063217e-05, 1.2299215310063217e-05, 1.2299215310063217e-05, 1.2299215310063217e-05, 1.2299215310063217e-05, 1.2299215310063217e-05, 1.2299215310063217e-05, 1.2299215310063217e-05, 1.2299215310063217e-05, 1.2299215310063217e-05, 1.2299215310063217e-05, 1.2299215310063217e-05, 1.2299215310063217e-05, 1.2299215310063217e-05, 1.2299215310063217e-05, 1.2299215310063217e-05, 1.2299215310063217e-05, 1.2299215310063217e-05, 1.2299215310063217e-05, 1.2299215310063217e-05, 1.2299215310063217e-05, 1.2299215310063217e-05, 1.2299215310063217e-05, 1.2299215310063217e-05, 1.2299215310063217e-05, 1.2299215310063217e-05, 1.2299215310063217e-05, 1.2299215310063217e-05, 1.2299215310063217e-05, 1.2299215310063217e-05, 1.2299215310063217e-05, 1.2299215310063217e-05, 1.2299215310063217e-05, 1.2299215310063217e-05, 1.2299215310063217e-05, 1.2299215310063217e-05, 1.2299215310063217e-05, 1.2299215310063217e-05, 1.2299215310063217e-05, 1.2299215310063217e-05, 1.2299215310063217e-05, 1.2299215310063217e-05, 1.2299215310063217e-05, 1.2299215310063217e-05, 1.2299215310063217e-05, 1.2299215310063217e-05, 1.2299215310063217e-05, 1.2299215310063217e-05, 1.2299215310063217e-05, 1.2299215310063217e-05]
--------------------------------------------
outputs[ 17 ]=[0.0, 0.0, 0.0, 0.0, 0.0, 1.2299215310063217e-05, 1.2299215310063217e-05, 1.2299215310063217e-05, 1.2299215310063217e-05, 1.2299215310063217e-05, 1.2299215310063217e-05, 1.2299215310063217e-05, 1.2299215310063217e-05, 1.2299215310063217e-05, 1.2299215310063217e-05, 1.2299215310063217e-05, 1.2299215310063217e-05, 1.2299215310063217e-05, 1.2299215310063217e-05, 1.2299215310063217e-05, 1.2299215310063217e-05, 1.2299215310063217e-05, 1.2299215310063217e-05, 1.2299215310063217e-05, 1.2299215310063217e-05, 1.2299215310063217e-05, 1.2299215310063217e-05, 1.2299215310063217e-05, 1.2299215310063217e-05, 1.2299215310063217e-05, 1.2299215310063217e-05, 1.2299215310063217e-05, 1.2299215310063217e-05, 1.2299215310063217e-05, 1.2299215310063217e-05, 1.2299215310063217e-05, 1.2299215310063217e-05, 1.2299215310063217e-05, 1.2299215310063217e-05, 1.2299215310063217e-05, 1.2299215310063217e-05, 1.2299215310063217e-05, 1.2299215310063217e-05, 1.2299215310063217e-05, 1.2299215310063217e-05, 1.2299215310063217e-05, 1.2299215310063217e-05, 1.2299215310063217e-05, 1.2299215310063217e-05, 1.2299215310063217e-05, 1.2299215310063217e-05, 1.2299215310063217e-05, 1.2299215310063217e-05, 1.2299215310063217e-05, 1.2299215310063217e-05]
--------------------------------------------
outputs[ 18 ]=[0.0, 0.0, 0.0, 0.0, 0.0, 1.2299215310063217e-05, 0.00017218901434088506, 0.001242220746316385, 0.003948048114530293, 0.009089120114136718, 0.02132683934764962, 0.04994711337416673, 0.1105822448527784, 0.2223575135906329, 0.34466091063390153, 0.4367820333062751, 0.4963225346222911, 0.5377708902172041, 0.565370329372986, 0.5815683959363392, 0.5917644454283817, 0.5981354389589945, 0.6018989988438738, 0.606031535188055, 0.6083806853122771, 0.6103485597618872, 0.612267237350257, 0.6140875212161464, 0.6156249231299044, 0.617125427397732, 0.6183061520674981, 0.6196098688903648, 0.6209627825744718, 0.6221681056748579, 0.6227215703638108, 0.6229798538853221, 0.6231643421149731, 0.6232873342680737, 0.623336531129314, 0.6234595232824146, 0.6236809091579957, 0.623730106019236, 0.623742405234546, 0.623742405234546, 0.623742405234546, 0.623742405234546, 0.623742405234546, 0.623742405234546, 0.623742405234546, 0.623742405234546, 0.623742405234546, 0.623742405234546, 0.623742405234546, 0.623742405234546, 0.623742405234546]
--------------------------------------------
outputs[ 19 ]=[0.0, 0.0, 0.0, 0.0, 0.0, 1.2299215310063217e-05, 4.919686124025287e-05, 0.00030748038275158043, 0.0005903623348830345, 0.0006395591961232874, 0.0007256537032937298, 0.0009347403635648045, 0.0019432760189899885, 0.009765576956190195, 0.028017612476324012, 0.04892627850343148, 0.07646422158266303, 0.1249600275502423, 0.22486655351388582, 0.3630113398765159, 0.46339753523725186, 0.5239834698546233, 0.5602907534499298, 0.5823555457161833, 0.5956878951122918, 0.6037069834944531, 0.6096106068432834, 0.6133864659434728, 0.6156495215605244, 0.6169655375987012, 0.617703490517305, 0.6183061520674981, 0.6187981206799006, 0.6192039947851327, 0.6194253806607138, 0.6195237743831944, 0.6195606720291246, 0.6196098688903648, 0.619646766536295, 0.619659065751605, 0.619659065751605, 0.619659065751605, 0.619659065751605, 0.619659065751605, 0.619659065751605, 0.619659065751605, 0.619659065751605, 0.619659065751605, 0.619659065751605, 0.619659065751605, 0.619659065751605, 0.619659065751605, 0.619659065751605, 0.619659065751605, 0.619659065751605]
--------------------------------------------
avg_output=[0.0, 0.0, 0.0, 0.0, 0.0, 1.2299215310063217e-05, 5.965119425380659e-05, 0.0004237079674316779, 0.001793225592207217, 0.006086881656950286, 0.018022040193835628, 0.040898580670553214, 0.07919095761690403, 0.13354672471896295, 0.19524819816495706, 0.24806102870636854, 0.2852501660394067, 0.3102157282365386, 0.3295580891939095, 0.34639387007108946, 0.35920104297345834, 0.3696104838511303, 0.3797124443460508, 0.38882308808698, 0.39513627530563544, 0.3992878754335473, 0.4019900130371682, 0.40371620790593565, 0.4048452758713994, 0.40564349494502255, 0.4062523061028707, 0.4067522692052248, 0.40709910707696856, 0.40737829926450697, 0.4075480284357858, 0.4076574914520454, 0.4077823284874425, 0.40790040095441915, 0.4079895702654171, 0.4080928836740216, 0.40821157110176376, 0.40829336088357565, 0.40833087349027136, 0.40834563254864353, 0.40835239711706406, 0.40835362703859496, 0.4083542419993605, 0.4083542419993605, 0.4083554719208915, 0.4083554719208915, 0.4083554719208915, 0.4083554719208915, 0.4083554719208915, 0.4083554719208915, 0.4083554719208915]
