outputs[ 0 ]=[0.0, 0.0, 0.0, 0.0, 0.0, 1.2299215310063217e-05, 0.00015988979903082184, 0.001869480727129609, 0.012090128649792144, 0.044781442943940174, 0.1124148279339778, 0.21481809460556417, 0.3300371436302364, 0.42963618921112834, 0.4939979829286891, 0.532863503308489, 0.5578432096032273, 0.573352520109217, 0.5845448060413746, 0.5909280987872974, 0.5953681155142302, 0.5986643052173272, 0.6008658647578284, 0.6035716921260423, 0.6055026689297223, 0.6070892677047205, 0.6078764174845644, 0.6084544806041374, 0.6096598037045237, 0.6106683393599488, 0.6109881189580105, 0.6110988118958011, 0.6112218040489017, 0.611283300125452, 0.6113570954173124, 0.6113939930632426, 0.6114554891397929, 0.6114800875704131, 0.6115046860010331, 0.6115292844316532, 0.6115292844316532, 0.6115292844316532, 0.6115292844316532, 0.6115292844316532, 0.6115292844316532, 0.6115292844316532, 0.6115292844316532, 0.6115292844316532, 0.6115292844316532, 0.6115292844316532, 0.6115292844316532, 0.6115292844316532, 0.6115292844316532, 0.6115292844316532, 0.6115292844316532]
--------------------------------------------
outputs[ 1 ]=[0.0, 0.0, 0.0, 0.0, 0.0, 1.2299215310063217e-05, 0.00011069293779056896, 0.0006272599808132242, 0.002078567387400684, 0.008424962487393304, 0.03533564558581163, 0.10107495141809952, 0.19703342926721276, 0.3028804762256168, 0.41081838978673163, 0.48629867414458955, 0.5340934248394953, 0.5653580301576759, 0.5846677981944752, 0.5969793127198485, 0.6043342434752663, 0.6088603547093695, 0.6119966546134357, 0.614591789043859, 0.6171869234742824, 0.6198927508424963, 0.6224017907657492, 0.624123680909158, 0.6252798071483039, 0.6258578702678769, 0.6262637443731089, 0.6266327208324108, 0.6267926106314418, 0.6269033035692323, 0.6269770988610927, 0.627038594937643, 0.6270754925835732, 0.6270754925835732, 0.6270754925835732, 0.6270754925835732, 0.6270754925835732, 0.6270754925835732, 0.6270754925835732, 0.6270754925835732, 0.6270754925835732, 0.6270754925835732, 0.6270754925835732, 0.6270754925835732, 0.6270754925835732, 0.6270754925835732, 0.6270754925835732, 0.6270754925835732, 0.6270754925835732, 0.6270754925835732, 0.6270754925835732]
--------------------------------------------
outputs[ 2 ]=[0.0, 0.0, 0.0, 0.0, 0.0, 1.2299215310063217e-05, 1.2299215310063217e-05, 1.2299215310063217e-05, 1.2299215310063217e-05, 1.2299215310063217e-05, 1.2299215310063217e-05, 1.2299215310063217e-05, 1.2299215310063217e-05, 1.2299215310063217e-05, 1.2299215310063217e-05, 1.2299215310063217e-05, 1.2299215310063217e-05, 1.2299215310063217e-05, 1.2299215310063217e-05, 1.2299215310063217e-05, 1.2299215310063217e-05, 1.2299215310063217e-05, 1.2299215310063217e-05, 1.2299215310063217e-05, 1.2299215310063217e-05, 1.2299215310063217e-05, 1.2299215310063217e-05, 1.2299215310063217e-05, 1.2299215310063217e-05, 1.2299215310063217e-05, 1.2299215310063217e-05, 1.2299215310063217e-05, 1.2299215310063217e-05, 1.2299215310063217e-05, 1.2299215310063217e-05, 1.2299215310063217e-05, 1.2299215310063217e-05, 1.2299215310063217e-05, 1.2299215310063217e-05, 1.2299215310063217e-05, 1.2299215310063217e-05, 1.2299215310063217e-05, 1.2299215310063217e-05, 1.2299215310063217e-05, 1.2299215310063217e-05, 1.2299215310063217e-05, 1.2299215310063217e-05, 1.2299215310063217e-05, 1.2299215310063217e-05, 1.2299215310063217e-05, 1.2299215310063217e-05, 1.2299215310063217e-05, 1.2299215310063217e-05, 1.2299215310063217e-05, 1.2299215310063217e-05]
--------------------------------------------
outputs[ 3 ]=[0.0, 0.0, 0.0, 0.0, 0.0, 1.2299215310063217e-05, 2.4598430620126434e-05, 9.839372248050574e-05, 0.0004796693970924655, 0.0019432760189899885, 0.008732442870144885, 0.039037709394140654, 0.10627751949425626, 0.19943177625267508, 0.31294123434924853, 0.42065776203478217, 0.4916488328044671, 0.5358645118441443, 0.5632917619855853, 0.5799571987307209, 0.5895751851031904, 0.595724792758222, 0.5999065259636435, 0.6028583376380587, 0.6055026689297223, 0.6080363072835953, 0.6099795833025853, 0.6118613632450249, 0.6133741667281627, 0.6152313482399823, 0.6161783878188571, 0.6168917423068409, 0.6183922465746685, 0.6191793963545126, 0.6197082626128453, 0.620224829655868, 0.6204585147467592, 0.6205938061151699, 0.6206799006223402, 0.6207536959142007, 0.6207905935601309, 0.6207905935601309, 0.6207905935601309, 0.6208028927754409, 0.6208028927754409, 0.6208028927754409, 0.6208028927754409, 0.6208028927754409, 0.6208028927754409, 0.6208028927754409, 0.6208028927754409, 0.6208028927754409, 0.6208028927754409, 0.6208028927754409, 0.6208028927754409]
--------------------------------------------
outputs[ 4 ]=[0.0, 0.0, 0.0, 0.0, 0.0, 1.2299215310063217e-05, 1.2299215310063217e-05, 1.2299215310063217e-05, 1.2299215310063217e-05, 1.2299215310063217e-05, 1.2299215310063217e-05, 1.2299215310063217e-05, 1.2299215310063217e-05, 1.2299215310063217e-05, 1.2299215310063217e-05, 1.2299215310063217e-05, 1.2299215310063217e-05, 1.2299215310063217e-05, 1.2299215310063217e-05, 1.2299215310063217e-05, 1.2299215310063217e-05, 1.2299215310063217e-05, 1.2299215310063217e-05, 1.2299215310063217e-05, 1.2299215310063217e-05, 1.2299215310063217e-05, 1.2299215310063217e-05, 1.2299215310063217e-05, 1.2299215310063217e-05, 1.2299215310063217e-05, 1.2299215310063217e-05, 1.2299215310063217e-05, 1.2299215310063217e-05, 1.2299215310063217e-05, 1.2299215310063217e-05, 1.2299215310063217e-05, 1.2299215310063217e-05, 1.2299215310063217e-05, 1.2299215310063217e-05, 1.2299215310063217e-05, 1.2299215310063217e-05, 1.2299215310063217e-05, 1.2299215310063217e-05, 1.2299215310063217e-05, 1.2299215310063217e-05, 1.2299215310063217e-05, 1.2299215310063217e-05, 1.2299215310063217e-05, 1.2299215310063217e-05, 1.2299215310063217e-05, 1.2299215310063217e-05, 1.2299215310063217e-05, 1.2299215310063217e-05, 1.2299215310063217e-05, 1.2299215310063217e-05]
--------------------------------------------
outputs[ 5 ]=[0.0, 0.0, 0.0, 0.0, 0.0, 1.2299215310063217e-05, 2.4598430620126434e-05, 9.839372248050574e-05, 0.000282881952131454, 0.0005780631195729713, 0.0007994489951541092, 0.0009962364401151207, 0.0011684254544560057, 0.0014390081912773966, 0.001857181511819546, 0.0031240006887560574, 0.005227166506776868, 0.01421789289843308, 0.033503062504612206, 0.06939217277937668, 0.15804491673431234, 0.29417263178609204, 0.4101542321599882, 0.48623717806803923, 0.5294566206676014, 0.5533662952303643, 0.567522692052247, 0.5768700956878952, 0.5833517821562985, 0.5877794996679212, 0.5914200673996999, 0.5951713280692692, 0.5979386515140334, 0.5995498487196517, 0.6008781639731385, 0.6018744004132537, 0.6027353454849581, 0.6041989521068556, 0.6048877081642191, 0.605637960298133, 0.6062037242023959, 0.6064866061545273, 0.606621897522938, 0.6066956928147984, 0.6067202912454186, 0.6067325904607286, 0.6067694881066588, 0.6067817873219689, 0.6068063857525889, 0.6068063857525889, 0.6068063857525889, 0.6068063857525889, 0.6068063857525889, 0.6068063857525889, 0.6068063857525889]
--------------------------------------------
outputs[ 6 ]=[0.0, 0.0, 0.0, 0.0, 0.0, 1.2299215310063217e-05, 0.0003443780286817701, 0.00317319754999631, 0.010872506334095885, 0.031326101394731014, 0.08329028607974812, 0.18542297001451308, 0.31343320296165106, 0.41682040685804245, 0.48509335104420337, 0.532679015078838, 0.5616313679187268, 0.579170048950877, 0.5905099254667552, 0.59727449388729, 0.6018129043367033, 0.6051090940398003, 0.6075074410252626, 0.6092539295992916, 0.6117752687378545, 0.6131281824219614, 0.6138784345558753, 0.6148254741347502, 0.6165842619240892, 0.6180478685459868, 0.6188965144023811, 0.6193638845841636, 0.6195975696750547, 0.6197574594740856, 0.6198927508424963, 0.6199665461343566, 0.6199911445649767, 0.6200280422109069, 0.6200649398568371, 0.6200772390721472, 0.6200895382874573, 0.6201141367180774, 0.6201264359333875, 0.6201264359333875, 0.6201264359333875, 0.6201264359333875, 0.6201264359333875, 0.6201264359333875, 0.6201264359333875, 0.6201264359333875, 0.6201264359333875, 0.6201264359333875, 0.6201264359333875, 0.6201264359333875, 0.6201264359333875]
--------------------------------------------
outputs[ 7 ]=[0.0, 0.0, 0.0, 0.0, 0.0, 1.2299215310063217e-05, 1.2299215310063217e-05, 2.4598430620126434e-05, 3.6897645930189655e-05, 4.919686124025287e-05, 4.919686124025287e-05, 4.919686124025287e-05, 4.919686124025287e-05, 4.919686124025287e-05, 4.919686124025287e-05, 4.919686124025287e-05, 4.919686124025287e-05, 4.919686124025287e-05, 4.919686124025287e-05, 4.919686124025287e-05, 4.919686124025287e-05, 4.919686124025287e-05, 4.919686124025287e-05, 4.919686124025287e-05, 4.919686124025287e-05, 4.919686124025287e-05, 4.919686124025287e-05, 4.919686124025287e-05, 4.919686124025287e-05, 4.919686124025287e-05, 4.919686124025287e-05, 4.919686124025287e-05, 4.919686124025287e-05, 4.919686124025287e-05, 4.919686124025287e-05, 4.919686124025287e-05, 4.919686124025287e-05, 4.919686124025287e-05, 4.919686124025287e-05, 4.919686124025287e-05, 4.919686124025287e-05, 4.919686124025287e-05, 4.919686124025287e-05, 4.919686124025287e-05, 4.919686124025287e-05, 4.919686124025287e-05, 4.919686124025287e-05, 4.919686124025287e-05, 4.919686124025287e-05, 4.919686124025287e-05, 4.919686124025287e-05, 4.919686124025287e-05, 4.919686124025287e-05, 4.919686124025287e-05, 4.919686124025287e-05]
--------------------------------------------
outputs[ 8 ]=[0.0, 0.0, 0.0, 0.0, 0.0, 1.2299215310063217e-05, 3.6897645930189655e-05, 0.0002705827368213908, 0.002029370526160431, 0.011167687501537403, 0.04154674931739355, 0.09481465082527735, 0.17597717265638452, 0.28805992177699064, 0.39518608712764125, 0.475487663887044, 0.5256069662755516, 0.5546331144073008, 0.5704991021572824, 0.5816298920128896, 0.5887265392467961, 0.5936216269402013, 0.5969055174279881, 0.5991316753991095, 0.6007551718200379, 0.6027353454849581, 0.6047401175804984, 0.6067694881066588, 0.6082945908051066, 0.6093646225370821, 0.6102132683934764, 0.6111357095417312, 0.6118613632450249, 0.6122057412737067, 0.6123410326421175, 0.6123779302880477, 0.6123902295033576, 0.6123902295033576, 0.6123902295033576, 0.6123902295033576, 0.6123902295033576, 0.6123902295033576, 0.6123902295033576, 0.6123902295033576, 0.6123902295033576, 0.6123902295033576, 0.6123902295033576, 0.6123902295033576, 0.6123902295033576, 0.6123902295033576, 0.6123902295033576, 0.6123902295033576, 0.6123902295033576, 0.6123902295033576, 0.6123902295033576]
--------------------------------------------
outputs[ 9 ]=[0.0, 0.0, 0.0, 0.0, 0.0, 1.2299215310063217e-05, 1.2299215310063217e-05, 1.2299215310063217e-05, 1.2299215310063217e-05, 1.2299215310063217e-05, 1.2299215310063217e-05, 1.2299215310063217e-05, 1.2299215310063217e-05, 1.2299215310063217e-05, 1.2299215310063217e-05, 1.2299215310063217e-05, 1.2299215310063217e-05, 1.2299215310063217e-05, 1.2299215310063217e-05, 1.2299215310063217e-05, 1.2299215310063217e-05, 1.2299215310063217e-05, 1.2299215310063217e-05, 1.2299215310063217e-05, 1.2299215310063217e-05, 1.2299215310063217e-05, 1.2299215310063217e-05, 1.2299215310063217e-05, 1.2299215310063217e-05, 1.2299215310063217e-05, 1.2299215310063217e-05, 1.2299215310063217e-05, 1.2299215310063217e-05, 1.2299215310063217e-05, 1.2299215310063217e-05, 1.2299215310063217e-05, 1.2299215310063217e-05, 1.2299215310063217e-05, 1.2299215310063217e-05, 1.2299215310063217e-05, 1.2299215310063217e-05, 1.2299215310063217e-05, 1.2299215310063217e-05, 1.2299215310063217e-05, 1.2299215310063217e-05, 1.2299215310063217e-05, 1.2299215310063217e-05, 1.2299215310063217e-05, 1.2299215310063217e-05, 1.2299215310063217e-05, 1.2299215310063217e-05, 1.2299215310063217e-05, 1.2299215310063217e-05, 1.2299215310063217e-05, 1.2299215310063217e-05]
--------------------------------------------
outputs[ 10 ]=[0.0, 0.0, 0.0, 0.0, 0.0, 1.2299215310063217e-05, 1.2299215310063217e-05, 1.2299215310063217e-05, 1.2299215310063217e-05, 1.2299215310063217e-05, 1.2299215310063217e-05, 1.2299215310063217e-05, 1.2299215310063217e-05, 1.2299215310063217e-05, 1.2299215310063217e-05, 1.2299215310063217e-05, 1.2299215310063217e-05, 1.2299215310063217e-05, 1.2299215310063217e-05, 1.2299215310063217e-05, 1.2299215310063217e-05, 1.2299215310063217e-05, 1.2299215310063217e-05, 1.2299215310063217e-05, 1.2299215310063217e-05, 1.2299215310063217e-05, 1.2299215310063217e-05, 1.2299215310063217e-05, 1.2299215310063217e-05, 1.2299215310063217e-05, 1.2299215310063217e-05, 1.2299215310063217e-05, 1.2299215310063217e-05, 1.2299215310063217e-05, 1.2299215310063217e-05, 1.2299215310063217e-05, 1.2299215310063217e-05, 1.2299215310063217e-05, 1.2299215310063217e-05, 1.2299215310063217e-05, 1.2299215310063217e-05, 1.2299215310063217e-05, 1.2299215310063217e-05, 1.2299215310063217e-05, 1.2299215310063217e-05, 1.2299215310063217e-05, 1.2299215310063217e-05, 1.2299215310063217e-05, 1.2299215310063217e-05, 1.2299215310063217e-05, 1.2299215310063217e-05, 1.2299215310063217e-05, 1.2299215310063217e-05, 1.2299215310063217e-05, 1.2299215310063217e-05]
--------------------------------------------
outputs[ 11 ]=[0.0, 0.0, 0.0, 0.0, 0.0, 1.2299215310063217e-05, 3.6897645930189655e-05, 0.0001352913684106954, 0.00024598430620126436, 0.0004181733205421494, 0.0016726932821685976, 0.008437261702703367, 0.021855705605982337, 0.0379184808009249, 0.05737583942144491, 0.08646348362974442, 0.15802031830369223, 0.28455464541362263, 0.40123730106019234, 0.48476127223083165, 0.5405013160160381, 0.5740781738125108, 0.5932034536196591, 0.6051336924704204, 0.612267237350257, 0.6160553956657565, 0.6187120261727301, 0.620237128871178, 0.6214670504021843, 0.6222050033207881, 0.6228445625169114, 0.623336531129314, 0.6235210193589649, 0.623914594248887, 0.6254273977320247, 0.6268049098467517, 0.6274567682581851, 0.6276904533490764, 0.6278749415787273, 0.6281455243155487, 0.6284653039136103, 0.6285636976360908, 0.6286497921432612, 0.6286989890045015, 0.6286989890045015, 0.6286989890045015, 0.6286989890045015, 0.6286989890045015, 0.6286989890045015, 0.6286989890045015, 0.6286989890045015, 0.6286989890045015, 0.6286989890045015, 0.6286989890045015, 0.6286989890045015]
--------------------------------------------
outputs[ 12 ]=[0.0, 0.0, 0.0, 0.0, 0.0, 1.2299215310063217e-05, 2.4598430620126434e-05, 2.4598430620126434e-05, 2.4598430620126434e-05, 2.4598430620126434e-05, 2.4598430620126434e-05, 2.4598430620126434e-05, 2.4598430620126434e-05, 2.4598430620126434e-05, 2.4598430620126434e-05, 2.4598430620126434e-05, 2.4598430620126434e-05, 2.4598430620126434e-05, 2.4598430620126434e-05, 2.4598430620126434e-05, 2.4598430620126434e-05, 2.4598430620126434e-05, 2.4598430620126434e-05, 2.4598430620126434e-05, 2.4598430620126434e-05, 2.4598430620126434e-05, 2.4598430620126434e-05, 2.4598430620126434e-05, 2.4598430620126434e-05, 2.4598430620126434e-05, 2.4598430620126434e-05, 2.4598430620126434e-05, 2.4598430620126434e-05, 2.4598430620126434e-05, 2.4598430620126434e-05, 2.4598430620126434e-05, 2.4598430620126434e-05, 2.4598430620126434e-05, 2.4598430620126434e-05, 2.4598430620126434e-05, 2.4598430620126434e-05, 2.4598430620126434e-05, 2.4598430620126434e-05, 2.4598430620126434e-05, 2.4598430620126434e-05, 2.4598430620126434e-05, 2.4598430620126434e-05, 2.4598430620126434e-05, 2.4598430620126434e-05, 2.4598430620126434e-05, 2.4598430620126434e-05, 2.4598430620126434e-05, 2.4598430620126434e-05, 2.4598430620126434e-05, 2.4598430620126434e-05]
--------------------------------------------
outputs[ 13 ]=[0.0, 0.0, 0.0, 0.0, 0.0, 1.2299215310063217e-05, 2.4598430620126434e-05, 6.149607655031609e-05, 0.00018448822965094828, 0.000565763904262908, 0.0018325830811994194, 0.007428726047278184, 0.024512336112955994, 0.06246771455981109, 0.13109733598996384, 0.2388876589673579, 0.35552111775268735, 0.4524266351806755, 0.5099500651858412, 0.5498979165129265, 0.5735862052001083, 0.5877180035913708, 0.5970162103657787, 0.6043711411211965, 0.6080609057142154, 0.6111480087570413, 0.6136816471109143, 0.6156249231299044, 0.6175804983642044, 0.6191547979238925, 0.6211718692347428, 0.6242466730622587, 0.6259685632056675, 0.6269525004304726, 0.6273829729663247, 0.627616658057216, 0.6277519494256266, 0.627825744717487, 0.6278626423634173, 0.6278749415787273, 0.6278749415787273, 0.6278749415787273, 0.6278749415787273, 0.6278749415787273, 0.6278749415787273, 0.6278749415787273, 0.6278749415787273, 0.6278749415787273, 0.6278749415787273, 0.6278749415787273, 0.6278749415787273, 0.6278749415787273, 0.6278749415787273, 0.6278749415787273, 0.6278749415787273]
--------------------------------------------
outputs[ 14 ]=[0.0, 0.0, 0.0, 0.0, 0.0, 1.2299215310063217e-05, 0.00011069293779056896, 0.0006395591961232874, 0.002755024229454161, 0.012139325511032396, 0.038287457260226795, 0.08495068014660664, 0.15362949843799967, 0.25319164637296143, 0.3582269451209013, 0.44243967234890413, 0.49811822005756035, 0.533466164858682, 0.5559491304454776, 0.5704745037266622, 0.5797358128551399, 0.5869185545962168, 0.5912109807394288, 0.5939783041841931, 0.5969670135045384, 0.6000172189014341, 0.603682385063833, 0.606216023417706, 0.6086881656950287, 0.6108528275895998, 0.6117752687378545, 0.6124148279339778, 0.6129682926229306, 0.613607851819054, 0.6138661353405652, 0.6138907337711854, 0.6139399306324257, 0.6139645290630458, 0.6139645290630458, 0.6139645290630458, 0.6139645290630458, 0.6139645290630458, 0.6139645290630458, 0.6139645290630458, 0.6139645290630458, 0.6139645290630458, 0.6139645290630458, 0.6139645290630458, 0.6139645290630458, 0.6139645290630458, 0.6139645290630458, 0.6139645290630458, 0.6139645290630458, 0.6139645290630458, 0.6139645290630458]
--------------------------------------------
outputs[ 15 ]=[0.0, 0.0, 0.0, 0.0, 0.0, 1.2299215310063217e-05, 4.919686124025287e-05, 0.0002705827368213908, 0.0007502521339138563, 0.001242220746316385, 0.0020539689567805573, 0.0034191818561975745, 0.005473150812978132, 0.011376774161808477, 0.029358226945120903, 0.08766880673013062, 0.2037733992571274, 0.3368509089120114, 0.4354291196221681, 0.49322313236415516, 0.5303913610311662, 0.5563427053353996, 0.5725653703293729, 0.5825892308070745, 0.5891078149214081, 0.5947777531793471, 0.599045580891939, 0.601542321599882, 0.6044203379824368, 0.6070646692741003, 0.6092416303839815, 0.6110250166039407, 0.612254938134947, 0.6132634737903722, 0.6139768282783559, 0.6142966078764175, 0.614591789043859, 0.6147639780581999, 0.6148254741347502, 0.6148500725653703, 0.6148500725653703, 0.6148623717806804, 0.6148623717806804, 0.6148623717806804, 0.6148623717806804, 0.6148623717806804, 0.6148623717806804, 0.6148623717806804, 0.6148623717806804, 0.6148623717806804, 0.6148623717806804, 0.6148623717806804, 0.6148623717806804, 0.6148623717806804, 0.6148623717806804]
--------------------------------------------
outputs[ 16 ]=[0.0, 0.0, 0.0, 0.0, 0.0, 1.2299215310063217e-05, 1.2299215310063217e-05, 1.2299215310063217e-05, 1.2299215310063217e-05, 1.2299215310063217e-05, 1.2299215310063217e-05, 1.2299215310063217e-05, 1.2299215310063217e-05, 1.2299215310063217e-05, 1.2299215310063217e-05, 1.2299215310063217e-05, 1.2299215310063217e-05, 1.2299215310063217e-05, 1.2299215310063217e-05, 1.2299215310063217e-05, 1.2299215310063217e-05, 1.2299215310063217e-05, 1.2299215310063217e-05, 1.2299215310063217e-05, 1.2299215310063217e-05, 1.2299215310063217e-05, 1.2299215310063217e-05, 1.2299215310063217e-05, 1.2299215310063217e-05, 1.2299215310063217e-05, 1.2299215310063217e-05, 1.2299215310063217e-05, 1.2299215310063217e-05, 1.2299215310063217e-05, 1.2299215310063217e-05, 1.2299215310063217e-05, 1.2299215310063217e-05, 1.2299215310063217e-05, 1.2299215310063217e-05, 1.2299215310063217e-05, 1.2299215310063217e-05, 1.2299215310063217e-05, 1.2299215310063217e-05, 1.2299215310063217e-05, 1.2299215310063217e-05, 1.2299215310063217e-05, 1.2299215310063217e-05, 1.2299215310063217e-05, 1.2299215310063217e-05, 1.2299215310063217e-05, 1.2299215310063217e-05, 1.2299215310063217e-05, 1.2299215310063217e-05, 1.2299215310063217e-05, 1.2299215310063217e-05]
--------------------------------------------
outputs[ 17 ]=[0.0, 0.0, 0.0, 0.0, 0.0, 1.2299215310063217e-05, 3.6897645930189655e-05, 0.00019678744496101148, 0.001193023885076132, 0.00210316581802081, 0.005116473568986299, 0.01991242958699235, 0.06985954296115908, 0.1665928713748063, 0.27882321107913316, 0.3804393279708755, 0.4584778491132266, 0.511106191424987, 0.544929033527661, 0.5661082822915898, 0.5783828991710329, 0.5855902393427299, 0.5907928074188866, 0.5944948712272157, 0.5987503997244976, 0.6020588886429046, 0.6043465426905763, 0.6063636140014267, 0.609327724891152, 0.6123779302880477, 0.6138661353405652, 0.6146901827663395, 0.6149238678572307, 0.6150960568715715, 0.6152928443165326, 0.6155388286227339, 0.615563427053354, 0.6156003246992842, 0.6156003246992842, 0.6156003246992842, 0.6156003246992842, 0.6156003246992842, 0.6156003246992842, 0.6156003246992842, 0.6156003246992842, 0.6156003246992842, 0.6156003246992842, 0.6156003246992842, 0.6156003246992842, 0.6156003246992842, 0.6156003246992842, 0.6156003246992842, 0.6156003246992842, 0.6156003246992842, 0.6156003246992842]
--------------------------------------------
outputs[ 18 ]=[0.0, 0.0, 0.0, 0.0, 0.0, 1.2299215310063217e-05, 2.4598430620126434e-05, 0.00019678744496101148, 0.001463606621897523, 0.007354930755417805, 0.02778392738543281, 0.08538115268245886, 0.20881607753425332, 0.34181979189727696, 0.4401397190859223, 0.4984257004403119, 0.5374142129732123, 0.5617420608565173, 0.5778048360514599, 0.5882099722037734, 0.5945809657343861, 0.598639706786707, 0.6026861486237178, 0.6081224017907657, 0.6142966078764175, 0.6178879787469559, 0.6197697586893957, 0.6208274912060611, 0.6213686566797039, 0.6217499323543157, 0.6219590190145868, 0.6221681056748579, 0.6223648931198189, 0.6224755860576096, 0.62257397978009, 0.6226846727178806, 0.622758468009741, 0.6227830664403611, 0.6227953656556712, 0.6228199640862913, 0.6228322633016014, 0.6228322633016014, 0.6228322633016014, 0.6228322633016014, 0.6228322633016014, 0.6228322633016014, 0.6228322633016014, 0.6228322633016014, 0.6228322633016014, 0.6228322633016014, 0.6228322633016014, 0.6228322633016014, 0.6228322633016014, 0.6228322633016014, 0.6228322633016014]
--------------------------------------------
outputs[ 19 ]=[0.0, 0.0, 0.0, 0.0, 0.0, 1.2299215310063217e-05, 0.00014759058372075862, 0.0014390081912773966, 0.0059774186406907235, 0.015890586180601678, 0.04026763092514698, 0.08070745086463484, 0.1499028361990505, 0.2683688780655794, 0.3903155978648562, 0.47615182151378743, 0.5283988881509359, 0.5603645487417903, 0.5811625218311072, 0.5924286030551251, 0.5997835338105428, 0.6045433301355374, 0.6082207955132463, 0.6122303397043268, 0.616325978402578, 0.6192900892923031, 0.6216269402012151, 0.6230167515312524, 0.6237178068039259, 0.6241605785550882, 0.624910830689002, 0.6256979804688461, 0.6264113349568298, 0.6269770988610927, 0.6271984847366738, 0.6272599808132241, 0.6272845792438443, 0.6272845792438443, 0.6272845792438443, 0.6272845792438443, 0.6272845792438443, 0.6272845792438443, 0.6272845792438443, 0.6272845792438443, 0.6272845792438443, 0.6272845792438443, 0.6272845792438443, 0.6272845792438443, 0.6272845792438443, 0.6272845792438443, 0.6272845792438443, 0.6272845792438443, 0.6272845792438443, 0.6272845792438443, 0.6272845792438443]
--------------------------------------------
avg_output=[0.0, 0.0, 0.0, 0.0, 0.0, 1.2299215310063217e-05, 6.149607655031608e-05, 0.0004593756918308611, 0.002026295722332915, 0.006903549553538485, 0.019963471330529108, 0.04632683934764962, 0.08790556662484933, 0.1390069613558655, 0.18926831968120433, 0.23308611910560106, 0.27079551324625495, 0.30316212825621724, 0.3266806877721201, 0.3430700071335449, 0.35674796447986623, 0.3695059405209948, 0.37915836469633246, 0.3858349937274002, 0.3903045285710772, 0.39328093867611247, 0.3953699603965267, 0.39684340639067234, 0.3981624972326766, 0.3992325289646521, 0.3999932354315795, 0.40070044031190816, 0.40121762231569635, 0.4015650751482055, 0.40185041694339907, 0.4020551988783117, 0.4021794209529433, 0.4022907288514993, 0.4023473052419256, 0.40240695643617935, 0.40245430841512314, 0.4024752170811502, 0.4024869013356948, 0.40249366590411534, 0.40249489582564635, 0.4024955107864119, 0.4024973556687084, 0.4024979706294739, 0.40249920055100485, 0.40249920055100485, 0.40249920055100485, 0.40249920055100485, 0.40249920055100485, 0.40249920055100485, 0.40249920055100485]
