outputs[ 0 ]=[0.0, 0.0, 0.0, 0.0, 0.0, 1.2299215310063217e-05, 1.2299215310063217e-05, 1.2299215310063217e-05, 1.2299215310063217e-05, 1.2299215310063217e-05, 1.2299215310063217e-05, 1.2299215310063217e-05, 1.2299215310063217e-05, 1.2299215310063217e-05, 1.2299215310063217e-05, 1.2299215310063217e-05, 1.2299215310063217e-05, 1.2299215310063217e-05, 1.2299215310063217e-05, 1.2299215310063217e-05, 1.2299215310063217e-05, 1.2299215310063217e-05, 1.2299215310063217e-05, 1.2299215310063217e-05, 1.2299215310063217e-05, 1.2299215310063217e-05, 1.2299215310063217e-05, 1.2299215310063217e-05, 1.2299215310063217e-05, 1.2299215310063217e-05, 1.2299215310063217e-05, 1.2299215310063217e-05, 1.2299215310063217e-05, 1.2299215310063217e-05, 1.2299215310063217e-05, 1.2299215310063217e-05, 1.2299215310063217e-05, 1.2299215310063217e-05, 1.2299215310063217e-05, 1.2299215310063217e-05, 1.2299215310063217e-05, 1.2299215310063217e-05, 1.2299215310063217e-05, 1.2299215310063217e-05, 1.2299215310063217e-05, 1.2299215310063217e-05, 1.2299215310063217e-05, 1.2299215310063217e-05, 1.2299215310063217e-05, 1.2299215310063217e-05, 1.2299215310063217e-05, 1.2299215310063217e-05, 1.2299215310063217e-05, 1.2299215310063217e-05, 1.2299215310063217e-05]
outputs_edges[ 0 ]=[0, 0, 0, 0, 0, 0, 0, 0, 0, 0, 0, 0, 0, 0, 0, 0, 0, 0, 0, 0, 0, 0, 0, 0, 0, 0, 0, 0, 0, 0, 0, 0, 0, 0, 0, 0, 0, 0, 0, 0, 0, 0, 0, 0, 0, 0, 0, 0, 0, 0, 0, 0, 0, 0, 0]
--------------------------------------------
outputs[ 1 ]=[0.0, 0.0, 0.0, 0.0, 0.0, 1.2299215310063217e-05, 1.2299215310063217e-05, 1.2299215310063217e-05, 1.2299215310063217e-05, 1.2299215310063217e-05, 1.2299215310063217e-05, 1.2299215310063217e-05, 1.2299215310063217e-05, 1.2299215310063217e-05, 1.2299215310063217e-05, 1.2299215310063217e-05, 1.2299215310063217e-05, 1.2299215310063217e-05, 1.2299215310063217e-05, 1.2299215310063217e-05, 1.2299215310063217e-05, 1.2299215310063217e-05, 1.2299215310063217e-05, 1.2299215310063217e-05, 1.2299215310063217e-05, 1.2299215310063217e-05, 1.2299215310063217e-05, 1.2299215310063217e-05, 1.2299215310063217e-05, 1.2299215310063217e-05, 1.2299215310063217e-05, 1.2299215310063217e-05, 1.2299215310063217e-05, 1.2299215310063217e-05, 1.2299215310063217e-05, 1.2299215310063217e-05, 1.2299215310063217e-05, 1.2299215310063217e-05, 1.2299215310063217e-05, 1.2299215310063217e-05, 1.2299215310063217e-05, 1.2299215310063217e-05, 1.2299215310063217e-05, 1.2299215310063217e-05, 1.2299215310063217e-05, 1.2299215310063217e-05, 1.2299215310063217e-05, 1.2299215310063217e-05, 1.2299215310063217e-05, 1.2299215310063217e-05, 1.2299215310063217e-05, 1.2299215310063217e-05, 1.2299215310063217e-05, 1.2299215310063217e-05, 1.2299215310063217e-05]
outputs_edges[ 1 ]=[0, 0, 0, 0, 0, 0, 0, 0, 0, 0, 0, 0, 0, 0, 0, 0, 0, 0, 0, 0, 0, 0, 0, 0, 0, 0, 0, 0, 0, 0, 0, 0, 0, 0, 0, 0, 0, 0, 0, 0, 0, 0, 0, 0, 0, 0, 0, 0, 0, 0, 0, 0, 0, 0, 0]
--------------------------------------------
outputs[ 2 ]=[0.0, 0.0, 0.0, 0.0, 0.0, 1.2299215310063217e-05, 1.2299215310063217e-05, 1.2299215310063217e-05, 1.2299215310063217e-05, 1.2299215310063217e-05, 1.2299215310063217e-05, 1.2299215310063217e-05, 1.2299215310063217e-05, 1.2299215310063217e-05, 1.2299215310063217e-05, 1.2299215310063217e-05, 1.2299215310063217e-05, 1.2299215310063217e-05, 1.2299215310063217e-05, 1.2299215310063217e-05, 1.2299215310063217e-05, 1.2299215310063217e-05, 1.2299215310063217e-05, 1.2299215310063217e-05, 1.2299215310063217e-05, 1.2299215310063217e-05, 1.2299215310063217e-05, 1.2299215310063217e-05, 1.2299215310063217e-05, 1.2299215310063217e-05, 1.2299215310063217e-05, 1.2299215310063217e-05, 1.2299215310063217e-05, 1.2299215310063217e-05, 1.2299215310063217e-05, 1.2299215310063217e-05, 1.2299215310063217e-05, 1.2299215310063217e-05, 1.2299215310063217e-05, 1.2299215310063217e-05, 1.2299215310063217e-05, 1.2299215310063217e-05, 1.2299215310063217e-05, 1.2299215310063217e-05, 1.2299215310063217e-05, 1.2299215310063217e-05, 1.2299215310063217e-05, 1.2299215310063217e-05, 1.2299215310063217e-05, 1.2299215310063217e-05, 1.2299215310063217e-05, 1.2299215310063217e-05, 1.2299215310063217e-05, 1.2299215310063217e-05, 1.2299215310063217e-05]
outputs_edges[ 2 ]=[0, 0, 0, 0, 0, 0, 0, 0, 0, 0, 0, 0, 0, 0, 0, 0, 0, 0, 0, 0, 0, 0, 0, 0, 0, 0, 0, 0, 0, 0, 0, 0, 0, 0, 0, 0, 0, 0, 0, 0, 0, 0, 0, 0, 0, 0, 0, 0, 0, 0, 0, 0, 0, 0, 0]
--------------------------------------------
outputs[ 3 ]=[0.0, 0.0, 0.0, 0.0, 0.0, 1.2299215310063217e-05, 1.2299215310063217e-05, 1.2299215310063217e-05, 1.2299215310063217e-05, 1.2299215310063217e-05, 1.2299215310063217e-05, 1.2299215310063217e-05, 1.2299215310063217e-05, 1.2299215310063217e-05, 1.2299215310063217e-05, 1.2299215310063217e-05, 1.2299215310063217e-05, 1.2299215310063217e-05, 1.2299215310063217e-05, 1.2299215310063217e-05, 1.2299215310063217e-05, 1.2299215310063217e-05, 1.2299215310063217e-05, 1.2299215310063217e-05, 1.2299215310063217e-05, 1.2299215310063217e-05, 1.2299215310063217e-05, 1.2299215310063217e-05, 1.2299215310063217e-05, 1.2299215310063217e-05, 1.2299215310063217e-05, 1.2299215310063217e-05, 1.2299215310063217e-05, 1.2299215310063217e-05, 1.2299215310063217e-05, 1.2299215310063217e-05, 1.2299215310063217e-05, 1.2299215310063217e-05, 1.2299215310063217e-05, 1.2299215310063217e-05, 1.2299215310063217e-05, 1.2299215310063217e-05, 1.2299215310063217e-05, 1.2299215310063217e-05, 1.2299215310063217e-05, 1.2299215310063217e-05, 1.2299215310063217e-05, 1.2299215310063217e-05, 1.2299215310063217e-05, 1.2299215310063217e-05, 1.2299215310063217e-05, 1.2299215310063217e-05, 1.2299215310063217e-05, 1.2299215310063217e-05, 1.2299215310063217e-05]
outputs_edges[ 3 ]=[0, 0, 0, 0, 0, 0, 0, 0, 0, 0, 0, 0, 0, 0, 0, 0, 0, 0, 0, 0, 0, 0, 0, 0, 0, 0, 0, 0, 0, 0, 0, 0, 0, 0, 0, 0, 0, 0, 0, 0, 0, 0, 0, 0, 0, 0, 0, 0, 0, 0, 0, 0, 0, 0, 0]
--------------------------------------------
outputs[ 4 ]=[0.0, 0.0, 0.0, 0.0, 0.0, 1.2299215310063217e-05, 1.2299215310063217e-05, 1.2299215310063217e-05, 1.2299215310063217e-05, 1.2299215310063217e-05, 1.2299215310063217e-05, 1.2299215310063217e-05, 1.2299215310063217e-05, 1.2299215310063217e-05, 1.2299215310063217e-05, 1.2299215310063217e-05, 1.2299215310063217e-05, 1.2299215310063217e-05, 1.2299215310063217e-05, 1.2299215310063217e-05, 1.2299215310063217e-05, 1.2299215310063217e-05, 1.2299215310063217e-05, 1.2299215310063217e-05, 1.2299215310063217e-05, 1.2299215310063217e-05, 1.2299215310063217e-05, 1.2299215310063217e-05, 1.2299215310063217e-05, 1.2299215310063217e-05, 1.2299215310063217e-05, 1.2299215310063217e-05, 1.2299215310063217e-05, 1.2299215310063217e-05, 1.2299215310063217e-05, 1.2299215310063217e-05, 1.2299215310063217e-05, 1.2299215310063217e-05, 1.2299215310063217e-05, 1.2299215310063217e-05, 1.2299215310063217e-05, 1.2299215310063217e-05, 1.2299215310063217e-05, 1.2299215310063217e-05, 1.2299215310063217e-05, 1.2299215310063217e-05, 1.2299215310063217e-05, 1.2299215310063217e-05, 1.2299215310063217e-05, 1.2299215310063217e-05, 1.2299215310063217e-05, 1.2299215310063217e-05, 1.2299215310063217e-05, 1.2299215310063217e-05, 1.2299215310063217e-05]
outputs_edges[ 4 ]=[0, 0, 0, 0, 0, 0, 0, 0, 0, 0, 0, 0, 0, 0, 0, 0, 0, 0, 0, 0, 0, 0, 0, 0, 0, 0, 0, 0, 0, 0, 0, 0, 0, 0, 0, 0, 0, 0, 0, 0, 0, 0, 0, 0, 0, 0, 0, 0, 0, 0, 0, 0, 0, 0, 0]
--------------------------------------------
outputs[ 5 ]=[0.0, 0.0, 0.0, 0.0, 0.0, 1.2299215310063217e-05, 7.379529186037931e-05, 0.0007256537032937298, 0.0028042210906944138, 0.006211103731581925, 0.016271861855213638, 0.044486261776498656, 0.10684328339851917, 0.2009568789511229, 0.31029690305758495, 0.39903574151969107, 0.4586008412663272, 0.4980198263350798, 0.5203306029075345, 0.5342902122844563, 0.543772907288515, 0.550193097680368, 0.5540058544264876, 0.5567116817947015, 0.5586057609524512, 0.5603891471724104, 0.5619880451627186, 0.5629104863109734, 0.5633901557080658, 0.5637960298132979, 0.5641404078419797, 0.5645216835165916, 0.5648414631146533, 0.564964455267754, 0.564989053698374, 0.5650136521289941, 0.5650136521289941, 0.5650259513443042, 0.5650382505596143, 0.5650505497749243, 0.5650505497749243, 0.5650505497749243, 0.5650505497749243, 0.5650505497749243, 0.5650505497749243, 0.5650505497749243, 0.5650505497749243, 0.5650505497749243, 0.5650505497749243, 0.5650505497749243, 0.5650505497749243, 0.5650505497749243, 0.5650505497749243, 0.5650505497749243, 0.5650505497749243]
outputs_edges[ 5 ]=[0, 0, 0, 0, 0, 0, 25256, 147104, 303416, 583704, 893500, 1208829, 1528966, 1849103, 2164142, 2478107, 2759164, 3037244, 3223819, 3252218, 3273370, 3292243, 3298079, 3298079, 3298079, 3298079, 3298079, 3298079, 3298079, 3298079, 3298079, 3298079, 3298079, 3298079, 3298079, 3298079, 3298079, 3298079, 3298079, 3298079, 3298079, 3298079, 3298079, 3298079, 3298079, 3298079, 3298079, 3298079, 3298079, 3298079, 3298079, 3298079, 3298079, 3298079, 3298079]
--------------------------------------------
outputs[ 6 ]=[0.0, 0.0, 0.0, 0.0, 0.0, 1.2299215310063217e-05, 1.2299215310063217e-05, 1.2299215310063217e-05, 1.2299215310063217e-05, 1.2299215310063217e-05, 1.2299215310063217e-05, 1.2299215310063217e-05, 1.2299215310063217e-05, 1.2299215310063217e-05, 1.2299215310063217e-05, 1.2299215310063217e-05, 1.2299215310063217e-05, 1.2299215310063217e-05, 1.2299215310063217e-05, 1.2299215310063217e-05, 1.2299215310063217e-05, 1.2299215310063217e-05, 1.2299215310063217e-05, 1.2299215310063217e-05, 1.2299215310063217e-05, 1.2299215310063217e-05, 1.2299215310063217e-05, 1.2299215310063217e-05, 1.2299215310063217e-05, 1.2299215310063217e-05, 1.2299215310063217e-05, 1.2299215310063217e-05, 1.2299215310063217e-05, 1.2299215310063217e-05, 1.2299215310063217e-05, 1.2299215310063217e-05, 1.2299215310063217e-05, 1.2299215310063217e-05, 1.2299215310063217e-05, 1.2299215310063217e-05, 1.2299215310063217e-05, 1.2299215310063217e-05, 1.2299215310063217e-05, 1.2299215310063217e-05, 1.2299215310063217e-05, 1.2299215310063217e-05, 1.2299215310063217e-05, 1.2299215310063217e-05, 1.2299215310063217e-05, 1.2299215310063217e-05, 1.2299215310063217e-05, 1.2299215310063217e-05, 1.2299215310063217e-05, 1.2299215310063217e-05, 1.2299215310063217e-05]
outputs_edges[ 6 ]=[0, 0, 0, 0, 0, 0, 0, 0, 0, 0, 0, 0, 0, 0, 0, 0, 0, 0, 0, 0, 0, 0, 0, 0, 0, 0, 0, 0, 0, 0, 0, 0, 0, 0, 0, 0, 0, 0, 0, 0, 0, 0, 0, 0, 0, 0, 0, 0, 0, 0, 0, 0, 0, 0, 0]
--------------------------------------------
outputs[ 7 ]=[0.0, 0.0, 0.0, 0.0, 0.0, 1.2299215310063217e-05, 4.919686124025287e-05, 0.0005165670430226551, 0.0015128034831377757, 0.0022876540476717585, 0.00355447322460827, 0.008560253855804, 0.029530415959461785, 0.09084200428012693, 0.193774137210046, 0.3073327921678597, 0.40407841979681697, 0.47205618281553635, 0.5141194991759526, 0.5430718520158414, 0.5608073204929526, 0.5717044252576685, 0.5781492140801416, 0.5819865692568814, 0.5842988217351733, 0.5860084126632721, 0.587164538902418, 0.5882837674956338, 0.589292303151059, 0.5901901458686936, 0.5915799571987307, 0.5923425085479547, 0.5928221779450471, 0.5931173591124886, 0.5934617371411703, 0.5936216269402013, 0.5936585245861314, 0.5936708238014414, 0.5936708238014414, 0.5936831230167515, 0.5936831230167515, 0.5936831230167515, 0.5936831230167515, 0.5936831230167515, 0.5936831230167515, 0.5936831230167515, 0.5936831230167515, 0.5936831230167515, 0.5936831230167515, 0.5936831230167515, 0.5936831230167515, 0.5936831230167515, 0.5936831230167515, 0.5936831230167515, 0.5936831230167515]
outputs_edges[ 7 ]=[0, 0, 0, 0, 0, 0, 0, 0, 80358, 221551, 514955, 848167, 1185191, 1522215, 1861167, 2200119, 2538778, 2808454, 3068851, 3260361, 3375798, 3402565, 3414957, 3418738, 3418738, 3418738, 3418738, 3418738, 3418738, 3418738, 3418738, 3418738, 3418738, 3418738, 3418738, 3418738, 3418738, 3418738, 3418738, 3418738, 3418738, 3418738, 3418738, 3418738, 3418738, 3418738, 3418738, 3418738, 3418738, 3418738, 3418738, 3418738, 3418738, 3418738, 3418738]
--------------------------------------------
outputs[ 8 ]=[0.0, 0.0, 0.0, 0.0, 0.0, 1.2299215310063217e-05, 0.00014759058372075862, 0.0015742995596880918, 0.011032396133126706, 0.043121048877081646, 0.10214498315007503, 0.18457432415811872, 0.278995400093474, 0.3694930263449192, 0.44164022335375, 0.4923744865077608, 0.5260866356726441, 0.548446609106339, 0.5644232897941112, 0.5743241581187121, 0.5800801908838216, 0.5837330578309103, 0.5861068063857526, 0.5880254839741225, 0.5897842717634615, 0.5915922564140408, 0.5933141465574496, 0.5947039578874868, 0.5960445723562837, 0.5972006985954296, 0.5982830295427152, 0.5993038644134504, 0.5999311243942637, 0.6004722898679065, 0.6010011561262392, 0.6019235972744938, 0.6026861486237178, 0.6027722431308883, 0.6028091407768185, 0.6028214399921284, 0.6028460384227486, 0.6028583376380587, 0.6028583376380587, 0.6028583376380587, 0.6028583376380587, 0.6028583376380587, 0.6028583376380587, 0.6028583376380587, 0.6028583376380587, 0.6028583376380587, 0.6028583376380587, 0.6028583376380587, 0.6028583376380587, 0.6028583376380587, 0.6028583376380587]
outputs_edges[ 8 ]=[0, 0, 0, 0, 60864, 168337, 327006, 625590, 947326, 1293614, 1639902, 1986506, 2332999, 2617828, 2901506, 3137170, 3303865, 3446619, 3501099, 3532231, 3544922, 3549131, 3549131, 3549131, 3549131, 3549131, 3549131, 3549131, 3549131, 3549131, 3549131, 3549131, 3549131, 3549131, 3549131, 3549131, 3549131, 3549131, 3549131, 3549131, 3549131, 3549131, 3549131, 3549131, 3549131, 3549131, 3549131, 3549131, 3549131, 3549131, 3549131, 3549131, 3549131, 3549131, 3549131]
--------------------------------------------
outputs[ 9 ]=[0.0, 0.0, 0.0, 0.0, 0.0, 1.2299215310063217e-05, 2.4598430620126434e-05, 0.00025828352151132755, 0.002533638353873023, 0.01338154625734878, 0.042333899097237594, 0.0907190121270263, 0.1446510712616535, 0.21499028361990505, 0.3004329323789142, 0.37312129486138784, 0.4259464246181094, 0.4671979927680614, 0.4953139989668659, 0.5123976090325437, 0.5239465722086931, 0.5309940225813593, 0.5358645118441443, 0.5397141662361942, 0.5426536786952992, 0.5452488131257226, 0.5468354119007207, 0.5478316483408359, 0.5488524832115711, 0.5509064521683517, 0.552136373699358, 0.5535630826753253, 0.5558876343689273, 0.5571052566846235, 0.5610656040144639, 0.5645216835165916, 0.5663665658131011, 0.5680392590952698, 0.5695397633630974, 0.5709049762625145, 0.5716921260423585, 0.5721102993629007, 0.572553071114063, 0.5728974491427447, 0.5732295279561164, 0.5735247091235579, 0.5736600004919686, 0.573733795783829, 0.5737706934297592, 0.5738075910756893, 0.5738321895063095, 0.5738321895063095, 0.5738444887216195, 0.5738444887216195, 0.5738444887216195]
outputs_edges[ 9 ]=[0, 0, 0, 0, 0, 89343, 206361, 373619, 629437, 925253, 1243722, 1567412, 1899200, 2230988, 2560828, 2823206, 3032081, 3231110, 3417176, 3475829, 3497353, 3508928, 3519935, 3530942, 3530942, 3530942, 3530942, 3530942, 3530942, 3530942, 3538845, 3546748, 3554651, 3564502, 3572091, 3572091, 3572091, 3572091, 3572091, 3572091, 3572091, 3572091, 3572091, 3572091, 3572091, 3572091, 3572091, 3572091, 3572091, 3572091, 3572091, 3572091, 3572091, 3572091, 3572091]
--------------------------------------------
avg_output=[0.0, 0.0, 0.0, 0.0, 0.0, 1.2299215310063217e-05, 3.689764593018965e-05, 0.0003148599119376183, 0.0017956854352692297, 0.006507514820554448, 0.01643790126189949, 0.032841364720930806, 0.056009396600496884, 0.08763559884879345, 0.12462179912921556, 0.15719381103485597, 0.18147861166457582, 0.1985794406316877, 0.20942611861363244, 0.2164157626743414, 0.22086807861658428, 0.22366983986421665, 0.22542001820283866, 0.226651169655376, 0.22754163284382453, 0.22833124246673062, 0.22893759378151674, 0.22938036553267907, 0.22976533097188404, 0.23021671217376333, 0.23062135635746445, 0.23098049344451824, 0.2313556195114752, 0.2315733156224633, 0.2320591346272108, 0.23251543551521414, 0.2327798686443805, 0.23295820726637642, 0.23311317737928322, 0.23325338843381793, 0.23333456325486432, 0.23337761050844957, 0.2334218876835658, 0.23345632548643397, 0.23348953336777117, 0.2335190514845153, 0.23353258062135634, 0.2335399601505424, 0.2335436499151354, 0.23354733967972843, 0.23354979952279048, 0.23354979952279048, 0.23355102944432143, 0.23355102944432143, 0.23355102944432143]
avg_output_edges=[0.0, 0.0, 0.0, 0.0, 6086.4, 25768.0, 55862.3, 114631.3, 196053.7, 302412.2, 429207.9, 561091.4, 694635.6, 822013.4, 948764.3, 1063860.2, 1163388.8, 1252342.7, 1321094.5, 1352063.9, 1369144.3, 1375286.7, 1378210.2, 1379689.0, 1379689.0, 1379689.0, 1379689.0, 1379689.0, 1379689.0, 1379689.0, 1380479.3, 1381269.6, 1382059.9, 1383045.0, 1383803.9, 1383803.9, 1383803.9, 1383803.9, 1383803.9, 1383803.9, 1383803.9, 1383803.9, 1383803.9, 1383803.9, 1383803.9, 1383803.9, 1383803.9, 1383803.9, 1383803.9, 1383803.9, 1383803.9, 1383803.9, 1383803.9, 1383803.9, 1383803.9]
