outputs[ 0 ]=[0.0, 0.0, 0.0, 0.0, 0.0, 1.2299215310063217e-05, 2.4598430620126434e-05, 2.4598430620126434e-05, 2.4598430620126434e-05, 2.4598430620126434e-05, 2.4598430620126434e-05, 2.4598430620126434e-05, 2.4598430620126434e-05, 2.4598430620126434e-05, 2.4598430620126434e-05, 2.4598430620126434e-05, 2.4598430620126434e-05, 2.4598430620126434e-05, 2.4598430620126434e-05, 2.4598430620126434e-05, 2.4598430620126434e-05, 2.4598430620126434e-05, 2.4598430620126434e-05, 2.4598430620126434e-05, 2.4598430620126434e-05, 2.4598430620126434e-05, 2.4598430620126434e-05, 2.4598430620126434e-05, 2.4598430620126434e-05, 2.4598430620126434e-05, 2.4598430620126434e-05, 2.4598430620126434e-05, 2.4598430620126434e-05, 2.4598430620126434e-05, 2.4598430620126434e-05, 2.4598430620126434e-05, 2.4598430620126434e-05, 2.4598430620126434e-05, 2.4598430620126434e-05, 2.4598430620126434e-05, 2.4598430620126434e-05, 2.4598430620126434e-05, 2.4598430620126434e-05, 2.4598430620126434e-05, 2.4598430620126434e-05, 2.4598430620126434e-05, 2.4598430620126434e-05, 2.4598430620126434e-05, 2.4598430620126434e-05, 2.4598430620126434e-05, 2.4598430620126434e-05, 2.4598430620126434e-05, 2.4598430620126434e-05, 2.4598430620126434e-05, 2.4598430620126434e-05]
outputs_edges[ 0 ]=[0, 0, 0, 0, 0, 0, 0, 0, 0, 0, 0, 0, 0, 0, 0, 0, 0, 0, 0, 0, 0, 0, 0, 0, 0, 0, 0, 0, 0, 0, 0, 0, 0, 0, 0, 0, 0, 0, 0, 0, 0, 0, 0, 0, 0, 0, 0, 0, 0, 0, 0, 0, 0, 0, 0]
--------------------------------------------
outputs[ 1 ]=[0.0, 0.0, 0.0, 0.0, 0.0, 1.2299215310063217e-05, 9.839372248050574e-05, 0.0005903623348830345, 0.001586598774998155, 0.002373748554842201, 0.003603670085848523, 0.010565025951344304, 0.04334243475266278, 0.11443189924482818, 0.21724104002164663, 0.3347477430939906, 0.4361670725407719, 0.499409637665117, 0.5404152215088678, 0.567301306176666, 0.5865126804909847, 0.5985044154182964, 0.6059331414655745, 0.6113816938479325, 0.6145302929673087, 0.6164366713403685, 0.6176665928713748, 0.6187120261727301, 0.6194745775219541, 0.6201879320099377, 0.6219590190145868, 0.6238776966029568, 0.624714043244041, 0.6251691142105134, 0.6255257914545052, 0.6256979804688461, 0.6257840749760165, 0.6259070671291171, 0.6259316655597373, 0.6259439647750473, 0.6259931616362876, 0.6260054608515977, 0.6260177600669077, 0.6260177600669077, 0.6260177600669077, 0.6260177600669077, 0.6260177600669077, 0.6260177600669077, 0.6260177600669077, 0.6260177600669077, 0.6260177600669077, 0.6260177600669077, 0.6260177600669077, 0.6260177600669077, 0.6260177600669077]
outputs_edges[ 1 ]=[0, 0, 0, 0, 0, 0, 0, 0, 0, 0, 324095, 673477, 1024987, 1377065, 1729468, 2081871, 2434541, 2677578, 2677578, 2677578, 2677578, 2677578, 2677578, 2677578, 2677578, 2677578, 2677578, 2677578, 2677578, 2677578, 2677578, 2677578, 2677578, 2677578, 2677578, 2677578, 2677578, 2677578, 2677578, 2677578, 2677578, 2677578, 2677578, 2677578, 2677578, 2677578, 2677578, 2677578, 2677578, 2677578, 2677578, 2677578, 2677578, 2677578, 2677578]
--------------------------------------------
outputs[ 2 ]=[0.0, 0.0, 0.0, 0.0, 0.0, 1.2299215310063217e-05, 7.379529186037931e-05, 0.0007256537032937298, 0.005620741396698891, 0.026197328610434653, 0.07271296091309375, 0.1436794332521585, 0.2513098664305217, 0.3748677834354168, 0.4672594888446117, 0.5221262883428037, 0.5541657442255185, 0.5751974024057265, 0.5893415000122992, 0.5974097852557007, 0.6037561803556933, 0.6079256143458047, 0.6105576464221583, 0.6131158832066514, 0.615182151378742, 0.6170024352446314, 0.6188227191105208, 0.6205692076845497, 0.6219344205839668, 0.6226600742872604, 0.6230536491771825, 0.6233119326986938, 0.6235087201436549, 0.6236440115120655, 0.6236932083733058, 0.6236932083733058, 0.6236932083733058, 0.6236932083733058, 0.6236932083733058, 0.6236932083733058, 0.6236932083733058, 0.6236932083733058, 0.6236932083733058, 0.6236932083733058, 0.6236932083733058, 0.6236932083733058, 0.6236932083733058, 0.6236932083733058, 0.6236932083733058, 0.6236932083733058, 0.6236932083733058, 0.6236932083733058, 0.6236932083733058, 0.6236932083733058, 0.6236932083733058]
outputs_edges[ 2 ]=[0, 0, 0, 0, 0, 0, 0, 0, 348600, 701927, 1056429, 1411183, 1766425, 2121667, 2472903, 2472903, 2472903, 2472903, 2472903, 2472903, 2472903, 2472903, 2472903, 2472903, 2472903, 2472903, 2472903, 2472903, 2472903, 2472903, 2472903, 2472903, 2472903, 2472903, 2472903, 2472903, 2472903, 2472903, 2472903, 2472903, 2472903, 2472903, 2472903, 2472903, 2472903, 2472903, 2472903, 2472903, 2472903, 2472903, 2472903, 2472903, 2472903, 2472903, 2472903]
--------------------------------------------
outputs[ 3 ]=[0.0, 0.0, 0.0, 0.0, 0.0, 1.2299215310063217e-05, 1.2299215310063217e-05, 1.2299215310063217e-05, 1.2299215310063217e-05, 1.2299215310063217e-05, 1.2299215310063217e-05, 1.2299215310063217e-05, 1.2299215310063217e-05, 1.2299215310063217e-05, 1.2299215310063217e-05, 1.2299215310063217e-05, 1.2299215310063217e-05, 1.2299215310063217e-05, 1.2299215310063217e-05, 1.2299215310063217e-05, 1.2299215310063217e-05, 1.2299215310063217e-05, 1.2299215310063217e-05, 1.2299215310063217e-05, 1.2299215310063217e-05, 1.2299215310063217e-05, 1.2299215310063217e-05, 1.2299215310063217e-05, 1.2299215310063217e-05, 1.2299215310063217e-05, 1.2299215310063217e-05, 1.2299215310063217e-05, 1.2299215310063217e-05, 1.2299215310063217e-05, 1.2299215310063217e-05, 1.2299215310063217e-05, 1.2299215310063217e-05, 1.2299215310063217e-05, 1.2299215310063217e-05, 1.2299215310063217e-05, 1.2299215310063217e-05, 1.2299215310063217e-05, 1.2299215310063217e-05, 1.2299215310063217e-05, 1.2299215310063217e-05, 1.2299215310063217e-05, 1.2299215310063217e-05, 1.2299215310063217e-05, 1.2299215310063217e-05, 1.2299215310063217e-05, 1.2299215310063217e-05, 1.2299215310063217e-05, 1.2299215310063217e-05, 1.2299215310063217e-05, 1.2299215310063217e-05]
outputs_edges[ 3 ]=[0, 0, 0, 0, 0, 0, 0, 0, 0, 0, 0, 0, 0, 0, 0, 0, 0, 0, 0, 0, 0, 0, 0, 0, 0, 0, 0, 0, 0, 0, 0, 0, 0, 0, 0, 0, 0, 0, 0, 0, 0, 0, 0, 0, 0, 0, 0, 0, 0, 0, 0, 0, 0, 0, 0]
--------------------------------------------
outputs[ 4 ]=[0.0, 0.0, 0.0, 0.0, 0.0, 1.2299215310063217e-05, 1.2299215310063217e-05, 2.4598430620126434e-05, 6.149607655031609e-05, 0.00019678744496101148, 0.0017341893587189136, 0.013356947826728655, 0.043403930829213094, 0.08688165695028657, 0.15306373453373676, 0.2537943079231545, 0.3656433719528694, 0.45133200501807985, 0.5068383637123951, 0.5441787813937471, 0.5670430226551546, 0.5818143802425405, 0.5910633901557081, 0.5983445256192655, 0.6033995031117014, 0.6063513147861166, 0.6081224017907657, 0.6093646225370821, 0.6103977566231275, 0.6109512213120802, 0.611467788355103, 0.611849064029715, 0.6122180404890168, 0.6141244188620766, 0.6152067498093622, 0.6153543403930829, 0.6154527341155634, 0.6154650333308735, 0.6154650333308735, 0.6154650333308735, 0.6154650333308735, 0.6154650333308735, 0.6154650333308735, 0.6154650333308735, 0.6154650333308735, 0.6154650333308735, 0.6154650333308735, 0.6154650333308735, 0.6154650333308735, 0.6154650333308735, 0.6154650333308735, 0.6154650333308735, 0.6154650333308735, 0.6154650333308735, 0.6154650333308735]
outputs_edges[ 4 ]=[0, 0, 0, 0, 0, 0, 0, 0, 0, 0, 258426, 599379, 943316, 1288848, 1635401, 1983184, 2330916, 2618405, 2618405, 2618405, 2618405, 2618405, 2618405, 2618405, 2618405, 2618405, 2618405, 2618405, 2618405, 2618405, 2618405, 2618405, 2618405, 2618405, 2618405, 2618405, 2618405, 2618405, 2618405, 2618405, 2618405, 2618405, 2618405, 2618405, 2618405, 2618405, 2618405, 2618405, 2618405, 2618405, 2618405, 2618405, 2618405, 2618405, 2618405]
--------------------------------------------
outputs[ 5 ]=[0.0, 0.0, 0.0, 0.0, 0.0, 1.2299215310063217e-05, 2.4598430620126434e-05, 4.919686124025287e-05, 4.919686124025287e-05, 4.919686124025287e-05, 4.919686124025287e-05, 4.919686124025287e-05, 4.919686124025287e-05, 4.919686124025287e-05, 4.919686124025287e-05, 4.919686124025287e-05, 4.919686124025287e-05, 4.919686124025287e-05, 4.919686124025287e-05, 4.919686124025287e-05, 4.919686124025287e-05, 4.919686124025287e-05, 4.919686124025287e-05, 4.919686124025287e-05, 4.919686124025287e-05, 4.919686124025287e-05, 4.919686124025287e-05, 4.919686124025287e-05, 4.919686124025287e-05, 4.919686124025287e-05, 4.919686124025287e-05, 4.919686124025287e-05, 4.919686124025287e-05, 4.919686124025287e-05, 4.919686124025287e-05, 4.919686124025287e-05, 4.919686124025287e-05, 4.919686124025287e-05, 4.919686124025287e-05, 4.919686124025287e-05, 4.919686124025287e-05, 4.919686124025287e-05, 4.919686124025287e-05, 4.919686124025287e-05, 4.919686124025287e-05, 4.919686124025287e-05, 4.919686124025287e-05, 4.919686124025287e-05, 4.919686124025287e-05, 4.919686124025287e-05, 4.919686124025287e-05, 4.919686124025287e-05, 4.919686124025287e-05, 4.919686124025287e-05, 4.919686124025287e-05]
outputs_edges[ 5 ]=[0, 0, 0, 0, 0, 0, 0, 0, 0, 0, 0, 0, 0, 0, 0, 0, 0, 0, 0, 0, 0, 0, 0, 0, 0, 0, 0, 0, 0, 0, 0, 0, 0, 0, 0, 0, 0, 0, 0, 0, 0, 0, 0, 0, 0, 0, 0, 0, 0, 0, 0, 0, 0, 0, 0]
--------------------------------------------
outputs[ 6 ]=[0.0, 0.0, 0.0, 0.0, 0.0, 1.2299215310063217e-05, 1.2299215310063217e-05, 2.4598430620126434e-05, 7.379529186037931e-05, 0.00023368509089120114, 0.0008363466410842988, 0.004255528497281873, 0.019408161759279757, 0.07136004722898678, 0.17232430570929574, 0.30203183036922243, 0.4087767200452611, 0.4787346567289007, 0.5237128871178018, 0.5531818070007134, 0.5718274174107691, 0.5833763805869185, 0.590669815265786, 0.5951221312080289, 0.5984798169876762, 0.6022187784419354, 0.6058962438196444, 0.6096352052739036, 0.6128575996851401, 0.6147024819816496, 0.6156618207758345, 0.6161291909576169, 0.6164489705556786, 0.6166826556465698, 0.6169163407374609, 0.6170762305364917, 0.6173345140580031, 0.6175558999335843, 0.6176911913019949, 0.6178018842397855, 0.618084766191917, 0.6191179002779623, 0.6196221681056748, 0.6200280422109069, 0.6201879320099377, 0.6202986249477284, 0.6203724202395887, 0.620433916316139, 0.6204585147467592, 0.6204708139620693, 0.6204708139620693, 0.6204708139620693, 0.6204708139620693, 0.6204708139620693, 0.6204708139620693]
outputs_edges[ 6 ]=[0, 0, 0, 0, 0, 0, 0, 0, 0, 0, 306283, 638152, 980989, 1325795, 1670644, 2015493, 2359919, 2697499, 2697499, 2697499, 2697499, 2697499, 2697499, 2697499, 2697499, 2697499, 2697499, 2697499, 2697499, 2697499, 2697499, 2697499, 2697499, 2697499, 2697499, 2697499, 2697499, 2697499, 2697499, 2697499, 2697499, 2697499, 2697499, 2697499, 2697499, 2697499, 2697499, 2697499, 2697499, 2697499, 2697499, 2697499, 2697499, 2697499, 2697499]
--------------------------------------------
outputs[ 7 ]=[0.0, 0.0, 0.0, 0.0, 0.0, 1.2299215310063217e-05, 1.2299215310063217e-05, 1.2299215310063217e-05, 1.2299215310063217e-05, 1.2299215310063217e-05, 1.2299215310063217e-05, 1.2299215310063217e-05, 1.2299215310063217e-05, 1.2299215310063217e-05, 1.2299215310063217e-05, 1.2299215310063217e-05, 1.2299215310063217e-05, 1.2299215310063217e-05, 1.2299215310063217e-05, 1.2299215310063217e-05, 1.2299215310063217e-05, 1.2299215310063217e-05, 1.2299215310063217e-05, 1.2299215310063217e-05, 1.2299215310063217e-05, 1.2299215310063217e-05, 1.2299215310063217e-05, 1.2299215310063217e-05, 1.2299215310063217e-05, 1.2299215310063217e-05, 1.2299215310063217e-05, 1.2299215310063217e-05, 1.2299215310063217e-05, 1.2299215310063217e-05, 1.2299215310063217e-05, 1.2299215310063217e-05, 1.2299215310063217e-05, 1.2299215310063217e-05, 1.2299215310063217e-05, 1.2299215310063217e-05, 1.2299215310063217e-05, 1.2299215310063217e-05, 1.2299215310063217e-05, 1.2299215310063217e-05, 1.2299215310063217e-05, 1.2299215310063217e-05, 1.2299215310063217e-05, 1.2299215310063217e-05, 1.2299215310063217e-05, 1.2299215310063217e-05, 1.2299215310063217e-05, 1.2299215310063217e-05, 1.2299215310063217e-05, 1.2299215310063217e-05, 1.2299215310063217e-05]
outputs_edges[ 7 ]=[0, 0, 0, 0, 0, 0, 0, 0, 0, 0, 0, 0, 0, 0, 0, 0, 0, 0, 0, 0, 0, 0, 0, 0, 0, 0, 0, 0, 0, 0, 0, 0, 0, 0, 0, 0, 0, 0, 0, 0, 0, 0, 0, 0, 0, 0, 0, 0, 0, 0, 0, 0, 0, 0, 0]
--------------------------------------------
outputs[ 8 ]=[0.0, 0.0, 0.0, 0.0, 0.0, 1.2299215310063217e-05, 1.2299215310063217e-05, 1.2299215310063217e-05, 1.2299215310063217e-05, 1.2299215310063217e-05, 1.2299215310063217e-05, 1.2299215310063217e-05, 1.2299215310063217e-05, 1.2299215310063217e-05, 1.2299215310063217e-05, 1.2299215310063217e-05, 1.2299215310063217e-05, 1.2299215310063217e-05, 1.2299215310063217e-05, 1.2299215310063217e-05, 1.2299215310063217e-05, 1.2299215310063217e-05, 1.2299215310063217e-05, 1.2299215310063217e-05, 1.2299215310063217e-05, 1.2299215310063217e-05, 1.2299215310063217e-05, 1.2299215310063217e-05, 1.2299215310063217e-05, 1.2299215310063217e-05, 1.2299215310063217e-05, 1.2299215310063217e-05, 1.2299215310063217e-05, 1.2299215310063217e-05, 1.2299215310063217e-05, 1.2299215310063217e-05, 1.2299215310063217e-05, 1.2299215310063217e-05, 1.2299215310063217e-05, 1.2299215310063217e-05, 1.2299215310063217e-05, 1.2299215310063217e-05, 1.2299215310063217e-05, 1.2299215310063217e-05, 1.2299215310063217e-05, 1.2299215310063217e-05, 1.2299215310063217e-05, 1.2299215310063217e-05, 1.2299215310063217e-05, 1.2299215310063217e-05, 1.2299215310063217e-05, 1.2299215310063217e-05, 1.2299215310063217e-05, 1.2299215310063217e-05, 1.2299215310063217e-05]
outputs_edges[ 8 ]=[0, 0, 0, 0, 0, 0, 0, 0, 0, 0, 0, 0, 0, 0, 0, 0, 0, 0, 0, 0, 0, 0, 0, 0, 0, 0, 0, 0, 0, 0, 0, 0, 0, 0, 0, 0, 0, 0, 0, 0, 0, 0, 0, 0, 0, 0, 0, 0, 0, 0, 0, 0, 0, 0, 0]
--------------------------------------------
outputs[ 9 ]=[0.0, 0.0, 0.0, 0.0, 0.0, 1.2299215310063217e-05, 2.4598430620126434e-05, 4.919686124025287e-05, 0.00019678744496101148, 0.0003566772439918333, 0.0008978427176346149, 0.0031854967653063733, 0.01692372026664699, 0.06753499126755713, 0.1655228396428308, 0.2812338572799055, 0.38961454259218264, 0.47152731655720365, 0.5225444616633459, 0.5571790519764839, 0.5799080018694808, 0.5928836740215975, 0.6001033134086046, 0.6041989521068556, 0.6068063857525889, 0.6087865594175091, 0.6112095048335916, 0.6126608122401791, 0.6139645290630458, 0.6161537893882371, 0.6183184512828082, 0.6195360735985044, 0.6204954123926893, 0.6215408456940448, 0.6222173025360982, 0.6229429562393919, 0.6236686099426857, 0.6239268934641969, 0.6240498856172976, 0.6240990824785378, 0.6241482793397781, 0.6241728777703982, 0.6242097754163284, 0.6242097754163284, 0.6242220746316385, 0.6242220746316385, 0.6242220746316385, 0.6242220746316385, 0.6242220746316385, 0.6242220746316385, 0.6242220746316385, 0.6242220746316385, 0.6242220746316385, 0.6242220746316385, 0.6242220746316385]
outputs_edges[ 9 ]=[0, 0, 0, 0, 0, 0, 0, 0, 0, 0, 303177, 636503, 986234, 1336819, 1687404, 2037989, 2388574, 2735545, 2735545, 2735545, 2735545, 2735545, 2735545, 2735545, 2735545, 2735545, 2735545, 2735545, 2735545, 2735545, 2735545, 2735545, 2735545, 2735545, 2735545, 2735545, 2735545, 2735545, 2735545, 2735545, 2735545, 2735545, 2735545, 2735545, 2735545, 2735545, 2735545, 2735545, 2735545, 2735545, 2735545, 2735545, 2735545, 2735545, 2735545]
--------------------------------------------
avg_output=[0.0, 0.0, 0.0, 0.0, 0.0, 1.2299215310063217e-05, 3.074803827515804e-05, 0.00015251026984478388, 0.0007650111922859322, 0.002946891988291147, 0.007989570265417068, 0.01751531252306103, 0.03744988069761148, 0.07151870710648661, 0.1175522101689912, 0.16940447199468672, 0.2154478144294394, 0.24763117113128183, 0.2682963126952501, 0.28193614247411014, 0.29091579957198727, 0.2964615157552948, 0.2998437999655622, 0.30222738789265247, 0.30385088431358076, 0.30509064521683515, 0.3061828155363687, 0.3071052566846235, 0.3078739576415025, 0.30847661919169556, 0.30905714215433056, 0.3094814650825277, 0.30974958797628716, 0.310127173886306, 0.31036700858485233, 0.3104875408948909, 0.31060438344033653, 0.31066587951688684, 0.31069416771209996, 0.3107113866135341, 0.3107495141809952, 0.3108565173541928, 0.3109118638230881, 0.3109524512336113, 0.3109696701350454, 0.3109807394288245, 0.3109881189580105, 0.31099426856566553, 0.31099672840872755, 0.31099795833025856, 0.31099795833025856, 0.31099795833025856, 0.31099795833025856, 0.31099795833025856, 0.31099795833025856]
avg_output_edges=[0.0, 0.0, 0.0, 0.0, 0.0, 0.0, 0.0, 0.0, 34860.0, 70192.7, 224841.0, 395869.4, 570195.1, 745019.4, 919582.0, 1059144.0, 1198685.3, 1320193.0, 1320193.0, 1320193.0, 1320193.0, 1320193.0, 1320193.0, 1320193.0, 1320193.0, 1320193.0, 1320193.0, 1320193.0, 1320193.0, 1320193.0, 1320193.0, 1320193.0, 1320193.0, 1320193.0, 1320193.0, 1320193.0, 1320193.0, 1320193.0, 1320193.0, 1320193.0, 1320193.0, 1320193.0, 1320193.0, 1320193.0, 1320193.0, 1320193.0, 1320193.0, 1320193.0, 1320193.0, 1320193.0, 1320193.0, 1320193.0, 1320193.0, 1320193.0, 1320193.0]
