outputs[ 0 ]=[0.0, 0.0, 0.0, 0.0, 0.0, 1.2299215310063217e-05, 2.4598430620126434e-05, 4.919686124025287e-05, 0.0001352913684106954, 0.000282881952131454, 0.00043047253585221264, 0.0006272599808132242, 0.00141440976065727, 0.005485450028288195, 0.025902147442993136, 0.09060831918923573, 0.1970211300519027, 0.30621356357464397, 0.39295992915651984, 0.4555506358694315, 0.4982904090719012, 0.5300346837871743, 0.5513369247042039, 0.5662189752293804, 0.5750621110373159, 0.5810887265392468, 0.5857009322805204, 0.587939389466952, 0.5893292007969891, 0.5905099254667552, 0.5912109807394288, 0.5917275477824515, 0.5925269967776056, 0.593191154404349, 0.594359579858805, 0.5955157060979509, 0.5959953754950434, 0.5963520527390352, 0.596708729983027, 0.5967825252748875, 0.5968440213514378, 0.5968563205667479, 0.5969055174279881, 0.5969178166432981, 0.5969301158586082, 0.5969301158586082, 0.5969424150739183, 0.5969670135045384, 0.5969793127198485, 0.5969793127198485, 0.5969793127198485, 0.5969793127198485, 0.5969793127198485, 0.5969793127198485, 0.5969793127198485]
outputs_edges[ 0 ]=[0, 0, 0, 0, 0, 0, 0, 0, 0, 0, 0, 238845, 524626, 828524, 1153923, 1482113, 1810667, 2139221, 2467355, 2777950, 2962240, 3092108, 3208253, 3208253, 3208253, 3208253, 3208253, 3208253, 3208253, 3208253, 3208253, 3208253, 3208253, 3208253, 3208253, 3208253, 3208253, 3208253, 3208253, 3208253, 3208253, 3208253, 3208253, 3208253, 3208253, 3208253, 3208253, 3208253, 3208253, 3208253, 3208253, 3208253, 3208253, 3208253, 3208253]
--------------------------------------------
outputs[ 1 ]=[0.0, 0.0, 0.0, 0.0, 0.0, 1.2299215310063217e-05, 2.4598430620126434e-05, 8.609450717044253e-05, 0.0008978427176346149, 0.007244237817627236, 0.031252306102870636, 0.07256537032937299, 0.12691560278454234, 0.21045187317049172, 0.3172213612771505, 0.40571421543305536, 0.46898137898802056, 0.5123976090325437, 0.5410670799203011, 0.5602538558039997, 0.5722824883772415, 0.580732049295255, 0.5850736722997073, 0.5873736255626891, 0.5888741298305168, 0.590460728605515, 0.5924900991316754, 0.5938922096770226, 0.5950852335620987, 0.5970531080117089, 0.5981969350355447, 0.5986766044326371, 0.5991562738297297, 0.599808132241163, 0.6001279118392246, 0.6002632032076354, 0.6003615969301158, 0.600386195360736, 0.6004476914372863, 0.6004968882985265, 0.6005091875138366, 0.6005214867291466, 0.6005337859444567, 0.6005337859444567, 0.6005337859444567, 0.6005337859444567, 0.6005337859444567, 0.6005337859444567, 0.6005337859444567, 0.6005337859444567, 0.6005337859444567, 0.6005337859444567, 0.6005337859444567, 0.6005337859444567, 0.6005337859444567]
outputs_edges[ 1 ]=[0, 0, 0, 0, 0, 0, 0, 122491, 363329, 698112, 1045175, 1398192, 1751911, 2105630, 2460609, 2705913, 2948725, 3181653, 3395364, 3395364, 3395364, 3395364, 3395364, 3395364, 3395364, 3395364, 3395364, 3395364, 3395364, 3395364, 3395364, 3395364, 3395364, 3395364, 3395364, 3395364, 3395364, 3395364, 3395364, 3395364, 3395364, 3395364, 3395364, 3395364, 3395364, 3395364, 3395364, 3395364, 3395364, 3395364, 3395364, 3395364, 3395364, 3395364, 3395364]
--------------------------------------------
outputs[ 2 ]=[0.0, 0.0, 0.0, 0.0, 0.0, 1.2299215310063217e-05, 2.4598430620126434e-05, 8.609450717044253e-05, 0.0004796693970924655, 0.0021523626792610633, 0.011167687501537403, 0.039050008609450716, 0.09611836764814405, 0.18793200993776596, 0.2945662066760141, 0.3764912798563452, 0.4431776252675079, 0.49179642338818785, 0.5234300051656704, 0.5456177895850245, 0.5599832730671783, 0.5684574324158119, 0.5740781738125108, 0.5785304897547536, 0.5814577029985487, 0.5835116719553293, 0.5854918456202495, 0.5882591690650136, 0.5896366811797408, 0.5907313113423364, 0.5911494846628785, 0.5913831697537697, 0.5915553587681106, 0.5917029493518313, 0.5918628391508621, 0.5920719258111332, 0.592231815610164, 0.5922933116867144, 0.5923056109020245, 0.5923056109020245, 0.5923056109020245, 0.5923056109020245, 0.5923056109020245, 0.5923056109020245, 0.5923056109020245, 0.5923056109020245, 0.5923056109020245, 0.5923056109020245, 0.5923056109020245, 0.5923056109020245, 0.5923056109020245, 0.5923056109020245, 0.5923056109020245, 0.5923056109020245, 0.5923056109020245]
outputs_edges[ 2 ]=[0, 0, 0, 0, 0, 0, 0, 0, 170179, 466656, 783601, 1123450, 1467243, 1810549, 2153593, 2497772, 2805945, 3064856, 3201071, 3249233, 3249233, 3249233, 3249233, 3249233, 3249233, 3249233, 3249233, 3249233, 3249233, 3249233, 3249233, 3249233, 3249233, 3249233, 3249233, 3249233, 3249233, 3249233, 3249233, 3249233, 3249233, 3249233, 3249233, 3249233, 3249233, 3249233, 3249233, 3249233, 3249233, 3249233, 3249233, 3249233, 3249233, 3249233, 3249233]
--------------------------------------------
outputs[ 3 ]=[0.0, 0.0, 0.0, 0.0, 0.0, 1.2299215310063217e-05, 8.609450717044253e-05, 0.001242220746316385, 0.0029641108897252356, 0.013467640764519223, 0.04143605637960298, 0.10483851130297887, 0.20936954222320617, 0.3324354906156987, 0.4280126927902, 0.4889553046515632, 0.5250043047253585, 0.5468108134701006, 0.5615083757656262, 0.5708680786165843, 0.5768208988266549, 0.5803015767594027, 0.5825523331611443, 0.5845817036873048, 0.5866725702900155, 0.5886650431702457, 0.5907682089882665, 0.5925515952082258, 0.5937446190933019, 0.594347280643495, 0.5947408555334169, 0.5956018006051214, 0.5973113915332202, 0.598246131896785, 0.599020982461319, 0.5995006518584114, 0.5999188251789536, 0.600201707131085, 0.6006075812363171, 0.6009888569109291, 0.6012594396477505, 0.6014193294467813, 0.6014316286620913, 0.6014439278774014, 0.6014439278774014, 0.6014562270927115, 0.6014685263080215, 0.6014808255233316, 0.6015300223845719, 0.6015300223845719, 0.6015300223845719, 0.6015300223845719, 0.6015300223845719, 0.6015300223845719, 0.6015300223845719]
outputs_edges[ 3 ]=[0, 0, 0, 0, 0, 0, 0, 168200, 500247, 842944, 1186165, 1528235, 1870398, 2211166, 2551058, 2852746, 3098080, 3252222, 3252222, 3252222, 3252222, 3252222, 3252222, 3252222, 3252222, 3252222, 3252222, 3252222, 3252222, 3252222, 3252222, 3252222, 3252222, 3252222, 3252222, 3252222, 3252222, 3252222, 3252222, 3252222, 3252222, 3252222, 3252222, 3252222, 3252222, 3252222, 3252222, 3252222, 3252222, 3252222, 3252222, 3252222, 3252222, 3252222, 3252222]
--------------------------------------------
outputs[ 4 ]=[0.0, 0.0, 0.0, 0.0, 0.0, 1.2299215310063217e-05, 3.6897645930189655e-05, 6.149607655031609e-05, 8.609450717044253e-05, 0.0001352913684106954, 0.0004181733205421494, 0.002545937569183086, 0.013984207807541879, 0.05009470395788749, 0.11232873342680737, 0.19465968071237055, 0.2904213711165228, 0.37642978377979486, 0.4414803335547192, 0.4861756819914889, 0.5151157356160677, 0.5338843381792242, 0.5472289867906428, 0.556613288072221, 0.5629719823875237, 0.568297542616781, 0.5720242048557302, 0.5747423314392541, 0.5768331980419649, 0.5797973089316901, 0.5818512778884707, 0.582884411974516, 0.5839175460605613, 0.5857870267876909, 0.5870661451799375, 0.5887019408161759, 0.5896858780409809, 0.5902639411605539, 0.5906821144810961, 0.5908297050648169, 0.5910018940791577, 0.5910879885863282, 0.5911371854475684, 0.5911617838781885, 0.5912109807394288, 0.591247878385359, 0.5912724768159792, 0.5912970752465992, 0.5912970752465992, 0.5912970752465992, 0.5913093744619093, 0.5913093744619093, 0.5913093744619093, 0.5913093744619093, 0.5913093744619093]
outputs_edges[ 4 ]=[0, 0, 0, 0, 0, 0, 0, 0, 0, 112248, 353223, 659428, 992695, 1335952, 1682804, 2030429, 2379368, 2727521, 2960301, 3173556, 3371434, 3505441, 3505441, 3505441, 3505441, 3505441, 3505441, 3505441, 3505441, 3505441, 3505441, 3505441, 3505441, 3505441, 3505441, 3505441, 3505441, 3505441, 3505441, 3505441, 3505441, 3505441, 3505441, 3505441, 3505441, 3505441, 3505441, 3505441, 3505441, 3505441, 3505441, 3505441, 3505441, 3505441, 3505441]
--------------------------------------------
outputs[ 5 ]=[0.0, 0.0, 0.0, 0.0, 0.0, 1.2299215310063217e-05, 1.2299215310063217e-05, 3.6897645930189655e-05, 7.379529186037931e-05, 0.00011069293779056896, 0.0002705827368213908, 0.0006026615501930977, 0.0024352446313925173, 0.013123262735837454, 0.05134922391951394, 0.11413671807738666, 0.2029985486925934, 0.30434408284751435, 0.38425208471699507, 0.44526849187021866, 0.48912749366590413, 0.5181782402282734, 0.536774653777089, 0.5498733180823063, 0.5594667060241557, 0.5652842348658156, 0.5690846923966251, 0.5714707401667773, 0.5731926303101862, 0.5745455439942931, 0.5758000639559196, 0.5768823949032051, 0.5775834501758788, 0.5779278282045606, 0.5780631195729713, 0.5781984109413819, 0.5783828991710329, 0.578591985831304, 0.5786165842619241, 0.5786411826925442, 0.5786657811231644, 0.5786657811231644, 0.5786780803384745, 0.5786780803384745, 0.5786780803384745, 0.5786780803384745, 0.5786780803384745, 0.5786780803384745, 0.5786780803384745, 0.5786780803384745, 0.5786780803384745, 0.5786780803384745, 0.5786780803384745, 0.5786780803384745, 0.5786780803384745]
outputs_edges[ 5 ]=[0, 0, 0, 0, 0, 0, 0, 0, 0, 0, 153679, 401657, 712345, 1048682, 1390161, 1733628, 2077095, 2420562, 2745105, 3038032, 3249789, 3396039, 3521156, 3521156, 3521156, 3521156, 3521156, 3521156, 3521156, 3521156, 3521156, 3521156, 3521156, 3521156, 3521156, 3521156, 3521156, 3521156, 3521156, 3521156, 3521156, 3521156, 3521156, 3521156, 3521156, 3521156, 3521156, 3521156, 3521156, 3521156, 3521156, 3521156, 3521156, 3521156, 3521156]
--------------------------------------------
outputs[ 6 ]=[0.0, 0.0, 0.0, 0.0, 0.0, 1.2299215310063217e-05, 4.919686124025287e-05, 0.00011069293779056896, 0.0003320788133717069, 0.0006395591961232874, 0.0014513074065874597, 0.005485450028288195, 0.017760066907731287, 0.055592453201485745, 0.12702629572233293, 0.2317910117334514, 0.3459769266720783, 0.42948859862740757, 0.4846505792930411, 0.5193097680367993, 0.5421863085135168, 0.5554694610483851, 0.5637960298132979, 0.5695397633630974, 0.5733771185398372, 0.5762059380611517, 0.578210710156692, 0.5796743167785895, 0.5814331045679285, 0.5833763805869185, 0.5854303495436991, 0.5868324600890463, 0.5878040980985413, 0.5888741298305168, 0.5901655474380735, 0.5910264925097779, 0.5914200673996999, 0.5917152485671414, 0.5918751383661722, 0.592010429734583, 0.5920842250264433, 0.5921334218876836, 0.5921703195336138, 0.5921949179642338, 0.5921949179642338, 0.5921949179642338, 0.5921949179642338, 0.5921949179642338, 0.5921949179642338, 0.5921949179642338, 0.5921949179642338, 0.5921949179642338, 0.5921949179642338, 0.5921949179642338, 0.5921949179642338]
outputs_edges[ 6 ]=[0, 0, 0, 0, 0, 0, 0, 0, 0, 89968, 339657, 680658, 1033380, 1386955, 1740530, 2093664, 2445891, 2786923, 3099263, 3368622, 3478906, 3478906, 3478906, 3478906, 3478906, 3478906, 3478906, 3478906, 3478906, 3478906, 3478906, 3478906, 3478906, 3478906, 3478906, 3478906, 3478906, 3478906, 3478906, 3478906, 3478906, 3478906, 3478906, 3478906, 3478906, 3478906, 3478906, 3478906, 3478906, 3478906, 3478906, 3478906, 3478906, 3478906, 3478906]
--------------------------------------------
outputs[ 7 ]=[0.0, 0.0, 0.0, 0.0, 0.0, 1.2299215310063217e-05, 9.839372248050574e-05, 0.0007625513492239195, 0.003382284210267385, 0.01338154625734878, 0.033798243672053724, 0.07241777974565222, 0.14438048852483212, 0.2495510786411827, 0.3596536540968686, 0.43899589206208645, 0.4916488328044671, 0.52528718667749, 0.5486802941972302, 0.5649521560524439, 0.5760214498315007, 0.5841266327208324, 0.5898088701940816, 0.5928713748062874, 0.5946178633803163, 0.5958354856960126, 0.5968686197820579, 0.5978156593609327, 0.5984183209111259, 0.5988487934469781, 0.5991562738297297, 0.5992792659828303, 0.5993530612746907, 0.5994514549971712, 0.5995252502890316, 0.5995498487196517, 0.5995498487196517, 0.5995621479349618, 0.5995621479349618, 0.5995621479349618, 0.5995621479349618, 0.5995621479349618, 0.5995621479349618, 0.5995621479349618, 0.5995621479349618, 0.5995621479349618, 0.5995621479349618, 0.5995621479349618, 0.5995621479349618, 0.5995621479349618, 0.5995621479349618, 0.5995621479349618, 0.5995621479349618, 0.5995621479349618, 0.5995621479349618]
outputs_edges[ 7 ]=[0, 0, 0, 0, 0, 0, 0, 79531, 302793, 608340, 929587, 1250834, 1573098, 1896551, 2207554, 2509818, 2795028, 3007302, 3158790, 3158790, 3158790, 3158790, 3158790, 3158790, 3158790, 3158790, 3158790, 3158790, 3158790, 3158790, 3158790, 3158790, 3158790, 3158790, 3158790, 3158790, 3158790, 3158790, 3158790, 3158790, 3158790, 3158790, 3158790, 3158790, 3158790, 3158790, 3158790, 3158790, 3158790, 3158790, 3158790, 3158790, 3158790, 3158790, 3158790]
--------------------------------------------
outputs[ 8 ]=[0.0, 0.0, 0.0, 0.0, 0.0, 1.2299215310063217e-05, 9.839372248050574e-05, 0.0007625513492239195, 0.004981182200575604, 0.016874523405406735, 0.039492780360612996, 0.0915184611221804, 0.18732934838757287, 0.294160332570782, 0.37374855484220104, 0.43555211177526876, 0.48370353971416624, 0.5176124763240105, 0.5409686861978206, 0.555063586943153, 0.5655056207413967, 0.5728113546355742, 0.577239072147197, 0.5801293877450618, 0.5821587582712223, 0.5835116719553293, 0.5845325068260645, 0.5855164440508696, 0.5866725702900155, 0.5878901926057117, 0.5891570117826482, 0.5901778466533835, 0.5907928074188866, 0.5911248862322583, 0.5912109807394288, 0.5912724768159792, 0.5913339728925294, 0.5913954689690798, 0.5914200673996999, 0.59143236661501, 0.59143236661501, 0.59143236661501, 0.59143236661501, 0.59143236661501, 0.59143236661501, 0.59143236661501, 0.59143236661501, 0.59143236661501, 0.59143236661501, 0.59143236661501, 0.59143236661501, 0.59143236661501, 0.59143236661501, 0.59143236661501, 0.59143236661501]
outputs_edges[ 8 ]=[0, 0, 0, 0, 0, 0, 0, 221457, 526304, 853888, 1183146, 1531866, 1881472, 2229487, 2564629, 2899036, 3214291, 3382906, 3449588, 3449588, 3449588, 3449588, 3449588, 3449588, 3449588, 3449588, 3449588, 3449588, 3449588, 3449588, 3449588, 3449588, 3449588, 3449588, 3449588, 3449588, 3449588, 3449588, 3449588, 3449588, 3449588, 3449588, 3449588, 3449588, 3449588, 3449588, 3449588, 3449588, 3449588, 3449588, 3449588, 3449588, 3449588, 3449588, 3449588]
--------------------------------------------
outputs[ 9 ]=[0.0, 0.0, 0.0, 0.0, 0.0, 1.2299215310063217e-05, 1.2299215310063217e-05, 3.6897645930189655e-05, 0.00018448822965094828, 0.0007871497798440459, 0.0030256069662755515, 0.007748505645339828, 0.022679753031756573, 0.06663714854992252, 0.15484712075369592, 0.27063193368263105, 0.3745972006985954, 0.4426979558704155, 0.4867291466804418, 0.5160381767643224, 0.5371682286670111, 0.5508080584458711, 0.5592453201485745, 0.5647430693921728, 0.5679531645880993, 0.5701301256979805, 0.5724177797456522, 0.5748284259464246, 0.576648709812314, 0.5778048360514599, 0.5792807418886675, 0.5806336555727745, 0.5815806951516493, 0.5826999237448651, 0.5841020342902122, 0.5849752785772268, 0.5856148377733501, 0.5860945071704425, 0.5866848695053256, 0.5872014365483482, 0.5876688067301307, 0.5878163973138514, 0.5879516886822621, 0.5880992792659828, 0.5881730745578432, 0.5883083659262539, 0.5883698620028042, 0.5884190588640444, 0.5884313580793545, 0.5884313580793545, 0.5884313580793545, 0.5884313580793545, 0.5884313580793545, 0.5884313580793545, 0.5884313580793545]
outputs_edges[ 9 ]=[0, 0, 0, 0, 0, 0, 0, 0, 0, 161885, 397309, 714837, 1034236, 1355982, 1677728, 2000038, 2321884, 2628697, 2905688, 3106245, 3177503, 3177503, 3177503, 3177503, 3177503, 3177503, 3177503, 3177503, 3177503, 3177503, 3177503, 3177503, 3177503, 3177503, 3177503, 3177503, 3177503, 3177503, 3177503, 3177503, 3177503, 3177503, 3177503, 3177503, 3177503, 3177503, 3177503, 3177503, 3177503, 3177503, 3177503, 3177503, 3177503, 3177503, 3177503]
--------------------------------------------
avg_output=[0.0, 0.0, 0.0, 0.0, 0.0, 1.2299215310063217e-05, 4.6737018178240234e-05, 0.00032346936265466265, 0.0013516837625759477, 0.005507588615846309, 0.01627432169827565, 0.03973999458834527, 0.08223870317073771, 0.14654638034093423, 0.22446559909477778, 0.30475364671733945, 0.38235308587312133, 0.4453078493592109, 0.49057265146483653, 0.5219098221533467, 0.5432501906378373, 0.5574803827515804, 0.5667134036848449, 0.5730474995695275, 0.577261210734755, 0.5802991169163408, 0.5827589599783535, 0.5846690281160063, 0.5860994268565666, 0.5874904681081345, 0.5885973974860403, 0.5894079157749735, 0.5901581679088874, 0.5908813617691191, 0.5915504390819866, 0.5921075935355324, 0.5924495117211522, 0.5926856566551055, 0.5928910535507834, 0.5930251149976631, 0.5931333480923917, 0.59318008511057, 0.593210833148845, 0.5932329717364031, 0.5932465008732442, 0.5932649496962095, 0.5932760189899884, 0.5932870882837674, 0.5932944678129535, 0.5932944678129535, 0.5932956977344845, 0.5932956977344845, 0.5932956977344845, 0.5932956977344845, 0.5932956977344845]
avg_output_edges=[0.0, 0.0, 0.0, 0.0, 0.0, 0.0, 0.0, 59167.9, 186285.2, 383404.1, 637154.2, 952800.2, 1284140.4, 1620947.8, 1958258.9, 2280515.7, 2589697.4, 2859186.3, 3063474.7, 3196960.2, 3274506.9, 3315519.4, 3339645.6, 3339645.6, 3339645.6, 3339645.6, 3339645.6, 3339645.6, 3339645.6, 3339645.6, 3339645.6, 3339645.6, 3339645.6, 3339645.6, 3339645.6, 3339645.6, 3339645.6, 3339645.6, 3339645.6, 3339645.6, 3339645.6, 3339645.6, 3339645.6, 3339645.6, 3339645.6, 3339645.6, 3339645.6, 3339645.6, 3339645.6, 3339645.6, 3339645.6, 3339645.6, 3339645.6, 3339645.6, 3339645.6]
