outputs[ 0 ]=[0.0, 0.0, 0.0, 0.0, 0.0, 1.2299215310063217e-05, 2.4598430620126434e-05, 0.00014759058372075862, 0.0010700317319755, 0.006149607655031609, 0.02602513959609377, 0.07684549725727499, 0.15947162571027967, 0.27498585590239344, 0.3894546527931518, 0.47429464000196786, 0.5265786042850467, 0.5602046589427595, 0.582503136299904, 0.596511942538066, 0.6055764642215826, 0.6117998671684747, 0.6160061988045162, 0.6195114751678843, 0.6224632868422995, 0.6246279487368706, 0.6262883428037291, 0.6272722800285342, 0.6280348313777581, 0.6285022015595405, 0.6290310678178732, 0.6298920128895776, 0.6305807689469412, 0.6307775563919022, 0.6308882493296928, 0.6309743438368632, 0.6309989422674833, 0.6310235406981035, 0.6310235406981035, 0.6310235406981035, 0.6310235406981035, 0.6310235406981035, 0.6310235406981035, 0.6310235406981035, 0.6310235406981035, 0.6310235406981035, 0.6310235406981035, 0.6310235406981035, 0.6310235406981035]
outputs_edges[ 0 ]=[0, 0, 0, 0, 0, 0, 0, 0, 0, 340740, 690581, 1040866, 1391283, 1741700, 2092117, 2358693, 2358693, 2358693, 2358693, 2358693, 2358693, 2358693, 2358693, 2358693, 2358693, 2358693, 2358693, 2358693, 2358693, 2358693, 2358693, 2358693, 2358693, 2358693, 2358693, 2358693, 2358693, 2358693, 2358693, 2358693, 2358693, 2358693, 2358693, 2358693, 2358693, 2358693, 2358693, 2358693, 2358693]
--------------------------------------------
outputs[ 1 ]=[0.0, 0.0, 0.0, 0.0, 0.0, 1.2299215310063217e-05, 4.919686124025287e-05, 7.379529186037931e-05, 0.00011069293779056896, 0.00022138587558113792, 0.0005288662583327184, 0.0023368509089120113, 0.010159151846112218, 0.040083142695496024, 0.1063021179248764, 0.20282635967825252, 0.3110471551914988, 0.40977295648537626, 0.47991538139866674, 0.523528398888151, 0.5503529874793989, 0.5701424249132905, 0.5811871202617273, 0.5880500824047425, 0.5936585245861314, 0.5978771554374831, 0.6023540698103461, 0.6075074410252626, 0.6124640247952181, 0.6160307972351364, 0.6179494748235063, 0.6189211128330012, 0.6195114751678843, 0.6197820579047056, 0.6200895382874573, 0.6202863257324183, 0.6203355225936585, 0.6203847194548988, 0.6203970186702088, 0.6203970186702088, 0.6203970186702088, 0.6203970186702088, 0.6203970186702088, 0.6203970186702088, 0.6203970186702088, 0.6203970186702088, 0.6203970186702088, 0.6203970186702088, 0.6203970186702088]
outputs_edges[ 1 ]=[0, 0, 0, 0, 0, 0, 0, 0, 0, 0, 0, 301889, 638392, 974895, 1317424, 1660008, 2002592, 2344600, 2344600, 2344600, 2344600, 2344600, 2344600, 2344600, 2344600, 2344600, 2344600, 2344600, 2344600, 2344600, 2344600, 2344600, 2344600, 2344600, 2344600, 2344600, 2344600, 2344600, 2344600, 2344600, 2344600, 2344600, 2344600, 2344600, 2344600, 2344600, 2344600, 2344600, 2344600]
--------------------------------------------
outputs[ 2 ]=[0.0, 0.0, 0.0, 0.0, 0.0, 1.2299215310063217e-05, 2.4598430620126434e-05, 0.0001352913684106954, 0.0009962364401151207, 0.003874252822669914, 0.008511056994563747, 0.025348682754040293, 0.07154453545863775, 0.1405431333480924, 0.22479275822202543, 0.33125476594593267, 0.43637615920104295, 0.5020662681720907, 0.5421125132216564, 0.5667601407030232, 0.5815929943669594, 0.5920965242417534, 0.5997589353799228, 0.6059700391115047, 0.6097090005657639, 0.6125132216564583, 0.6166088603547094, 0.6199788453496667, 0.6220820111676875, 0.6231028460384227, 0.6237916020957863, 0.6242466730622587, 0.62451725579908, 0.6246279487368706, 0.6246648463828007, 0.624714043244041, 0.6247263424593511, 0.6247386416746612, 0.6247509408899712, 0.6247509408899712, 0.6247509408899712, 0.6247509408899712, 0.6247509408899712, 0.6247509408899712, 0.6247509408899712, 0.6247509408899712, 0.6247509408899712, 0.6247509408899712, 0.6247509408899712]
outputs_edges[ 2 ]=[0, 0, 0, 0, 0, 0, 0, 0, 0, 0, 307355, 658901, 1010447, 1364220, 1713181, 2061178, 2388679, 2388679, 2388679, 2388679, 2388679, 2388679, 2388679, 2388679, 2388679, 2388679, 2388679, 2388679, 2388679, 2388679, 2388679, 2388679, 2388679, 2388679, 2388679, 2388679, 2388679, 2388679, 2388679, 2388679, 2388679, 2388679, 2388679, 2388679, 2388679, 2388679, 2388679, 2388679, 2388679]
--------------------------------------------
outputs[ 3 ]=[0.0, 0.0, 0.0, 0.0, 0.0, 1.2299215310063217e-05, 3.6897645930189655e-05, 7.379529186037931e-05, 0.00023368509089120114, 0.0017956854352692297, 0.012360711386613535, 0.05041448355594913, 0.13081445403783237, 0.2475094088997122, 0.36763584483309963, 0.45905591223279957, 0.5185595159028854, 0.5545470199001303, 0.5763166309989423, 0.5888372321845866, 0.5961675645093844, 0.6014808255233316, 0.6054165744225518, 0.6094507170442526, 0.612451725579908, 0.6149484662878508, 0.6171500258283521, 0.6189088136176912, 0.6201264359333875, 0.6207536959142007, 0.6215408456940448, 0.6227953656556712, 0.6244065628612895, 0.6255626891004354, 0.626066956928148, 0.6262883428037291, 0.6263744373108996, 0.6264113349568298, 0.62646053181807, 0.62647283103338, 0.62647283103338, 0.62647283103338, 0.62647283103338, 0.62647283103338, 0.62647283103338, 0.62647283103338, 0.62647283103338, 0.62647283103338, 0.62647283103338]
outputs_edges[ 3 ]=[0, 0, 0, 0, 0, 0, 0, 0, 0, 332303, 674272, 1017527, 1361103, 1704679, 2046658, 2386660, 2386660, 2386660, 2386660, 2386660, 2386660, 2386660, 2386660, 2386660, 2386660, 2386660, 2386660, 2386660, 2386660, 2386660, 2386660, 2386660, 2386660, 2386660, 2386660, 2386660, 2386660, 2386660, 2386660, 2386660, 2386660, 2386660, 2386660, 2386660, 2386660, 2386660, 2386660, 2386660, 2386660]
--------------------------------------------
outputs[ 4 ]=[0.0, 0.0, 0.0, 0.0, 0.0, 1.2299215310063217e-05, 4.919686124025287e-05, 0.00018448822965094828, 0.0007502521339138563, 0.0014759058372075863, 0.001746488574028977, 0.0024229454160824538, 0.004956583769955477, 0.012951073721496568, 0.04257988340343886, 0.10849137825006765, 0.2245713723464443, 0.3553981255995867, 0.45106142228125845, 0.5091629154059971, 0.5438344033650653, 0.5666125501193023, 0.5815437975057192, 0.5902270435146237, 0.5976434703465919, 0.6015915184611221, 0.6047032199345682, 0.6071138661353406, 0.6092047327380513, 0.6109143236661501, 0.6125009224411483, 0.6137800408333949, 0.6156741199911445, 0.6174821046417238, 0.6186136324502497, 0.6191547979238925, 0.6194253806607138, 0.619659065751605, 0.619843553981256, 0.6200157429955969, 0.620040341426217, 0.6200649398568371, 0.6200772390721472, 0.6200895382874573, 0.6200895382874573, 0.6200895382874573, 0.6200895382874573, 0.6200895382874573, 0.6200895382874573]
outputs_edges[ 4 ]=[0, 0, 0, 0, 0, 0, 0, 0, 0, 0, 0, 0, 340829, 700607, 1061767, 1424404, 1787353, 2150302, 2511401, 2511401, 2511401, 2511401, 2511401, 2511401, 2511401, 2511401, 2511401, 2511401, 2511401, 2511401, 2511401, 2511401, 2511401, 2511401, 2511401, 2511401, 2511401, 2511401, 2511401, 2511401, 2511401, 2511401, 2511401, 2511401, 2511401, 2511401, 2511401, 2511401, 2511401]
--------------------------------------------
outputs[ 5 ]=[0.0, 0.0, 0.0, 0.0, 0.0, 1.2299215310063217e-05, 3.6897645930189655e-05, 0.00015988979903082184, 0.0018817799424396724, 0.013701325855410425, 0.05308341327823285, 0.1211472708041227, 0.21899982781098565, 0.3368878065579416, 0.43337515066538757, 0.4995080313875975, 0.5414114579489828, 0.5679531645880993, 0.584040538213662, 0.5947039578874868, 0.6017022113989128, 0.6064743069392172, 0.6100779770250658, 0.6137800408333949, 0.6159816003738962, 0.6176173960101345, 0.6187858214645906, 0.6193638845841636, 0.6196959633975352, 0.620237128871178, 0.6212333653112931, 0.6227830664403611, 0.6241974762010184, 0.6246525471674907, 0.6249354291196222, 0.6250707204880329, 0.6251691142105134, 0.6252183110717536, 0.6252675079329939, 0.625292106363614, 0.6253044055789241, 0.6253044055789241, 0.6253044055789241, 0.6253167047942342, 0.6253167047942342, 0.6253167047942342, 0.6253167047942342, 0.6253167047942342, 0.6253167047942342]
outputs_edges[ 5 ]=[0, 0, 0, 0, 0, 0, 0, 0, 317948, 659260, 1004260, 1349353, 1694446, 2039539, 2384632, 2384632, 2384632, 2384632, 2384632, 2384632, 2384632, 2384632, 2384632, 2384632, 2384632, 2384632, 2384632, 2384632, 2384632, 2384632, 2384632, 2384632, 2384632, 2384632, 2384632, 2384632, 2384632, 2384632, 2384632, 2384632, 2384632, 2384632, 2384632, 2384632, 2384632, 2384632, 2384632, 2384632, 2384632]
--------------------------------------------
outputs[ 6 ]=[0.0, 0.0, 0.0, 0.0, 0.0, 1.2299215310063217e-05, 1.2299215310063217e-05, 1.2299215310063217e-05, 1.2299215310063217e-05, 1.2299215310063217e-05, 1.2299215310063217e-05, 1.2299215310063217e-05, 1.2299215310063217e-05, 1.2299215310063217e-05, 1.2299215310063217e-05, 1.2299215310063217e-05, 1.2299215310063217e-05, 1.2299215310063217e-05, 1.2299215310063217e-05, 1.2299215310063217e-05, 1.2299215310063217e-05, 1.2299215310063217e-05, 1.2299215310063217e-05, 1.2299215310063217e-05, 1.2299215310063217e-05, 1.2299215310063217e-05, 1.2299215310063217e-05, 1.2299215310063217e-05, 1.2299215310063217e-05, 1.2299215310063217e-05, 1.2299215310063217e-05, 1.2299215310063217e-05, 1.2299215310063217e-05, 1.2299215310063217e-05, 1.2299215310063217e-05, 1.2299215310063217e-05, 1.2299215310063217e-05, 1.2299215310063217e-05, 1.2299215310063217e-05, 1.2299215310063217e-05, 1.2299215310063217e-05, 1.2299215310063217e-05, 1.2299215310063217e-05, 1.2299215310063217e-05, 1.2299215310063217e-05, 1.2299215310063217e-05, 1.2299215310063217e-05, 1.2299215310063217e-05, 1.2299215310063217e-05]
outputs_edges[ 6 ]=[0, 0, 0, 0, 0, 0, 0, 0, 0, 0, 0, 0, 0, 0, 0, 0, 0, 0, 0, 0, 0, 0, 0, 0, 0, 0, 0, 0, 0, 0, 0, 0, 0, 0, 0, 0, 0, 0, 0, 0, 0, 0, 0, 0, 0, 0, 0, 0, 0]
--------------------------------------------
outputs[ 7 ]=[0.0, 0.0, 0.0, 0.0, 0.0, 1.2299215310063217e-05, 0.00014759058372075862, 0.0011684254544560057, 0.0030748038275158047, 0.007379529186037931, 0.016690035175755787, 0.04884018399626104, 0.13209357243007896, 0.25935355324330306, 0.3764420829951049, 0.46424618109364624, 0.5209578628883478, 0.557006862962143, 0.5805967579268443, 0.5943226822128748, 0.6026492509777877, 0.6084175829582072, 0.6124025287186677, 0.6146778835510295, 0.6165104666322289, 0.6178756795316459, 0.619240892431063, 0.6201018375027674, 0.6214793496174944, 0.622180404890168, 0.6224509876269894, 0.6226723735025705, 0.6227953656556712, 0.6229060585934617, 0.6230290507465623, 0.6232012397609032, 0.6233611295599341, 0.6233980272058642, 0.6234103264211743, 0.6234226256364844, 0.6234226256364844, 0.6234226256364844, 0.6234226256364844, 0.6234226256364844, 0.6234226256364844, 0.6234226256364844, 0.6234226256364844, 0.6234226256364844, 0.6234226256364844]
outputs_edges[ 7 ]=[0, 0, 0, 0, 0, 0, 0, 0, 0, 322576, 666701, 1011327, 1355947, 1700561, 2044688, 2373727, 2373727, 2373727, 2373727, 2373727, 2373727, 2373727, 2373727, 2373727, 2373727, 2373727, 2373727, 2373727, 2373727, 2373727, 2373727, 2373727, 2373727, 2373727, 2373727, 2373727, 2373727, 2373727, 2373727, 2373727, 2373727, 2373727, 2373727, 2373727, 2373727, 2373727, 2373727, 2373727, 2373727]
--------------------------------------------
outputs[ 8 ]=[0.0, 0.0, 0.0, 0.0, 0.0, 1.2299215310063217e-05, 1.2299215310063217e-05, 1.2299215310063217e-05, 2.4598430620126434e-05, 2.4598430620126434e-05, 2.4598430620126434e-05, 2.4598430620126434e-05, 2.4598430620126434e-05, 2.4598430620126434e-05, 2.4598430620126434e-05, 2.4598430620126434e-05, 2.4598430620126434e-05, 2.4598430620126434e-05, 2.4598430620126434e-05, 2.4598430620126434e-05, 2.4598430620126434e-05, 2.4598430620126434e-05, 2.4598430620126434e-05, 2.4598430620126434e-05, 2.4598430620126434e-05, 2.4598430620126434e-05, 2.4598430620126434e-05, 2.4598430620126434e-05, 2.4598430620126434e-05, 2.4598430620126434e-05, 2.4598430620126434e-05, 2.4598430620126434e-05, 2.4598430620126434e-05, 2.4598430620126434e-05, 2.4598430620126434e-05, 2.4598430620126434e-05, 2.4598430620126434e-05, 2.4598430620126434e-05, 2.4598430620126434e-05, 2.4598430620126434e-05, 2.4598430620126434e-05, 2.4598430620126434e-05, 2.4598430620126434e-05, 2.4598430620126434e-05, 2.4598430620126434e-05, 2.4598430620126434e-05, 2.4598430620126434e-05, 2.4598430620126434e-05, 2.4598430620126434e-05]
outputs_edges[ 8 ]=[0, 0, 0, 0, 0, 0, 0, 0, 0, 0, 0, 0, 0, 0, 0, 0, 0, 0, 0, 0, 0, 0, 0, 0, 0, 0, 0, 0, 0, 0, 0, 0, 0, 0, 0, 0, 0, 0, 0, 0, 0, 0, 0, 0, 0, 0, 0, 0, 0]
--------------------------------------------
outputs[ 9 ]=[0.0, 0.0, 0.0, 0.0, 0.0, 1.2299215310063217e-05, 1.2299215310063217e-05, 1.2299215310063217e-05, 1.2299215310063217e-05, 1.2299215310063217e-05, 1.2299215310063217e-05, 1.2299215310063217e-05, 1.2299215310063217e-05, 1.2299215310063217e-05, 1.2299215310063217e-05, 1.2299215310063217e-05, 1.2299215310063217e-05, 1.2299215310063217e-05, 1.2299215310063217e-05, 1.2299215310063217e-05, 1.2299215310063217e-05, 1.2299215310063217e-05, 1.2299215310063217e-05, 1.2299215310063217e-05, 1.2299215310063217e-05, 1.2299215310063217e-05, 1.2299215310063217e-05, 1.2299215310063217e-05, 1.2299215310063217e-05, 1.2299215310063217e-05, 1.2299215310063217e-05, 1.2299215310063217e-05, 1.2299215310063217e-05, 1.2299215310063217e-05, 1.2299215310063217e-05, 1.2299215310063217e-05, 1.2299215310063217e-05, 1.2299215310063217e-05, 1.2299215310063217e-05, 1.2299215310063217e-05, 1.2299215310063217e-05, 1.2299215310063217e-05, 1.2299215310063217e-05, 1.2299215310063217e-05, 1.2299215310063217e-05, 1.2299215310063217e-05, 1.2299215310063217e-05, 1.2299215310063217e-05, 1.2299215310063217e-05]
outputs_edges[ 9 ]=[0, 0, 0, 0, 0, 0, 0, 0, 0, 0, 0, 0, 0, 0, 0, 0, 0, 0, 0, 0, 0, 0, 0, 0, 0, 0, 0, 0, 0, 0, 0, 0, 0, 0, 0, 0, 0, 0, 0, 0, 0, 0, 0, 0, 0, 0, 0, 0, 0]
--------------------------------------------
avg_output=[0.0, 0.0, 0.0, 0.0, 0.0, 1.2299215310063217e-05, 4.058741052320862e-05, 0.0001980173664920178, 0.0008166678965881979, 0.0034646889528448083, 0.011899490812486164, 0.032740511155388285, 0.07280889479251225, 0.13123631712296754, 0.19406316876983248, 0.25397264654515045, 0.3079551324625489, 0.35069982535114264, 0.3796595577202174, 0.3973876466681426, 0.4081925073180332, 0.41570732787248177, 0.4206442328979412, 0.4241716478488673, 0.42684672717880606, 0.4287100582982807, 0.4305180429488599, 0.4320296165104667, 0.43331365458883725, 0.43417705950360375, 0.4348547462671883, 0.4355139842078076, 0.436173222148427, 0.436584015939783, 0.4368336900105774, 0.4369739010651121, 0.43704400659237946, 0.4370882837674957, 0.4371202617273019, 0.43714240031485996, 0.43714609007945293, 0.437148549922515, 0.437149779844046, 0.43715223968710804, 0.43715223968710804, 0.43715223968710804, 0.43715223968710804, 0.43715223968710804, 0.43715223968710804]
avg_output_edges=[0.0, 0.0, 0.0, 0.0, 0.0, 0.0, 0.0, 0.0, 31794.8, 165487.9, 334316.9, 537986.3, 779244.7, 1022620.1, 1266046.7, 1464930.2, 1568233.6, 1638729.3, 1674839.2, 1674839.2, 1674839.2, 1674839.2, 1674839.2, 1674839.2, 1674839.2, 1674839.2, 1674839.2, 1674839.2, 1674839.2, 1674839.2, 1674839.2, 1674839.2, 1674839.2, 1674839.2, 1674839.2, 1674839.2, 1674839.2, 1674839.2, 1674839.2, 1674839.2, 1674839.2, 1674839.2, 1674839.2, 1674839.2, 1674839.2, 1674839.2, 1674839.2, 1674839.2, 1674839.2]
