outputs[ 0 ]=[0.0, 0.0, 0.0, 0.0, 0.0, 1.2299215310063217e-05, 1.2299215310063217e-05, 1.2299215310063217e-05, 1.2299215310063217e-05, 1.2299215310063217e-05, 1.2299215310063217e-05, 1.2299215310063217e-05, 1.2299215310063217e-05, 1.2299215310063217e-05, 1.2299215310063217e-05, 1.2299215310063217e-05, 1.2299215310063217e-05, 1.2299215310063217e-05, 1.2299215310063217e-05, 1.2299215310063217e-05, 1.2299215310063217e-05, 1.2299215310063217e-05, 1.2299215310063217e-05, 1.2299215310063217e-05, 1.2299215310063217e-05, 1.2299215310063217e-05, 1.2299215310063217e-05, 1.2299215310063217e-05, 1.2299215310063217e-05, 1.2299215310063217e-05, 1.2299215310063217e-05, 1.2299215310063217e-05, 1.2299215310063217e-05, 1.2299215310063217e-05, 1.2299215310063217e-05, 1.2299215310063217e-05, 1.2299215310063217e-05, 1.2299215310063217e-05, 1.2299215310063217e-05, 1.2299215310063217e-05, 1.2299215310063217e-05, 1.2299215310063217e-05, 1.2299215310063217e-05, 1.2299215310063217e-05, 1.2299215310063217e-05, 1.2299215310063217e-05, 1.2299215310063217e-05, 1.2299215310063217e-05, 1.2299215310063217e-05, 1.2299215310063217e-05, 1.2299215310063217e-05, 1.2299215310063217e-05, 1.2299215310063217e-05, 1.2299215310063217e-05, 1.2299215310063217e-05]
outputs_edges[ 0 ]=[0, 0, 0, 0, 0, 0, 0, 0, 0, 0, 0, 0, 0, 0, 0, 0, 0, 0, 0, 0, 0, 0, 0, 0, 0, 0, 0, 0, 0, 0, 0, 0, 0, 0, 0, 0, 0, 0, 0, 0, 0, 0, 0, 0, 0, 0, 0, 0, 0, 0, 0, 0, 0, 0, 0]
--------------------------------------------
outputs[ 1 ]=[0.0, 0.0, 0.0, 0.0, 0.0, 1.2299215310063217e-05, 1.2299215310063217e-05, 2.4598430620126434e-05, 2.4598430620126434e-05, 2.4598430620126434e-05, 2.4598430620126434e-05, 2.4598430620126434e-05, 2.4598430620126434e-05, 2.4598430620126434e-05, 2.4598430620126434e-05, 2.4598430620126434e-05, 2.4598430620126434e-05, 2.4598430620126434e-05, 2.4598430620126434e-05, 2.4598430620126434e-05, 2.4598430620126434e-05, 2.4598430620126434e-05, 2.4598430620126434e-05, 2.4598430620126434e-05, 2.4598430620126434e-05, 2.4598430620126434e-05, 2.4598430620126434e-05, 2.4598430620126434e-05, 2.4598430620126434e-05, 2.4598430620126434e-05, 2.4598430620126434e-05, 2.4598430620126434e-05, 2.4598430620126434e-05, 2.4598430620126434e-05, 2.4598430620126434e-05, 2.4598430620126434e-05, 2.4598430620126434e-05, 2.4598430620126434e-05, 2.4598430620126434e-05, 2.4598430620126434e-05, 2.4598430620126434e-05, 2.4598430620126434e-05, 2.4598430620126434e-05, 2.4598430620126434e-05, 2.4598430620126434e-05, 2.4598430620126434e-05, 2.4598430620126434e-05, 2.4598430620126434e-05, 2.4598430620126434e-05, 2.4598430620126434e-05, 2.4598430620126434e-05, 2.4598430620126434e-05, 2.4598430620126434e-05, 2.4598430620126434e-05, 2.4598430620126434e-05]
outputs_edges[ 1 ]=[0, 0, 0, 0, 0, 0, 0, 0, 0, 0, 0, 0, 0, 0, 0, 0, 0, 0, 0, 0, 0, 0, 0, 0, 0, 0, 0, 0, 0, 0, 0, 0, 0, 0, 0, 0, 0, 0, 0, 0, 0, 0, 0, 0, 0, 0, 0, 0, 0, 0, 0, 0, 0, 0, 0]
--------------------------------------------
outputs[ 2 ]=[0.0, 0.0, 0.0, 0.0, 0.0, 1.2299215310063217e-05, 8.609450717044253e-05, 0.0003443780286817701, 0.0010577325166654368, 0.0030256069662755515, 0.012828081568395936, 0.02676309251469756, 0.04091948933658033, 0.0580153986175682, 0.07983420657762035, 0.1200772390721472, 0.18098295328758024, 0.25180183504292425, 0.32580621356357464, 0.39495240203675, 0.44962241408998105, 0.4867291466804418, 0.5134061446879689, 0.5320148574520945, 0.5462204511352176, 0.5563919021966398, 0.5630211792487639, 0.566735542272403, 0.5694659680712371, 0.5716060315351881, 0.5731311342336359, 0.5739797800900303, 0.5747915283004944, 0.5754310874966178, 0.5761075443386712, 0.5769192925491353, 0.5778417336973901, 0.5781738125107618, 0.5783091038791726, 0.5783214030944825, 0.5783337023097926, 0.5783337023097926, 0.5783337023097926, 0.5783337023097926, 0.5783337023097926, 0.5783337023097926, 0.5783337023097926, 0.5783337023097926, 0.5783337023097926, 0.5783337023097926, 0.5783337023097926, 0.5783337023097926, 0.5783337023097926, 0.5783337023097926, 0.5783337023097926]
outputs_edges[ 2 ]=[0, 0, 0, 0, 0, 0, 13178, 33348, 57818, 88727, 179310, 315633, 548378, 812416, 1119978, 1436200, 1752422, 2056853, 2353676, 2646283, 2855162, 3034372, 3192785, 3255061, 3297007, 3332503, 3340520, 3347766, 3347766, 3347766, 3347766, 3347766, 3347766, 3347766, 3347766, 3347766, 3347766, 3347766, 3347766, 3347766, 3347766, 3347766, 3347766, 3347766, 3347766, 3347766, 3347766, 3347766, 3347766, 3347766, 3347766, 3347766, 3347766, 3347766, 3347766]
--------------------------------------------
outputs[ 3 ]=[0.0, 0.0, 0.0, 0.0, 0.0, 1.2299215310063217e-05, 3.6897645930189655e-05, 7.379529186037931e-05, 9.839372248050574e-05, 0.0002090866602710747, 0.0004550709664723391, 0.0017956854352692297, 0.011241482793397782, 0.0507588615846309, 0.13252404496593118, 0.23912134405824909, 0.343000516567043, 0.41932944678129536, 0.46878459154305957, 0.5029641108897253, 0.5259513443042334, 0.5398002607433646, 0.5507342631540108, 0.5572774456989644, 0.5610656040144639, 0.5632794627702753, 0.5648414631146533, 0.5655917152485671, 0.56614517993752, 0.566538754827442, 0.566920030502054, 0.5672521093154257, 0.5674488967603867, 0.5676333849900377, 0.5678178732196886, 0.5678916685115489, 0.5680023614493396, 0.5681130543871301, 0.5683098418320911, 0.5684451332005018, 0.5685558261382924, 0.5686296214301527, 0.5687034167220132, 0.5687649127985634, 0.5687649127985634, 0.5688141096598037, 0.5688387080904238, 0.5688387080904238, 0.5688387080904238, 0.5688387080904238, 0.5688387080904238, 0.5688387080904238, 0.5688387080904238, 0.5688387080904238, 0.5688387080904238]
outputs_edges[ 3 ]=[0, 0, 0, 0, 0, 0, 0, 0, 62438, 183018, 468068, 772877, 1104148, 1436943, 1769738, 2103553, 2437368, 2770343, 3014364, 3196590, 3355191, 3396353, 3414917, 3418819, 3418819, 3418819, 3418819, 3418819, 3418819, 3418819, 3418819, 3418819, 3418819, 3418819, 3418819, 3418819, 3418819, 3418819, 3418819, 3418819, 3418819, 3418819, 3418819, 3418819, 3418819, 3418819, 3418819, 3418819, 3418819, 3418819, 3418819, 3418819, 3418819, 3418819, 3418819]
--------------------------------------------
outputs[ 4 ]=[0.0, 0.0, 0.0, 0.0, 0.0, 1.2299215310063217e-05, 2.4598430620126434e-05, 3.6897645930189655e-05, 3.6897645930189655e-05, 3.6897645930189655e-05, 3.6897645930189655e-05, 3.6897645930189655e-05, 3.6897645930189655e-05, 3.6897645930189655e-05, 3.6897645930189655e-05, 3.6897645930189655e-05, 3.6897645930189655e-05, 3.6897645930189655e-05, 3.6897645930189655e-05, 3.6897645930189655e-05, 3.6897645930189655e-05, 3.6897645930189655e-05, 3.6897645930189655e-05, 3.6897645930189655e-05, 3.6897645930189655e-05, 3.6897645930189655e-05, 3.6897645930189655e-05, 3.6897645930189655e-05, 3.6897645930189655e-05, 3.6897645930189655e-05, 3.6897645930189655e-05, 3.6897645930189655e-05, 3.6897645930189655e-05, 3.6897645930189655e-05, 3.6897645930189655e-05, 3.6897645930189655e-05, 3.6897645930189655e-05, 3.6897645930189655e-05, 3.6897645930189655e-05, 3.6897645930189655e-05, 3.6897645930189655e-05, 3.6897645930189655e-05, 3.6897645930189655e-05, 3.6897645930189655e-05, 3.6897645930189655e-05, 3.6897645930189655e-05, 3.6897645930189655e-05, 3.6897645930189655e-05, 3.6897645930189655e-05, 3.6897645930189655e-05, 3.6897645930189655e-05, 3.6897645930189655e-05, 3.6897645930189655e-05, 3.6897645930189655e-05, 3.6897645930189655e-05]
outputs_edges[ 4 ]=[0, 0, 0, 0, 0, 0, 0, 0, 0, 0, 0, 0, 0, 0, 0, 0, 0, 0, 0, 0, 0, 0, 0, 0, 0, 0, 0, 0, 0, 0, 0, 0, 0, 0, 0, 0, 0, 0, 0, 0, 0, 0, 0, 0, 0, 0, 0, 0, 0, 0, 0, 0, 0, 0, 0]
--------------------------------------------
outputs[ 5 ]=[0.0, 0.0, 0.0, 0.0, 0.0, 1.2299215310063217e-05, 1.2299215310063217e-05, 1.2299215310063217e-05, 1.2299215310063217e-05, 1.2299215310063217e-05, 1.2299215310063217e-05, 1.2299215310063217e-05, 1.2299215310063217e-05, 1.2299215310063217e-05, 1.2299215310063217e-05, 1.2299215310063217e-05, 1.2299215310063217e-05, 1.2299215310063217e-05, 1.2299215310063217e-05, 1.2299215310063217e-05, 1.2299215310063217e-05, 1.2299215310063217e-05, 1.2299215310063217e-05, 1.2299215310063217e-05, 1.2299215310063217e-05, 1.2299215310063217e-05, 1.2299215310063217e-05, 1.2299215310063217e-05, 1.2299215310063217e-05, 1.2299215310063217e-05, 1.2299215310063217e-05, 1.2299215310063217e-05, 1.2299215310063217e-05, 1.2299215310063217e-05, 1.2299215310063217e-05, 1.2299215310063217e-05, 1.2299215310063217e-05, 1.2299215310063217e-05, 1.2299215310063217e-05, 1.2299215310063217e-05, 1.2299215310063217e-05, 1.2299215310063217e-05, 1.2299215310063217e-05, 1.2299215310063217e-05, 1.2299215310063217e-05, 1.2299215310063217e-05, 1.2299215310063217e-05, 1.2299215310063217e-05, 1.2299215310063217e-05, 1.2299215310063217e-05, 1.2299215310063217e-05, 1.2299215310063217e-05, 1.2299215310063217e-05, 1.2299215310063217e-05, 1.2299215310063217e-05]
outputs_edges[ 5 ]=[0, 0, 0, 0, 0, 0, 0, 0, 0, 0, 0, 0, 0, 0, 0, 0, 0, 0, 0, 0, 0, 0, 0, 0, 0, 0, 0, 0, 0, 0, 0, 0, 0, 0, 0, 0, 0, 0, 0, 0, 0, 0, 0, 0, 0, 0, 0, 0, 0, 0, 0, 0, 0, 0, 0]
--------------------------------------------
outputs[ 6 ]=[0.0, 0.0, 0.0, 0.0, 0.0, 1.2299215310063217e-05, 1.2299215310063217e-05, 1.2299215310063217e-05, 1.2299215310063217e-05, 1.2299215310063217e-05, 1.2299215310063217e-05, 1.2299215310063217e-05, 1.2299215310063217e-05, 1.2299215310063217e-05, 1.2299215310063217e-05, 1.2299215310063217e-05, 1.2299215310063217e-05, 1.2299215310063217e-05, 1.2299215310063217e-05, 1.2299215310063217e-05, 1.2299215310063217e-05, 1.2299215310063217e-05, 1.2299215310063217e-05, 1.2299215310063217e-05, 1.2299215310063217e-05, 1.2299215310063217e-05, 1.2299215310063217e-05, 1.2299215310063217e-05, 1.2299215310063217e-05, 1.2299215310063217e-05, 1.2299215310063217e-05, 1.2299215310063217e-05, 1.2299215310063217e-05, 1.2299215310063217e-05, 1.2299215310063217e-05, 1.2299215310063217e-05, 1.2299215310063217e-05, 1.2299215310063217e-05, 1.2299215310063217e-05, 1.2299215310063217e-05, 1.2299215310063217e-05, 1.2299215310063217e-05, 1.2299215310063217e-05, 1.2299215310063217e-05, 1.2299215310063217e-05, 1.2299215310063217e-05, 1.2299215310063217e-05, 1.2299215310063217e-05, 1.2299215310063217e-05, 1.2299215310063217e-05, 1.2299215310063217e-05, 1.2299215310063217e-05, 1.2299215310063217e-05, 1.2299215310063217e-05, 1.2299215310063217e-05]
outputs_edges[ 6 ]=[0, 0, 0, 0, 0, 0, 0, 0, 0, 0, 0, 0, 0, 0, 0, 0, 0, 0, 0, 0, 0, 0, 0, 0, 0, 0, 0, 0, 0, 0, 0, 0, 0, 0, 0, 0, 0, 0, 0, 0, 0, 0, 0, 0, 0, 0, 0, 0, 0, 0, 0, 0, 0, 0, 0]
--------------------------------------------
outputs[ 7 ]=[0.0, 0.0, 0.0, 0.0, 0.0, 1.2299215310063217e-05, 6.149607655031609e-05, 0.00014759058372075862, 0.0004796693970924655, 0.0012668191769365114, 0.005030379061815856, 0.015337121491648833, 0.03524955107864118, 0.06984724374584901, 0.12775194942562665, 0.21497798440459498, 0.3167416918800581, 0.4033527660935232, 0.4636558187587632, 0.5016111972056183, 0.5275010454333013, 0.5429365606474307, 0.5530096179863725, 0.5596019973925663, 0.5652596364351954, 0.5693429759181364, 0.5713600472289868, 0.5726022679753032, 0.5737214965685189, 0.5750621110373159, 0.5767102058888642, 0.5777679384055298, 0.5786657811231644, 0.5803999704818833, 0.5835854672471896, 0.5852581605293582, 0.585996113447962, 0.5867340663665658, 0.5885420510171451, 0.5896489803950508, 0.5900179568543527, 0.590657516050476, 0.5913954689690798, 0.5922810124714043, 0.5933387449880697, 0.5946178633803163, 0.5959215802031831, 0.596708729983027, 0.5969424150739183, 0.5970777064423289, 0.597090005657639, 0.5971269033035692, 0.5971392025188793, 0.5971392025188793, 0.5971392025188793]
outputs_edges[ 7 ]=[0, 0, 0, 0, 0, 0, 0, 44996, 105916, 237920, 492518, 800245, 1137468, 1475006, 1813817, 2152821, 2491825, 2789878, 3080718, 3281500, 3407624, 3454579, 3489615, 3495355, 3497940, 3497940, 3497940, 3497940, 3497940, 3497940, 3497940, 3497940, 3497940, 3497940, 3497940, 3497940, 3497940, 3497940, 3497940, 3497940, 3497940, 3497940, 3497940, 3497940, 3497940, 3497940, 3497940, 3497940, 3497940, 3497940, 3497940, 3497940, 3497940, 3497940, 3497940]
--------------------------------------------
outputs[ 8 ]=[0.0, 0.0, 0.0, 0.0, 0.0, 1.2299215310063217e-05, 1.2299215310063217e-05, 1.2299215310063217e-05, 1.2299215310063217e-05, 1.2299215310063217e-05, 1.2299215310063217e-05, 1.2299215310063217e-05, 1.2299215310063217e-05, 1.2299215310063217e-05, 1.2299215310063217e-05, 1.2299215310063217e-05, 1.2299215310063217e-05, 1.2299215310063217e-05, 1.2299215310063217e-05, 1.2299215310063217e-05, 1.2299215310063217e-05, 1.2299215310063217e-05, 1.2299215310063217e-05, 1.2299215310063217e-05, 1.2299215310063217e-05, 1.2299215310063217e-05, 1.2299215310063217e-05, 1.2299215310063217e-05, 1.2299215310063217e-05, 1.2299215310063217e-05, 1.2299215310063217e-05, 1.2299215310063217e-05, 1.2299215310063217e-05, 1.2299215310063217e-05, 1.2299215310063217e-05, 1.2299215310063217e-05, 1.2299215310063217e-05, 1.2299215310063217e-05, 1.2299215310063217e-05, 1.2299215310063217e-05, 1.2299215310063217e-05, 1.2299215310063217e-05, 1.2299215310063217e-05, 1.2299215310063217e-05, 1.2299215310063217e-05, 1.2299215310063217e-05, 1.2299215310063217e-05, 1.2299215310063217e-05, 1.2299215310063217e-05, 1.2299215310063217e-05, 1.2299215310063217e-05, 1.2299215310063217e-05, 1.2299215310063217e-05, 1.2299215310063217e-05, 1.2299215310063217e-05]
outputs_edges[ 8 ]=[0, 0, 0, 0, 0, 0, 0, 0, 0, 0, 0, 0, 0, 0, 0, 0, 0, 0, 0, 0, 0, 0, 0, 0, 0, 0, 0, 0, 0, 0, 0, 0, 0, 0, 0, 0, 0, 0, 0, 0, 0, 0, 0, 0, 0, 0, 0, 0, 0, 0, 0, 0, 0, 0, 0]
--------------------------------------------
outputs[ 9 ]=[0.0, 0.0, 0.0, 0.0, 0.0, 1.2299215310063217e-05, 6.149607655031609e-05, 0.0003443780286817701, 0.002496740707942833, 0.00669077312867439, 0.01747718495559983, 0.04456005706835904, 0.09193663444272256, 0.1599635943226822, 0.25666002509039926, 0.36047770152264286, 0.4392418763682877, 0.49072639165621235, 0.5244262416057855, 0.5471920891447125, 0.561286989890045, 0.5705974958797628, 0.5772759697931272, 0.5817405849506802, 0.5845325068260645, 0.5863158930460237, 0.5873736255626891, 0.5880992792659828, 0.588714240031486, 0.5889848227683074, 0.5891816102132684, 0.5892800039357489, 0.5893660984429193, 0.5894398937347797, 0.58948909059602, 0.58948909059602, 0.5895136890266401, 0.5895136890266401, 0.5895136890266401, 0.5895136890266401, 0.5895136890266401, 0.5895136890266401, 0.5895136890266401, 0.5895136890266401, 0.5895136890266401, 0.5895136890266401, 0.5895136890266401, 0.5895136890266401, 0.5895136890266401, 0.5895136890266401, 0.5895136890266401, 0.5895136890266401, 0.5895136890266401, 0.5895136890266401, 0.5895136890266401]
outputs_edges[ 9 ]=[0, 0, 0, 0, 0, 0, 28989, 105905, 205410, 460480, 775337, 1112206, 1449472, 1786738, 2123529, 2437544, 2729358, 2988808, 3160269, 3292153, 3325641, 3342186, 3347130, 3352074, 3352074, 3352074, 3352074, 3352074, 3352074, 3352074, 3352074, 3352074, 3352074, 3352074, 3352074, 3352074, 3352074, 3352074, 3352074, 3352074, 3352074, 3352074, 3352074, 3352074, 3352074, 3352074, 3352074, 3352074, 3352074, 3352074, 3352074, 3352074, 3352074, 3352074, 3352074]
--------------------------------------------
avg_output=[0.0, 0.0, 0.0, 0.0, 0.0, 1.2299215310063217e-05, 3.3207881337170686e-05, 0.0001020834870735247, 0.0004243229281971811, 0.0011302978869948098, 0.0035901409490074533, 0.008856664944776523, 0.017945785058913245, 0.03386957912085209, 0.0596880918997368, 0.09347649619954249, 0.128007773104076, 0.15653211325117458, 0.17827835584089735, 0.19468304922145965, 0.2064472486655351, 0.214017415688879, 0.21945366885592693, 0.22307455784320956, 0.2257188891348732, 0.22754409268688658, 0.22867070080928836, 0.2293139497700046, 0.22981575775465526, 0.23023024131060438, 0.2306053673775613, 0.2308390524684525, 0.2310382997564755, 0.23130150296411087, 0.23171106683393594, 0.23196689051238523, 0.23214645905591222, 0.23226453152288884, 0.2324785378692839, 0.23260398986544656, 0.23265318672668683, 0.23272452217548517, 0.2328056969965316, 0.23290040095441905, 0.2330061742060856, 0.23313900573143434, 0.23327183725678297, 0.23335055223476736, 0.2333739207438565, 0.2333874498806976, 0.23338867980222858, 0.23339236956682158, 0.23339359948835262, 0.23339359948835262, 0.23339359948835262]
avg_output_edges=[0.0, 0.0, 0.0, 0.0, 0.0, 0.0, 4216.7, 18424.9, 43158.2, 97014.5, 191523.3, 300096.1, 423946.6, 551110.3, 682706.2, 813011.8, 941097.3, 1060588.2, 1160902.7, 1241652.6, 1294361.8, 1322749.0, 1344444.7, 1352130.9, 1356584.0, 1360133.6, 1360935.3, 1361659.9, 1361659.9, 1361659.9, 1361659.9, 1361659.9, 1361659.9, 1361659.9, 1361659.9, 1361659.9, 1361659.9, 1361659.9, 1361659.9, 1361659.9, 1361659.9, 1361659.9, 1361659.9, 1361659.9, 1361659.9, 1361659.9, 1361659.9, 1361659.9, 1361659.9, 1361659.9, 1361659.9, 1361659.9, 1361659.9, 1361659.9, 1361659.9]
