outputs[ 0 ]=[0.0, 0.0, 0.0, 0.0, 0.0, 1.2299215310063217e-05, 1.2299215310063217e-05, 1.2299215310063217e-05, 1.2299215310063217e-05, 1.2299215310063217e-05, 1.2299215310063217e-05, 1.2299215310063217e-05, 1.2299215310063217e-05, 1.2299215310063217e-05, 1.2299215310063217e-05, 1.2299215310063217e-05, 1.2299215310063217e-05, 1.2299215310063217e-05, 1.2299215310063217e-05, 1.2299215310063217e-05, 1.2299215310063217e-05, 1.2299215310063217e-05, 1.2299215310063217e-05, 1.2299215310063217e-05, 1.2299215310063217e-05, 1.2299215310063217e-05, 1.2299215310063217e-05, 1.2299215310063217e-05, 1.2299215310063217e-05, 1.2299215310063217e-05, 1.2299215310063217e-05, 1.2299215310063217e-05, 1.2299215310063217e-05, 1.2299215310063217e-05, 1.2299215310063217e-05, 1.2299215310063217e-05, 1.2299215310063217e-05, 1.2299215310063217e-05, 1.2299215310063217e-05, 1.2299215310063217e-05, 1.2299215310063217e-05, 1.2299215310063217e-05, 1.2299215310063217e-05, 1.2299215310063217e-05, 1.2299215310063217e-05, 1.2299215310063217e-05, 1.2299215310063217e-05, 1.2299215310063217e-05, 1.2299215310063217e-05, 1.2299215310063217e-05, 1.2299215310063217e-05, 1.2299215310063217e-05, 1.2299215310063217e-05, 1.2299215310063217e-05, 1.2299215310063217e-05]
outputs_edges[ 0 ]=[0, 0, 0, 0, 0, 0, 0, 0, 0, 0, 0, 0, 0, 0, 0, 0, 0, 0, 0, 0, 0, 0, 0, 0, 0, 0, 0, 0, 0, 0, 0, 0, 0, 0, 0, 0, 0, 0, 0, 0, 0, 0, 0, 0, 0, 0, 0, 0, 0, 0, 0, 0, 0, 0, 0]
--------------------------------------------
outputs[ 1 ]=[0.0, 0.0, 0.0, 0.0, 0.0, 1.2299215310063217e-05, 1.2299215310063217e-05, 1.2299215310063217e-05, 2.4598430620126434e-05, 2.4598430620126434e-05, 2.4598430620126434e-05, 3.6897645930189655e-05, 3.6897645930189655e-05, 4.919686124025287e-05, 4.919686124025287e-05, 4.919686124025287e-05, 4.919686124025287e-05, 4.919686124025287e-05, 4.919686124025287e-05, 4.919686124025287e-05, 4.919686124025287e-05, 4.919686124025287e-05, 4.919686124025287e-05, 4.919686124025287e-05, 4.919686124025287e-05, 4.919686124025287e-05, 4.919686124025287e-05, 4.919686124025287e-05, 4.919686124025287e-05, 4.919686124025287e-05, 4.919686124025287e-05, 4.919686124025287e-05, 4.919686124025287e-05, 4.919686124025287e-05, 4.919686124025287e-05, 4.919686124025287e-05, 4.919686124025287e-05, 4.919686124025287e-05, 4.919686124025287e-05, 4.919686124025287e-05, 4.919686124025287e-05, 4.919686124025287e-05, 4.919686124025287e-05, 4.919686124025287e-05, 4.919686124025287e-05, 4.919686124025287e-05, 4.919686124025287e-05, 4.919686124025287e-05, 4.919686124025287e-05, 4.919686124025287e-05, 4.919686124025287e-05, 4.919686124025287e-05, 4.919686124025287e-05, 4.919686124025287e-05, 4.919686124025287e-05]
outputs_edges[ 1 ]=[0, 0, 0, 0, 0, 0, 0, 0, 0, 0, 0, 0, 0, 0, 0, 0, 0, 0, 0, 0, 0, 0, 0, 0, 0, 0, 0, 0, 0, 0, 0, 0, 0, 0, 0, 0, 0, 0, 0, 0, 0, 0, 0, 0, 0, 0, 0, 0, 0, 0, 0, 0, 0, 0, 0]
--------------------------------------------
outputs[ 2 ]=[0.0, 0.0, 0.0, 0.0, 0.0, 1.2299215310063217e-05, 2.4598430620126434e-05, 3.6897645930189655e-05, 3.6897645930189655e-05, 3.6897645930189655e-05, 4.919686124025287e-05, 7.379529186037931e-05, 0.00012299215310063218, 0.00017218901434088506, 0.00036897645930189656, 0.0016234964209283448, 0.0062848990234423046, 0.015730696381570857, 0.04240769438909798, 0.11842914422059872, 0.2449265736845989, 0.36505300961798637, 0.45392713944850316, 0.5116104592526997, 0.546491033872039, 0.5665633532580622, 0.5788502693528152, 0.5855902393427299, 0.5908174058495068, 0.5948761469018277, 0.5986766044326371, 0.6020957862888348, 0.6072122598578211, 0.6113078985560721, 0.6140629227855263, 0.6156618207758345, 0.6165842619240892, 0.6171377266130421, 0.6175681991488943, 0.6177157897326151, 0.6178510811010257, 0.6179125771775761, 0.6179371756081962, 0.6179494748235063, 0.6179617740388164, 0.6179740732541263, 0.6179740732541263, 0.6179740732541263, 0.6179740732541263, 0.6179740732541263, 0.6179740732541263, 0.6179740732541263, 0.6179740732541263, 0.6179740732541263, 0.6179740732541263]
outputs_edges[ 2 ]=[0, 0, 0, 0, 0, 0, 0, 0, 0, 0, 0, 0, 0, 0, 0, 0, 318927, 653093, 988984, 1324875, 1660766, 1996657, 2313771, 2313771, 2313771, 2313771, 2313771, 2313771, 2313771, 2313771, 2313771, 2313771, 2313771, 2313771, 2313771, 2313771, 2313771, 2313771, 2313771, 2313771, 2313771, 2313771, 2313771, 2313771, 2313771, 2313771, 2313771, 2313771, 2313771, 2313771, 2313771, 2313771, 2313771, 2313771, 2313771]
--------------------------------------------
outputs[ 3 ]=[0.0, 0.0, 0.0, 0.0, 0.0, 1.2299215310063217e-05, 2.4598430620126434e-05, 3.6897645930189655e-05, 4.919686124025287e-05, 7.379529186037931e-05, 8.609450717044253e-05, 9.839372248050574e-05, 0.00015988979903082184, 0.00025828352151132755, 0.0009470395788748677, 0.004722898679064276, 0.019629547634860897, 0.06998253511425971, 0.179187267852311, 0.3034216416992596, 0.40798957026541705, 0.4807025311785108, 0.527808525816053, 0.5604629424642708, 0.5823309472855632, 0.5957001943276019, 0.6037561803556933, 0.6088603547093695, 0.6125378200870785, 0.6171131281824219, 0.6201264359333875, 0.6226354758566404, 0.6244926573684599, 0.625870169483187, 0.6266081224017908, 0.6271615870907437, 0.6275182643347355, 0.6276904533490764, 0.6278872407940373, 0.6279733353012078, 0.628010232947138, 0.628010232947138, 0.6280348313777581, 0.6280471305930682, 0.6280594298083783, 0.6280717290236882, 0.6280840282389983, 0.6280840282389983, 0.6280840282389983, 0.6280840282389983, 0.6280840282389983, 0.6280840282389983, 0.6280840282389983, 0.6280840282389983, 0.6280840282389983]
outputs_edges[ 3 ]=[0, 0, 0, 0, 0, 0, 0, 0, 0, 0, 0, 0, 0, 0, 320151, 658256, 1014557, 1371087, 1728440, 2085793, 2442508, 2795582, 2795582, 2795582, 2795582, 2795582, 2795582, 2795582, 2795582, 2795582, 2795582, 2795582, 2795582, 2795582, 2795582, 2795582, 2795582, 2795582, 2795582, 2795582, 2795582, 2795582, 2795582, 2795582, 2795582, 2795582, 2795582, 2795582, 2795582, 2795582, 2795582, 2795582, 2795582, 2795582, 2795582]
--------------------------------------------
outputs[ 4 ]=[0.0, 0.0, 0.0, 0.0, 0.0, 1.2299215310063217e-05, 1.2299215310063217e-05, 1.2299215310063217e-05, 1.2299215310063217e-05, 1.2299215310063217e-05, 1.2299215310063217e-05, 1.2299215310063217e-05, 1.2299215310063217e-05, 1.2299215310063217e-05, 1.2299215310063217e-05, 1.2299215310063217e-05, 1.2299215310063217e-05, 1.2299215310063217e-05, 1.2299215310063217e-05, 1.2299215310063217e-05, 1.2299215310063217e-05, 1.2299215310063217e-05, 1.2299215310063217e-05, 1.2299215310063217e-05, 1.2299215310063217e-05, 1.2299215310063217e-05, 1.2299215310063217e-05, 1.2299215310063217e-05, 1.2299215310063217e-05, 1.2299215310063217e-05, 1.2299215310063217e-05, 1.2299215310063217e-05, 1.2299215310063217e-05, 1.2299215310063217e-05, 1.2299215310063217e-05, 1.2299215310063217e-05, 1.2299215310063217e-05, 1.2299215310063217e-05, 1.2299215310063217e-05, 1.2299215310063217e-05, 1.2299215310063217e-05, 1.2299215310063217e-05, 1.2299215310063217e-05, 1.2299215310063217e-05, 1.2299215310063217e-05, 1.2299215310063217e-05, 1.2299215310063217e-05, 1.2299215310063217e-05, 1.2299215310063217e-05, 1.2299215310063217e-05, 1.2299215310063217e-05, 1.2299215310063217e-05, 1.2299215310063217e-05, 1.2299215310063217e-05, 1.2299215310063217e-05]
outputs_edges[ 4 ]=[0, 0, 0, 0, 0, 0, 0, 0, 0, 0, 0, 0, 0, 0, 0, 0, 0, 0, 0, 0, 0, 0, 0, 0, 0, 0, 0, 0, 0, 0, 0, 0, 0, 0, 0, 0, 0, 0, 0, 0, 0, 0, 0, 0, 0, 0, 0, 0, 0, 0, 0, 0, 0, 0, 0]
--------------------------------------------
outputs[ 5 ]=[0.0, 0.0, 0.0, 0.0, 0.0, 1.2299215310063217e-05, 8.609450717044253e-05, 0.0007625513492239195, 0.004526111234103264, 0.01731729515656901, 0.049516640838314516, 0.12339802720586426, 0.23828499741716477, 0.35489385777187415, 0.4468304922145967, 0.5069859542961159, 0.5469461048385112, 0.5728974491427447, 0.5890217204142376, 0.5987626989398076, 0.6050107003173197, 0.6085159766806878, 0.6105453472068482, 0.6123287334268074, 0.6137677416180848, 0.6154158364696333, 0.6166211595700194, 0.6174575062111037, 0.6179125771775761, 0.6182446559909478, 0.6185398371583893, 0.6186136324502497, 0.6186751285268, 0.6187489238186604, 0.6189457112636214, 0.6192531916463729, 0.6198804516271862, 0.6204954123926893, 0.6208520896366811, 0.6209750817897818, 0.621011979435712, 0.621011979435712, 0.621024278651022, 0.621024278651022, 0.621024278651022, 0.6210365778663322, 0.6210365778663322, 0.6210365778663322, 0.6210365778663322, 0.6210365778663322, 0.6210365778663322, 0.6210365778663322, 0.6210365778663322, 0.6210365778663322, 0.6210365778663322]
outputs_edges[ 5 ]=[0, 0, 0, 0, 0, 0, 0, 0, 289043, 614672, 944275, 1274455, 1605561, 1924137, 2240721, 2540419, 2540419, 2540419, 2540419, 2540419, 2540419, 2540419, 2540419, 2540419, 2540419, 2540419, 2540419, 2540419, 2540419, 2540419, 2540419, 2540419, 2540419, 2540419, 2540419, 2540419, 2540419, 2540419, 2540419, 2540419, 2540419, 2540419, 2540419, 2540419, 2540419, 2540419, 2540419, 2540419, 2540419, 2540419, 2540419, 2540419, 2540419, 2540419, 2540419]
--------------------------------------------
outputs[ 6 ]=[0.0, 0.0, 0.0, 0.0, 0.0, 1.2299215310063217e-05, 6.149607655031609e-05, 0.0003443780286817701, 0.001635795636238408, 0.006100410793791356, 0.027537943079231544, 0.07407817381251076, 0.1558187587631909, 0.26600742872604727, 0.37547044498560994, 0.4565960691707869, 0.5092859075590978, 0.5454947974319239, 0.5677563771431383, 0.5804245689125034, 0.587939389466952, 0.5926745873613264, 0.5962044621553145, 0.5987872973704278, 0.6011856443558901, 0.6031658180208103, 0.6050352987479399, 0.607396748087472, 0.6098319927188646, 0.6114185914938627, 0.6122426389196369, 0.6129313949770004, 0.6134602612353331, 0.6136693478956042, 0.6137923400487049, 0.6138907337711854, 0.6139891274936659, 0.6141490172926968, 0.614591789043859, 0.6150960568715715, 0.6152682458859124, 0.615366639608393, 0.6154527341155634, 0.6155757262686641, 0.6156372223452143, 0.6156864192064546, 0.6157233168523848, 0.6157971121442452, 0.6157971121442452, 0.6158094113595552, 0.6158094113595552, 0.6158094113595552, 0.6158094113595552, 0.6158094113595552, 0.6158094113595552]
outputs_edges[ 6 ]=[0, 0, 0, 0, 0, 0, 0, 0, 269421, 612888, 959792, 1308229, 1656666, 2003837, 2351008, 2694986, 2694986, 2694986, 2694986, 2694986, 2694986, 2694986, 2694986, 2694986, 2694986, 2694986, 2694986, 2694986, 2694986, 2694986, 2694986, 2694986, 2694986, 2694986, 2694986, 2694986, 2694986, 2694986, 2694986, 2694986, 2694986, 2694986, 2694986, 2694986, 2694986, 2694986, 2694986, 2694986, 2694986, 2694986, 2694986, 2694986, 2694986, 2694986, 2694986]
--------------------------------------------
outputs[ 7 ]=[0.0, 0.0, 0.0, 0.0, 0.0, 1.2299215310063217e-05, 1.2299215310063217e-05, 1.2299215310063217e-05, 1.2299215310063217e-05, 1.2299215310063217e-05, 1.2299215310063217e-05, 1.2299215310063217e-05, 1.2299215310063217e-05, 1.2299215310063217e-05, 1.2299215310063217e-05, 1.2299215310063217e-05, 1.2299215310063217e-05, 1.2299215310063217e-05, 1.2299215310063217e-05, 1.2299215310063217e-05, 1.2299215310063217e-05, 1.2299215310063217e-05, 1.2299215310063217e-05, 1.2299215310063217e-05, 1.2299215310063217e-05, 1.2299215310063217e-05, 1.2299215310063217e-05, 1.2299215310063217e-05, 1.2299215310063217e-05, 1.2299215310063217e-05, 1.2299215310063217e-05, 1.2299215310063217e-05, 1.2299215310063217e-05, 1.2299215310063217e-05, 1.2299215310063217e-05, 1.2299215310063217e-05, 1.2299215310063217e-05, 1.2299215310063217e-05, 1.2299215310063217e-05, 1.2299215310063217e-05, 1.2299215310063217e-05, 1.2299215310063217e-05, 1.2299215310063217e-05, 1.2299215310063217e-05, 1.2299215310063217e-05, 1.2299215310063217e-05, 1.2299215310063217e-05, 1.2299215310063217e-05, 1.2299215310063217e-05, 1.2299215310063217e-05, 1.2299215310063217e-05, 1.2299215310063217e-05, 1.2299215310063217e-05, 1.2299215310063217e-05, 1.2299215310063217e-05]
outputs_edges[ 7 ]=[0, 0, 0, 0, 0, 0, 0, 0, 0, 0, 0, 0, 0, 0, 0, 0, 0, 0, 0, 0, 0, 0, 0, 0, 0, 0, 0, 0, 0, 0, 0, 0, 0, 0, 0, 0, 0, 0, 0, 0, 0, 0, 0, 0, 0, 0, 0, 0, 0, 0, 0, 0, 0, 0, 0]
--------------------------------------------
outputs[ 8 ]=[0.0, 0.0, 0.0, 0.0, 0.0, 1.2299215310063217e-05, 1.2299215310063217e-05, 1.2299215310063217e-05, 1.2299215310063217e-05, 1.2299215310063217e-05, 1.2299215310063217e-05, 1.2299215310063217e-05, 1.2299215310063217e-05, 1.2299215310063217e-05, 1.2299215310063217e-05, 1.2299215310063217e-05, 1.2299215310063217e-05, 1.2299215310063217e-05, 1.2299215310063217e-05, 1.2299215310063217e-05, 1.2299215310063217e-05, 1.2299215310063217e-05, 1.2299215310063217e-05, 1.2299215310063217e-05, 1.2299215310063217e-05, 1.2299215310063217e-05, 1.2299215310063217e-05, 1.2299215310063217e-05, 1.2299215310063217e-05, 1.2299215310063217e-05, 1.2299215310063217e-05, 1.2299215310063217e-05, 1.2299215310063217e-05, 1.2299215310063217e-05, 1.2299215310063217e-05, 1.2299215310063217e-05, 1.2299215310063217e-05, 1.2299215310063217e-05, 1.2299215310063217e-05, 1.2299215310063217e-05, 1.2299215310063217e-05, 1.2299215310063217e-05, 1.2299215310063217e-05, 1.2299215310063217e-05, 1.2299215310063217e-05, 1.2299215310063217e-05, 1.2299215310063217e-05, 1.2299215310063217e-05, 1.2299215310063217e-05, 1.2299215310063217e-05, 1.2299215310063217e-05, 1.2299215310063217e-05, 1.2299215310063217e-05, 1.2299215310063217e-05, 1.2299215310063217e-05]
outputs_edges[ 8 ]=[0, 0, 0, 0, 0, 0, 0, 0, 0, 0, 0, 0, 0, 0, 0, 0, 0, 0, 0, 0, 0, 0, 0, 0, 0, 0, 0, 0, 0, 0, 0, 0, 0, 0, 0, 0, 0, 0, 0, 0, 0, 0, 0, 0, 0, 0, 0, 0, 0, 0, 0, 0, 0, 0, 0]
--------------------------------------------
outputs[ 9 ]=[0.0, 0.0, 0.0, 0.0, 0.0, 1.2299215310063217e-05, 3.6897645930189655e-05, 3.6897645930189655e-05, 3.6897645930189655e-05, 3.6897645930189655e-05, 3.6897645930189655e-05, 3.6897645930189655e-05, 3.6897645930189655e-05, 3.6897645930189655e-05, 3.6897645930189655e-05, 3.6897645930189655e-05, 3.6897645930189655e-05, 3.6897645930189655e-05, 3.6897645930189655e-05, 3.6897645930189655e-05, 3.6897645930189655e-05, 3.6897645930189655e-05, 3.6897645930189655e-05, 3.6897645930189655e-05, 3.6897645930189655e-05, 3.6897645930189655e-05, 3.6897645930189655e-05, 3.6897645930189655e-05, 3.6897645930189655e-05, 3.6897645930189655e-05, 3.6897645930189655e-05, 3.6897645930189655e-05, 3.6897645930189655e-05, 3.6897645930189655e-05, 3.6897645930189655e-05, 3.6897645930189655e-05, 3.6897645930189655e-05, 3.6897645930189655e-05, 3.6897645930189655e-05, 3.6897645930189655e-05, 3.6897645930189655e-05, 3.6897645930189655e-05, 3.6897645930189655e-05, 3.6897645930189655e-05, 3.6897645930189655e-05, 3.6897645930189655e-05, 3.6897645930189655e-05, 3.6897645930189655e-05, 3.6897645930189655e-05, 3.6897645930189655e-05, 3.6897645930189655e-05, 3.6897645930189655e-05, 3.6897645930189655e-05, 3.6897645930189655e-05, 3.6897645930189655e-05]
outputs_edges[ 9 ]=[0, 0, 0, 0, 0, 0, 0, 0, 0, 0, 0, 0, 0, 0, 0, 0, 0, 0, 0, 0, 0, 0, 0, 0, 0, 0, 0, 0, 0, 0, 0, 0, 0, 0, 0, 0, 0, 0, 0, 0, 0, 0, 0, 0, 0, 0, 0, 0, 0, 0, 0, 0, 0, 0, 0]
--------------------------------------------
avg_output=[0.0, 0.0, 0.0, 0.0, 0.0, 1.2299215310063217e-05, 2.9518116744151714e-05, 0.0001279118392246575, 0.0006358694315302684, 0.00236390918259415, 0.007730056822374734, 0.019777138218581652, 0.03945096302855877, 0.06214670504021844, 0.08237522446067942, 0.09700637099353063, 0.10822817504243228, 0.12042407694389094, 0.13785083511671953, 0.160117334514058, 0.18460015251026984, 0.20470813962069223, 0.21886207659951298, 0.22833247238826168, 0.2343910658499988, 0.23809804934445186, 0.24043981993948793, 0.24194401397190862, 0.2431235087201437, 0.2441787813937471, 0.2449720807812462, 0.24564115809411363, 0.2463975598356825, 0.24697316311219347, 0.2473544387868054, 0.2476102624652547, 0.24781073967480877, 0.24796079010159153, 0.24810346099918826, 0.24818955550635874, 0.24822768307381993, 0.24824367205372302, 0.24825843111209508, 0.24827319017046717, 0.2482817996211842, 0.24829040907190122, 0.24829532875802526, 0.2483027082872113, 0.2483027082872113, 0.24830393820874233, 0.24830393820874233, 0.24830393820874233, 0.24830393820874233, 0.24830393820874233, 0.24830393820874233]
avg_output_edges=[0.0, 0.0, 0.0, 0.0, 0.0, 0.0, 0.0, 0.0, 55846.4, 122756.0, 190406.7, 258268.4, 326222.7, 392797.4, 491188.0, 589366.1, 656888.9, 725958.5, 795282.9, 864607.3, 933867.9, 1002764.4, 1034475.8, 1034475.8, 1034475.8, 1034475.8, 1034475.8, 1034475.8, 1034475.8, 1034475.8, 1034475.8, 1034475.8, 1034475.8, 1034475.8, 1034475.8, 1034475.8, 1034475.8, 1034475.8, 1034475.8, 1034475.8, 1034475.8, 1034475.8, 1034475.8, 1034475.8, 1034475.8, 1034475.8, 1034475.8, 1034475.8, 1034475.8, 1034475.8, 1034475.8, 1034475.8, 1034475.8, 1034475.8, 1034475.8]
