outputs[ 0 ]=[0.0, 0.0, 0.0, 0.0, 0.0, 1.2299215310063217e-05, 3.6897645930189655e-05, 6.149607655031609e-05, 9.839372248050574e-05, 0.00018448822965094828, 0.0008609450717044253, 0.005817528841659902, 0.023835879270902516, 0.06464467566969227, 0.1438516222664994, 0.25110077977025064, 0.35145007748505647, 0.4197107224559073, 0.46938725309325263, 0.5075394189850687, 0.5336506530883329, 0.5510171451061422, 0.5629473839569036, 0.5721471970088309, 0.579391434826458, 0.5836838609696702, 0.5859715150173419, 0.5873736255626891, 0.5883575627874942, 0.58947679138071, 0.5909895948638477, 0.5926868865766364, 0.594556367303766, 0.5962290605859346, 0.598049344451824, 0.5993776597053108, 0.6004968882985265, 0.601960494920424, 0.6033749046810813, 0.6040636607384449, 0.6043219442599562, 0.6044695348436769, 0.6045310309202273, 0.6046048262120877, 0.6046294246427077, 0.604666322288638, 0.604678621503948, 0.604678621503948, 0.604678621503948, 0.604678621503948, 0.604678621503948, 0.604678621503948, 0.604678621503948, 0.604678621503948, 0.604678621503948]
outputs_edges[ 0 ]=[0, 0, 0, 0, 0, 0, 0, 0, 0, 105455, 377626, 679802, 1004954, 1336539, 1668401, 2001624, 2326179, 2640636, 2871748, 3067758, 3148432, 3209427, 3209427, 3209427, 3209427, 3209427, 3209427, 3209427, 3209427, 3209427, 3209427, 3209427, 3209427, 3209427, 3209427, 3209427, 3209427, 3209427, 3209427, 3209427, 3209427, 3209427, 3209427, 3209427, 3209427, 3209427, 3209427, 3209427, 3209427, 3209427, 3209427, 3209427, 3209427, 3209427, 3209427]
--------------------------------------------
outputs[ 1 ]=[0.0, 0.0, 0.0, 0.0, 0.0, 1.2299215310063217e-05, 4.919686124025287e-05, 0.0003320788133717069, 0.0009470395788748677, 0.0023245516936019482, 0.008043686812781345, 0.03015767594027501, 0.09226871325609426, 0.204474454529801, 0.3325707819841094, 0.4249870858239244, 0.4877007846899368, 0.5248690133569478, 0.5493075541780434, 0.5658131011241483, 0.5762797333530121, 0.5823555457161833, 0.5868324600890463, 0.5895874843185005, 0.5915922564140408, 0.5934986347871006, 0.5953312178683, 0.5962782574471749, 0.5967456276289572, 0.5971515017341894, 0.5972867931026, 0.5974220844710108, 0.5974589821169409, 0.597483580547561, 0.5974958797628711, 0.5974958797628711, 0.5975081789781812, 0.5975081789781812, 0.5975081789781812, 0.5975081789781812, 0.5975081789781812, 0.5975081789781812, 0.5975081789781812, 0.5975081789781812, 0.5975081789781812, 0.5975081789781812, 0.5975081789781812, 0.5975081789781812, 0.5975081789781812, 0.5975081789781812, 0.5975081789781812, 0.5975081789781812, 0.5975081789781812, 0.5975081789781812, 0.5975081789781812]
outputs_edges[ 1 ]=[0, 0, 0, 0, 0, 0, 0, 0, 172565, 474621, 803698, 1134504, 1465310, 1796116, 2127178, 2456753, 2782519, 2959325, 3089433, 3089433, 3089433, 3089433, 3089433, 3089433, 3089433, 3089433, 3089433, 3089433, 3089433, 3089433, 3089433, 3089433, 3089433, 3089433, 3089433, 3089433, 3089433, 3089433, 3089433, 3089433, 3089433, 3089433, 3089433, 3089433, 3089433, 3089433, 3089433, 3089433, 3089433, 3089433, 3089433, 3089433, 3089433, 3089433, 3089433]
--------------------------------------------
outputs[ 2 ]=[0.0, 0.0, 0.0, 0.0, 0.0, 1.2299215310063217e-05, 6.149607655031609e-05, 0.000282881952131454, 0.0016234964209283448, 0.0087939389466952, 0.04273977320246968, 0.12697709886109265, 0.24067104518731705, 0.3455095564902959, 0.42347428234078666, 0.4778983100878164, 0.515939783041842, 0.5422970014513074, 0.5577448158807468, 0.5686419206454628, 0.577608048606499, 0.583462475094089, 0.5866602710747054, 0.5892062086438885, 0.5918628391508621, 0.5932772489115195, 0.5941996900597741, 0.5950483359161686, 0.5956386982510515, 0.5960691707869038, 0.5969055174279881, 0.598061643667134, 0.5985413130642265, 0.5989102895235284, 0.5991562738297297, 0.5993284628440706, 0.599426856566551, 0.5995375495043416, 0.599623644011512, 0.5998696283177133, 0.6002386047770152, 0.6003738961454259, 0.6004599906525964, 0.6004968882985265, 0.6005214867291466, 0.6005214867291466, 0.6005460851597668, 0.6005583843750769, 0.6005583843750769, 0.6005583843750769, 0.6005583843750769, 0.6005706835903869, 0.6005706835903869, 0.6005706835903869, 0.6005706835903869]
outputs_edges[ 2 ]=[0, 0, 0, 0, 0, 0, 0, 272370, 576386, 912045, 1249781, 1587517, 1926633, 2265749, 2598900, 2932204, 3132059, 3227061, 3227061, 3227061, 3227061, 3227061, 3227061, 3227061, 3227061, 3227061, 3227061, 3227061, 3227061, 3227061, 3227061, 3227061, 3227061, 3227061, 3227061, 3227061, 3227061, 3227061, 3227061, 3227061, 3227061, 3227061, 3227061, 3227061, 3227061, 3227061, 3227061, 3227061, 3227061, 3227061, 3227061, 3227061, 3227061, 3227061, 3227061]
--------------------------------------------
outputs[ 3 ]=[0.0, 0.0, 0.0, 0.0, 0.0, 1.2299215310063217e-05, 2.4598430620126434e-05, 6.149607655031609e-05, 0.0007133544879836666, 0.0035175755786780805, 0.009076820898826655, 0.02194180011315278, 0.06214793496174944, 0.14583179593141957, 0.2554055051287728, 0.3564558581162522, 0.43320296165104666, 0.48621257963741915, 0.5208348707352471, 0.5420756155757263, 0.5566747841487714, 0.566341967382481, 0.5740904730278208, 0.578604285046614, 0.5819742700415713, 0.584446412318894, 0.5864019875531941, 0.5881976729884634, 0.5893415000122992, 0.589894964701252, 0.5904976262514452, 0.5926253905000861, 0.5948023516099673, 0.5955526037438812, 0.5962536590165547, 0.596684131552407, 0.5968440213514378, 0.5969178166432981, 0.5969793127198485, 0.5970777064423289, 0.5972129978107397, 0.5973113915332202, 0.5973728876097705, 0.5974220844710108, 0.5974220844710108, 0.5974466829016308, 0.5974466829016308, 0.5974466829016308, 0.5974466829016308, 0.5974466829016308, 0.5974466829016308, 0.5974466829016308, 0.5974466829016308, 0.5974466829016308, 0.5974466829016308]
outputs_edges[ 3 ]=[0, 0, 0, 0, 0, 0, 0, 0, 177202, 457693, 769037, 1101490, 1435065, 1768640, 2102830, 2435738, 2763885, 3014643, 3229693, 3295573, 3295573, 3295573, 3295573, 3295573, 3295573, 3295573, 3295573, 3295573, 3295573, 3295573, 3295573, 3295573, 3295573, 3295573, 3295573, 3295573, 3295573, 3295573, 3295573, 3295573, 3295573, 3295573, 3295573, 3295573, 3295573, 3295573, 3295573, 3295573, 3295573, 3295573, 3295573, 3295573, 3295573, 3295573, 3295573]
--------------------------------------------
outputs[ 4 ]=[0.0, 0.0, 0.0, 0.0, 0.0, 1.2299215310063217e-05, 0.00023368509089120114, 0.0012299215310063217, 0.0022384571864315058, 0.0074164268319681205, 0.026406415270705728, 0.07209800014759059, 0.17339433744127125, 0.3075664772587509, 0.40726391656212335, 0.471392025188793, 0.5139596093769218, 0.5431702457383218, 0.5633163604162055, 0.5766610090276241, 0.5860207118785822, 0.5910387917250879, 0.594162792413844, 0.5974589821169409, 0.5995129510737215, 0.6008166678965882, 0.6018621011979436, 0.6028952352839889, 0.6039160701547241, 0.6043711411211965, 0.6047278183651883, 0.6050229995326298, 0.6052074877622807, 0.6054903697144122, 0.6056133618675128, 0.6057486532359235, 0.6058593461737141, 0.6059331414655745, 0.6059700391115047, 0.606019235972745, 0.606031535188055, 0.606031535188055, 0.606031535188055, 0.606031535188055, 0.606031535188055, 0.606031535188055, 0.606031535188055, 0.606031535188055, 0.606031535188055, 0.606031535188055, 0.606031535188055, 0.606031535188055, 0.606031535188055, 0.606031535188055, 0.606031535188055]
outputs_edges[ 4 ]=[0, 0, 0, 0, 0, 0, 0, 157944, 469846, 816127, 1166593, 1518311, 1870162, 2222431, 2575035, 2922607, 3180164, 3346216, 3451347, 3451347, 3451347, 3451347, 3451347, 3451347, 3451347, 3451347, 3451347, 3451347, 3451347, 3451347, 3451347, 3451347, 3451347, 3451347, 3451347, 3451347, 3451347, 3451347, 3451347, 3451347, 3451347, 3451347, 3451347, 3451347, 3451347, 3451347, 3451347, 3451347, 3451347, 3451347, 3451347, 3451347, 3451347, 3451347, 3451347]
--------------------------------------------
outputs[ 5 ]=[0.0, 0.0, 0.0, 0.0, 0.0, 1.2299215310063217e-05, 1.2299215310063217e-05, 1.2299215310063217e-05, 1.2299215310063217e-05, 1.2299215310063217e-05, 1.2299215310063217e-05, 1.2299215310063217e-05, 1.2299215310063217e-05, 1.2299215310063217e-05, 1.2299215310063217e-05, 1.2299215310063217e-05, 1.2299215310063217e-05, 1.2299215310063217e-05, 1.2299215310063217e-05, 1.2299215310063217e-05, 1.2299215310063217e-05, 1.2299215310063217e-05, 1.2299215310063217e-05, 1.2299215310063217e-05, 1.2299215310063217e-05, 1.2299215310063217e-05, 1.2299215310063217e-05, 1.2299215310063217e-05, 1.2299215310063217e-05, 1.2299215310063217e-05, 1.2299215310063217e-05, 1.2299215310063217e-05, 1.2299215310063217e-05, 1.2299215310063217e-05, 1.2299215310063217e-05, 1.2299215310063217e-05, 1.2299215310063217e-05, 1.2299215310063217e-05, 1.2299215310063217e-05, 1.2299215310063217e-05, 1.2299215310063217e-05, 1.2299215310063217e-05, 1.2299215310063217e-05, 1.2299215310063217e-05, 1.2299215310063217e-05, 1.2299215310063217e-05, 1.2299215310063217e-05, 1.2299215310063217e-05, 1.2299215310063217e-05, 1.2299215310063217e-05, 1.2299215310063217e-05, 1.2299215310063217e-05, 1.2299215310063217e-05, 1.2299215310063217e-05, 1.2299215310063217e-05]
outputs_edges[ 5 ]=[0, 0, 0, 0, 0, 0, 0, 0, 0, 0, 0, 0, 0, 0, 0, 0, 0, 0, 0, 0, 0, 0, 0, 0, 0, 0, 0, 0, 0, 0, 0, 0, 0, 0, 0, 0, 0, 0, 0, 0, 0, 0, 0, 0, 0, 0, 0, 0, 0, 0, 0, 0, 0, 0, 0]
--------------------------------------------
outputs[ 6 ]=[0.0, 0.0, 0.0, 0.0, 0.0, 1.2299215310063217e-05, 4.919686124025287e-05, 0.00023368509089120114, 0.0014882050525176493, 0.006998253511425971, 0.0312646053181807, 0.09330184734213957, 0.1821390795267262, 0.27525643863921484, 0.36061299289105353, 0.4342975918136423, 0.48680294197230217, 0.521978697759083, 0.5439081986569256, 0.5581137923400487, 0.5663173689518609, 0.5715322362433277, 0.575295796128207, 0.5779893242811108, 0.579391434826458, 0.5803015767594027, 0.5811010257545569, 0.5819742700415713, 0.5832287900031978, 0.5848030895628858, 0.5857747275723809, 0.5860453103092023, 0.5861683024623029, 0.5862297985388533, 0.5862912946154035, 0.5863281922613337, 0.5863281922613337, 0.5863404914766438, 0.5863404914766438, 0.5863404914766438, 0.5863404914766438, 0.5863404914766438, 0.5863404914766438, 0.5863404914766438, 0.5863404914766438, 0.5863404914766438, 0.5863404914766438, 0.5863404914766438, 0.5863404914766438, 0.5863404914766438, 0.5863404914766438, 0.5863404914766438, 0.5863404914766438, 0.5863404914766438, 0.5863404914766438]
outputs_edges[ 6 ]=[0, 0, 0, 0, 0, 0, 0, 248479, 544922, 887556, 1244306, 1603772, 1963238, 2322704, 2682170, 2972625, 3227059, 3390391, 3460865, 3460865, 3460865, 3460865, 3460865, 3460865, 3460865, 3460865, 3460865, 3460865, 3460865, 3460865, 3460865, 3460865, 3460865, 3460865, 3460865, 3460865, 3460865, 3460865, 3460865, 3460865, 3460865, 3460865, 3460865, 3460865, 3460865, 3460865, 3460865, 3460865, 3460865, 3460865, 3460865, 3460865, 3460865, 3460865, 3460865]
--------------------------------------------
outputs[ 7 ]=[0.0, 0.0, 0.0, 0.0, 0.0, 1.2299215310063217e-05, 1.2299215310063217e-05, 1.2299215310063217e-05, 1.2299215310063217e-05, 1.2299215310063217e-05, 1.2299215310063217e-05, 1.2299215310063217e-05, 1.2299215310063217e-05, 1.2299215310063217e-05, 1.2299215310063217e-05, 1.2299215310063217e-05, 1.2299215310063217e-05, 1.2299215310063217e-05, 1.2299215310063217e-05, 1.2299215310063217e-05, 1.2299215310063217e-05, 1.2299215310063217e-05, 1.2299215310063217e-05, 1.2299215310063217e-05, 1.2299215310063217e-05, 1.2299215310063217e-05, 1.2299215310063217e-05, 1.2299215310063217e-05, 1.2299215310063217e-05, 1.2299215310063217e-05, 1.2299215310063217e-05, 1.2299215310063217e-05, 1.2299215310063217e-05, 1.2299215310063217e-05, 1.2299215310063217e-05, 1.2299215310063217e-05, 1.2299215310063217e-05, 1.2299215310063217e-05, 1.2299215310063217e-05, 1.2299215310063217e-05, 1.2299215310063217e-05, 1.2299215310063217e-05, 1.2299215310063217e-05, 1.2299215310063217e-05, 1.2299215310063217e-05, 1.2299215310063217e-05, 1.2299215310063217e-05, 1.2299215310063217e-05, 1.2299215310063217e-05, 1.2299215310063217e-05, 1.2299215310063217e-05, 1.2299215310063217e-05, 1.2299215310063217e-05, 1.2299215310063217e-05, 1.2299215310063217e-05]
outputs_edges[ 7 ]=[0, 0, 0, 0, 0, 0, 0, 0, 0, 0, 0, 0, 0, 0, 0, 0, 0, 0, 0, 0, 0, 0, 0, 0, 0, 0, 0, 0, 0, 0, 0, 0, 0, 0, 0, 0, 0, 0, 0, 0, 0, 0, 0, 0, 0, 0, 0, 0, 0, 0, 0, 0, 0, 0, 0]
--------------------------------------------
outputs[ 8 ]=[0.0, 0.0, 0.0, 0.0, 0.0, 1.2299215310063217e-05, 4.919686124025287e-05, 0.00014759058372075862, 0.00022138587558113792, 0.00025828352151132755, 0.0002705827368213908, 0.000282881952131454, 0.00029518116744151724, 0.0003566772439918333, 0.0004796693970924655, 0.0010085356554251838, 0.002386047770152264, 0.008609450717044253, 0.03662706319336826, 0.11895801047893144, 0.2357759574939119, 0.3495559983273067, 0.43389171770841023, 0.4908001869480727, 0.5277224313088825, 0.5510909403980027, 0.5656163136791873, 0.5747546306545642, 0.5808673406636656, 0.5852458613140482, 0.587754901237301, 0.5893415000122992, 0.5902024450840037, 0.5907805082035766, 0.5912970752465992, 0.5920596265958232, 0.5936216269402013, 0.5952082257151994, 0.5963766511696553, 0.597065407227019, 0.5979509507293435, 0.5986643052173272, 0.5991193761837995, 0.5993407620593806, 0.5995129510737215, 0.599623644011512, 0.5996728408727523, 0.5996974393033725, 0.5997466361646127, 0.5997589353799228, 0.5997589353799228, 0.5997712345952328, 0.5997712345952328, 0.5997712345952328, 0.5997712345952328]
outputs_edges[ 8 ]=[0, 0, 0, 0, 0, 0, 0, 0, 0, 0, 0, 0, 0, 0, 0, 255190, 568815, 905175, 1243225, 1581663, 1920101, 2258539, 2589818, 2919480, 3137340, 3297203, 3297203, 3297203, 3297203, 3297203, 3297203, 3297203, 3297203, 3297203, 3297203, 3297203, 3297203, 3297203, 3297203, 3297203, 3297203, 3297203, 3297203, 3297203, 3297203, 3297203, 3297203, 3297203, 3297203, 3297203, 3297203, 3297203, 3297203, 3297203, 3297203]
--------------------------------------------
outputs[ 9 ]=[0.0, 0.0, 0.0, 0.0, 0.0, 1.2299215310063217e-05, 1.2299215310063217e-05, 1.2299215310063217e-05, 1.2299215310063217e-05, 1.2299215310063217e-05, 1.2299215310063217e-05, 1.2299215310063217e-05, 1.2299215310063217e-05, 1.2299215310063217e-05, 1.2299215310063217e-05, 1.2299215310063217e-05, 1.2299215310063217e-05, 1.2299215310063217e-05, 1.2299215310063217e-05, 1.2299215310063217e-05, 1.2299215310063217e-05, 1.2299215310063217e-05, 1.2299215310063217e-05, 1.2299215310063217e-05, 1.2299215310063217e-05, 1.2299215310063217e-05, 1.2299215310063217e-05, 1.2299215310063217e-05, 1.2299215310063217e-05, 1.2299215310063217e-05, 1.2299215310063217e-05, 1.2299215310063217e-05, 1.2299215310063217e-05, 1.2299215310063217e-05, 1.2299215310063217e-05, 1.2299215310063217e-05, 1.2299215310063217e-05, 1.2299215310063217e-05, 1.2299215310063217e-05, 1.2299215310063217e-05, 1.2299215310063217e-05, 1.2299215310063217e-05, 1.2299215310063217e-05, 1.2299215310063217e-05, 1.2299215310063217e-05, 1.2299215310063217e-05, 1.2299215310063217e-05, 1.2299215310063217e-05, 1.2299215310063217e-05, 1.2299215310063217e-05, 1.2299215310063217e-05, 1.2299215310063217e-05, 1.2299215310063217e-05, 1.2299215310063217e-05, 1.2299215310063217e-05]
outputs_edges[ 9 ]=[0, 0, 0, 0, 0, 0, 0, 0, 0, 0, 0, 0, 0, 0, 0, 0, 0, 0, 0, 0, 0, 0, 0, 0, 0, 0, 0, 0, 0, 0, 0, 0, 0, 0, 0, 0, 0, 0, 0, 0, 0, 0, 0, 0, 0, 0, 0, 0, 0, 0, 0, 0, 0, 0, 0]
--------------------------------------------
avg_output=[0.0, 0.0, 0.0, 0.0, 0.0, 1.2299215310063217e-05, 5.411654736427815e-05, 0.00023860477701522642, 0.000736722997072787, 0.0029530415959461783, 0.011869972695742014, 0.035061373084397204, 0.07747890684574324, 0.13436769734090964, 0.19236956682163675, 0.24171770841020343, 0.2791479103633189, 0.30468846087619617, 0.324116301379972, 0.34378397658229415, 0.3632364155166901, 0.3795341057240549, 0.3913917792044868, 0.3995830566009889, 0.4051484515287925, 0.4087152239687109, 0.41105207487762285, 0.4126558925540551, 0.413813248714732, 0.4147049418247116, 0.4153973876466682, 0.41612427127149293, 0.4166974147049419, 0.4170713108503678, 0.41741937864364254, 0.41770595036036706, 0.4180122008215877, 0.41834427963495935, 0.41862101197943574, 0.4187981206799007, 0.41896416008658643, 0.41907362310284607, 0.41914003886552037, 0.41917816643298156, 0.4192003050205397, 0.4192175239219738, 0.4192261333726909, 0.4192298231372839, 0.4192347428234079, 0.41923597274493896, 0.41923597274493896, 0.41923843258800086, 0.41923843258800086, 0.41923843258800086, 0.41923843258800086]
avg_output_edges=[0.0, 0.0, 0.0, 0.0, 0.0, 0.0, 0.0, 67879.3, 194092.1, 365349.7, 561104.1, 762539.6, 966536.2, 1171217.9, 1375451.4, 1597674.1, 1798068.0, 1948344.7, 2057337.2, 2117370.0, 2159281.2, 2199224.5, 2232352.4, 2265318.6, 2287104.6, 2303090.9, 2303090.9, 2303090.9, 2303090.9, 2303090.9, 2303090.9, 2303090.9, 2303090.9, 2303090.9, 2303090.9, 2303090.9, 2303090.9, 2303090.9, 2303090.9, 2303090.9, 2303090.9, 2303090.9, 2303090.9, 2303090.9, 2303090.9, 2303090.9, 2303090.9, 2303090.9, 2303090.9, 2303090.9, 2303090.9, 2303090.9, 2303090.9, 2303090.9, 2303090.9]
