outputs[ 0 ]=[0.0, 0.0, 0.0, 0.0, 0.0, 1.2299215310063217e-05, 3.6897645930189655e-05, 9.839372248050574e-05, 0.0004796693970924655, 0.0026074336457334022, 0.007330332324797678, 0.02110545347206848, 0.06623127444469043, 0.15982830295427153, 0.29242614321206306, 0.40827245221754854, 0.4882665485941997, 0.5391852999778615, 0.57199960642511, 0.5921580203183037, 0.6037684795710033, 0.6110742134651809, 0.6156864192064546, 0.6197451602587755, 0.6233857279905543, 0.6263006420190392, 0.6280471305930682, 0.6293139497700047, 0.6300027058273682, 0.6304208791479103, 0.6307898556072122, 0.6309989422674833, 0.6311096352052739, 0.6312941234349249, 0.631527808525816, 0.6317737928320173, 0.6318721865544978, 0.6318967849851179, 0.631909084200428, 0.6319582810616683, 0.6319582810616683, 0.6319705802769783, 0.6319705802769783]
outputs_edges[ 0 ]=[0, 0, 0, 0, 0, 0, 0, 0, 0, 0, 349734, 703570, 1059647, 1416080, 1772220, 2128360, 2128360, 2128360, 2128360, 2128360, 2128360, 2128360, 2128360, 2128360, 2128360, 2128360, 2128360, 2128360, 2128360, 2128360, 2128360, 2128360, 2128360, 2128360, 2128360, 2128360, 2128360, 2128360, 2128360, 2128360, 2128360, 2128360, 2128360]
--------------------------------------------
outputs[ 1 ]=[0.0, 0.0, 0.0, 0.0, 0.0, 1.2299215310063217e-05, 1.2299215310063217e-05, 2.4598430620126434e-05, 6.149607655031609e-05, 0.00012299215310063218, 0.00022138587558113792, 0.000282881952131454, 0.000282881952131454, 0.00030748038275158043, 0.0003320788133717069, 0.00036897645930189656, 0.00038127567461195976, 0.00039357488992202295, 0.00039357488992202295, 0.00039357488992202295, 0.00039357488992202295, 0.00039357488992202295, 0.00039357488992202295, 0.00039357488992202295, 0.00039357488992202295, 0.00039357488992202295, 0.00039357488992202295, 0.00039357488992202295, 0.00039357488992202295, 0.00039357488992202295, 0.00039357488992202295, 0.00039357488992202295, 0.00039357488992202295, 0.00039357488992202295, 0.00039357488992202295, 0.00039357488992202295, 0.00039357488992202295, 0.00039357488992202295, 0.00039357488992202295, 0.00039357488992202295, 0.00039357488992202295, 0.00039357488992202295, 0.00039357488992202295]
outputs_edges[ 1 ]=[0, 0, 0, 0, 0, 0, 0, 0, 0, 0, 0, 0, 0, 0, 0, 0, 0, 0, 0, 0, 0, 0, 0, 0, 0, 0, 0, 0, 0, 0, 0, 0, 0, 0, 0, 0, 0, 0, 0, 0, 0, 0, 0]
--------------------------------------------
outputs[ 2 ]=[0.0, 0.0, 0.0, 0.0, 0.0, 1.2299215310063217e-05, 1.2299215310063217e-05, 1.2299215310063217e-05, 1.2299215310063217e-05, 1.2299215310063217e-05, 1.2299215310063217e-05, 1.2299215310063217e-05, 1.2299215310063217e-05, 1.2299215310063217e-05, 1.2299215310063217e-05, 1.2299215310063217e-05, 1.2299215310063217e-05, 1.2299215310063217e-05, 1.2299215310063217e-05, 1.2299215310063217e-05, 1.2299215310063217e-05, 1.2299215310063217e-05, 1.2299215310063217e-05, 1.2299215310063217e-05, 1.2299215310063217e-05, 1.2299215310063217e-05, 1.2299215310063217e-05, 1.2299215310063217e-05, 1.2299215310063217e-05, 1.2299215310063217e-05, 1.2299215310063217e-05, 1.2299215310063217e-05, 1.2299215310063217e-05, 1.2299215310063217e-05, 1.2299215310063217e-05, 1.2299215310063217e-05, 1.2299215310063217e-05, 1.2299215310063217e-05, 1.2299215310063217e-05, 1.2299215310063217e-05, 1.2299215310063217e-05, 1.2299215310063217e-05, 1.2299215310063217e-05]
outputs_edges[ 2 ]=[0, 0, 0, 0, 0, 0, 0, 0, 0, 0, 0, 0, 0, 0, 0, 0, 0, 0, 0, 0, 0, 0, 0, 0, 0, 0, 0, 0, 0, 0, 0, 0, 0, 0, 0, 0, 0, 0, 0, 0, 0, 0, 0]
--------------------------------------------
outputs[ 3 ]=[0.0, 0.0, 0.0, 0.0, 0.0, 1.2299215310063217e-05, 7.379529186037931e-05, 0.0005165670430226551, 0.0015620003443780287, 0.0036774653777089023, 0.00886773423855558, 0.021658918161021327, 0.04741347502029371, 0.08893562590706713, 0.16495707573856788, 0.2879861264851302, 0.41182692544215677, 0.49185791946473817, 0.5423830959584779, 0.5742503628268516, 0.5932649496962094, 0.604875408948909, 0.6124886232258382, 0.6178756795316459, 0.6220082158758271, 0.6246033503062505, 0.6263129412343492, 0.6279241384399675, 0.6295599340762059, 0.6315401077411261, 0.6328438245639928, 0.6334341868988759, 0.633643273559147, 0.633864659434728, 0.6339630531572086, 0.6340368484490689, 0.634049147664379, 0.6340614468796891, 0.6340983445256193, 0.6341106437409293, 0.6341106437409293, 0.6341106437409293, 0.6341106437409293]
outputs_edges[ 3 ]=[0, 0, 0, 0, 0, 0, 0, 0, 0, 0, 0, 323113, 648254, 974331, 1300408, 1625998, 1939161, 1939161, 1939161, 1939161, 1939161, 1939161, 1939161, 1939161, 1939161, 1939161, 1939161, 1939161, 1939161, 1939161, 1939161, 1939161, 1939161, 1939161, 1939161, 1939161, 1939161, 1939161, 1939161, 1939161, 1939161, 1939161, 1939161]
--------------------------------------------
outputs[ 4 ]=[0.0, 0.0, 0.0, 0.0, 0.0, 1.2299215310063217e-05, 4.919686124025287e-05, 0.00025828352151132755, 0.001131527808525816, 0.005854426487590092, 0.028029911691634074, 0.08466779819447519, 0.17285317196762848, 0.2892406464467567, 0.4003640567731779, 0.4815019801736649, 0.5313384006100411, 0.562467714559811, 0.5822940496396329, 0.5949745406243082, 0.6037315819250731, 0.6092539295992916, 0.6134602612353331, 0.6172238211202126, 0.6201018375027674, 0.6218483260767963, 0.6231151452537328, 0.6242466730622587, 0.6254273977320247, 0.6268172090620618, 0.6275920596265958, 0.6278872407940373, 0.6280471305930682, 0.6281332251002386, 0.6281578235308587, 0.6281947211767889, 0.6281947211767889, 0.6281947211767889, 0.6281947211767889, 0.6281947211767889, 0.6281947211767889, 0.6281947211767889, 0.6281947211767889]
outputs_edges[ 4 ]=[0, 0, 0, 0, 0, 0, 0, 0, 0, 341115, 684224, 1028938, 1373652, 1718366, 2062965, 2062965, 2062965, 2062965, 2062965, 2062965, 2062965, 2062965, 2062965, 2062965, 2062965, 2062965, 2062965, 2062965, 2062965, 2062965, 2062965, 2062965, 2062965, 2062965, 2062965, 2062965, 2062965, 2062965, 2062965, 2062965, 2062965, 2062965, 2062965]
--------------------------------------------
outputs[ 5 ]=[0.0, 0.0, 0.0, 0.0, 0.0, 1.2299215310063217e-05, 7.379529186037931e-05, 0.0004550709664723391, 0.0012053231003861953, 0.0019309768036799252, 0.0037512606695692813, 0.011475167884288982, 0.03940668585344255, 0.11232873342680737, 0.23864167466115663, 0.36438885199124293, 0.45604260448183404, 0.51360293213293, 0.5499594125894768, 0.5730081420805353, 0.5882222714190835, 0.5969178166432981, 0.6023786682409662, 0.6060807320492952, 0.6091432366615009, 0.6121442451971564, 0.6146409859050993, 0.6170762305364917, 0.6192900892923031, 0.6211103731581925, 0.6222296017514083, 0.6233734287752442, 0.6246771455981108, 0.6252552087176838, 0.6255011930238851, 0.625673382038226, 0.6257225788994663, 0.6257471773300863, 0.6257594765453964, 0.6257717757607064, 0.6257717757607064, 0.6257717757607064, 0.6257717757607064]
outputs_edges[ 5 ]=[0, 0, 0, 0, 0, 0, 0, 0, 0, 0, 328890, 676238, 1025790, 1375523, 1725979, 2076435, 2425474, 2425474, 2425474, 2425474, 2425474, 2425474, 2425474, 2425474, 2425474, 2425474, 2425474, 2425474, 2425474, 2425474, 2425474, 2425474, 2425474, 2425474, 2425474, 2425474, 2425474, 2425474, 2425474, 2425474, 2425474, 2425474, 2425474]
--------------------------------------------
outputs[ 6 ]=[0.0, 0.0, 0.0, 0.0, 0.0, 1.2299215310063217e-05, 8.609450717044253e-05, 0.0004673701817824023, 0.0020539689567805573, 0.007920694659680712, 0.02858337638058692, 0.08383145155339089, 0.18254495363195827, 0.3161267311145549, 0.42685656655105403, 0.5027673234447643, 0.5493444518239736, 0.5753818906353775, 0.5909649964332275, 0.6018866996285637, 0.6093031264605319, 0.6144564976754483, 0.6184291442205987, 0.6218114284308661, 0.6240744840479178, 0.6255257914545052, 0.6264236341721399, 0.6269893980764027, 0.6273829729663247, 0.6277273509950065, 0.6281947211767889, 0.6290310678178732, 0.6292524536934544, 0.6294123434924852, 0.6294738395690355, 0.6295230364302757, 0.6295845325068261, 0.6296214301527563, 0.6296337293680663, 0.6296337293680663, 0.6296460285833764, 0.6296460285833764, 0.6296460285833764]
outputs_edges[ 6 ]=[0, 0, 0, 0, 0, 0, 0, 0, 0, 340697, 684517, 1028337, 1373100, 1718121, 2063142, 2063142, 2063142, 2063142, 2063142, 2063142, 2063142, 2063142, 2063142, 2063142, 2063142, 2063142, 2063142, 2063142, 2063142, 2063142, 2063142, 2063142, 2063142, 2063142, 2063142, 2063142, 2063142, 2063142, 2063142, 2063142, 2063142, 2063142, 2063142]
--------------------------------------------
outputs[ 7 ]=[0.0, 0.0, 0.0, 0.0, 0.0, 1.2299215310063217e-05, 8.609450717044253e-05, 0.000565763904262908, 0.0024106462007723907, 0.007207340171697046, 0.0186579096253659, 0.0524315548667995, 0.12587016948318697, 0.2525766856074582, 0.38435047843947556, 0.47561065604014463, 0.53114161316508, 0.5662681720906206, 0.5893660984429193, 0.6025016603940668, 0.6102624652547167, 0.6148377733500603, 0.6171992226895924, 0.6191916955698227, 0.621405554325634, 0.6236317122967555, 0.6252552087176838, 0.6262268467271788, 0.6268295082773719, 0.6271984847366738, 0.627616658057216, 0.6281701227461688, 0.6287235874351217, 0.6289449733107028, 0.6290064693872531, 0.6290433670331833, 0.6290802646791135, 0.6291048631097336, 0.6291417607556637, 0.6291417607556637, 0.6291417607556637, 0.6291417607556637, 0.6291417607556637]
outputs_edges[ 7 ]=[0, 0, 0, 0, 0, 0, 0, 0, 0, 328409, 661746, 995975, 1330298, 1664210, 1997635, 2325293, 2325293, 2325293, 2325293, 2325293, 2325293, 2325293, 2325293, 2325293, 2325293, 2325293, 2325293, 2325293, 2325293, 2325293, 2325293, 2325293, 2325293, 2325293, 2325293, 2325293, 2325293, 2325293, 2325293, 2325293, 2325293, 2325293, 2325293]
--------------------------------------------
outputs[ 8 ]=[0.0, 0.0, 0.0, 0.0, 0.0, 1.2299215310063217e-05, 2.4598430620126434e-05, 4.919686124025287e-05, 8.609450717044253e-05, 0.0001352913684106954, 0.0004181733205421494, 0.002078567387400684, 0.010601923597274495, 0.046737018178240226, 0.14030944825720118, 0.2695865003812757, 0.3938700710894645, 0.477824514795956, 0.5291368410695397, 0.5638698251051583, 0.5857747275723809, 0.5989963840306989, 0.6071507637812708, 0.6130666863454112, 0.6169655375987012, 0.6196344673209849, 0.6213809558950139, 0.6225985782107102, 0.6238899958182668, 0.6250707204880329, 0.6255872875310555, 0.6258578702678769, 0.6259193663444272, 0.6259931616362876, 0.6260054608515977, 0.6260177600669077, 0.6260177600669077, 0.6260300592822178, 0.6260423584975279, 0.6260423584975279, 0.6260423584975279, 0.6260423584975279, 0.6260423584975279]
outputs_edges[ 8 ]=[0, 0, 0, 0, 0, 0, 0, 0, 0, 0, 0, 337837, 680279, 1024566, 1369668, 1715037, 2057755, 2400251, 2400251, 2400251, 2400251, 2400251, 2400251, 2400251, 2400251, 2400251, 2400251, 2400251, 2400251, 2400251, 2400251, 2400251, 2400251, 2400251, 2400251, 2400251, 2400251, 2400251, 2400251, 2400251, 2400251, 2400251, 2400251]
--------------------------------------------
outputs[ 9 ]=[0.0, 0.0, 0.0, 0.0, 0.0, 1.2299215310063217e-05, 1.2299215310063217e-05, 1.2299215310063217e-05, 1.2299215310063217e-05, 1.2299215310063217e-05, 1.2299215310063217e-05, 1.2299215310063217e-05, 1.2299215310063217e-05, 1.2299215310063217e-05, 1.2299215310063217e-05, 1.2299215310063217e-05, 1.2299215310063217e-05, 1.2299215310063217e-05, 1.2299215310063217e-05, 1.2299215310063217e-05, 1.2299215310063217e-05, 1.2299215310063217e-05, 1.2299215310063217e-05, 1.2299215310063217e-05, 1.2299215310063217e-05, 1.2299215310063217e-05, 1.2299215310063217e-05, 1.2299215310063217e-05, 1.2299215310063217e-05, 1.2299215310063217e-05, 1.2299215310063217e-05, 1.2299215310063217e-05, 1.2299215310063217e-05, 1.2299215310063217e-05, 1.2299215310063217e-05, 1.2299215310063217e-05, 1.2299215310063217e-05, 1.2299215310063217e-05, 1.2299215310063217e-05, 1.2299215310063217e-05, 1.2299215310063217e-05, 1.2299215310063217e-05, 1.2299215310063217e-05]
outputs_edges[ 9 ]=[0, 0, 0, 0, 0, 0, 0, 0, 0, 0, 0, 0, 0, 0, 0, 0, 0, 0, 0, 0, 0, 0, 0, 0, 0, 0, 0, 0, 0, 0, 0, 0, 0, 0, 0, 0, 0, 0, 0, 0, 0, 0, 0]
--------------------------------------------
avg_output=[0.0, 0.0, 0.0, 0.0, 0.0, 1.2299215310063217e-05, 4.673701817824023e-05, 0.0002459843062012643, 0.0009015324822276339, 0.0029481219098221535, 0.009588468255725286, 0.02775563919021966, 0.06452291343812265, 0.12661058224485278, 0.2048262120876688, 0.27905074656236933, 0.33622364893119816, 0.3727006616977837, 0.39565222738789263, 0.4103067424298329, 0.4194745775219541, 0.42508301970334283, 0.42872112759205966, 0.4315413376626571, 0.43375027673234456, 0.43541067079920304, 0.4365594175091629, 0.43747939881435566, 0.4382800777310408, 0.4390303298649546, 0.4395272181634812, 0.4399171032888102, 0.4401790765749146, 0.4403315868447593, 0.44040538213661967, 0.440468108134701, 0.4404939364868522, 0.44050746562369325, 0.44051976483900324, 0.4405271443681893, 0.4405283742897203, 0.44052960421125126, 0.44052960421125126]
avg_output_edges=[0.0, 0.0, 0.0, 0.0, 0.0, 0.0, 0.0, 0.0, 0.0, 101022.1, 270911.1, 509400.8, 749102.0, 989119.7, 1229201.7, 1399723.0, 1500215.0, 1534464.6, 1534464.6, 1534464.6, 1534464.6, 1534464.6, 1534464.6, 1534464.6, 1534464.6, 1534464.6, 1534464.6, 1534464.6, 1534464.6, 1534464.6, 1534464.6, 1534464.6, 1534464.6, 1534464.6, 1534464.6, 1534464.6, 1534464.6, 1534464.6, 1534464.6, 1534464.6, 1534464.6, 1534464.6, 1534464.6]
