outputs[ 0 ]=[0.0, 0.0, 0.0, 0.0, 0.0, 1.2299215310063217e-05, 1.2299215310063217e-05, 1.2299215310063217e-05, 1.2299215310063217e-05, 1.2299215310063217e-05, 1.2299215310063217e-05, 1.2299215310063217e-05, 1.2299215310063217e-05, 1.2299215310063217e-05, 1.2299215310063217e-05, 1.2299215310063217e-05, 1.2299215310063217e-05, 1.2299215310063217e-05, 1.2299215310063217e-05, 1.2299215310063217e-05, 1.2299215310063217e-05, 1.2299215310063217e-05, 1.2299215310063217e-05, 1.2299215310063217e-05, 1.2299215310063217e-05, 1.2299215310063217e-05, 1.2299215310063217e-05, 1.2299215310063217e-05, 1.2299215310063217e-05, 1.2299215310063217e-05, 1.2299215310063217e-05, 1.2299215310063217e-05, 1.2299215310063217e-05, 1.2299215310063217e-05, 1.2299215310063217e-05, 1.2299215310063217e-05, 1.2299215310063217e-05, 1.2299215310063217e-05, 1.2299215310063217e-05, 1.2299215310063217e-05, 1.2299215310063217e-05, 1.2299215310063217e-05, 1.2299215310063217e-05, 1.2299215310063217e-05, 1.2299215310063217e-05, 1.2299215310063217e-05, 1.2299215310063217e-05, 1.2299215310063217e-05, 1.2299215310063217e-05, 1.2299215310063217e-05, 1.2299215310063217e-05, 1.2299215310063217e-05, 1.2299215310063217e-05, 1.2299215310063217e-05, 1.2299215310063217e-05]
outputs_edges[ 0 ]=[0, 0, 0, 0, 0, 0, 0, 0, 0, 0, 0, 0, 0, 0, 0, 0, 0, 0, 0, 0, 0, 0, 0, 0, 0, 0, 0, 0, 0, 0, 0, 0, 0, 0, 0, 0, 0, 0, 0, 0, 0, 0, 0, 0, 0, 0, 0, 0, 0, 0, 0, 0, 0, 0, 0]
--------------------------------------------
outputs[ 1 ]=[0.0, 0.0, 0.0, 0.0, 0.0, 1.2299215310063217e-05, 9.839372248050574e-05, 0.0007502521339138563, 0.004981182200575604, 0.024672225911986815, 0.06650185718151182, 0.13189678498511795, 0.2253093252650481, 0.3289671118982609, 0.4155166900351758, 0.4717733008634049, 0.5100238604777015, 0.5343886060069367, 0.5514476176419945, 0.5636361400142671, 0.5708557794012742, 0.5754802843578579, 0.578604285046614, 0.5808058445871154, 0.5823555457161833, 0.5842742233045531, 0.5870907436105577, 0.5894275945194697, 0.590854303495437, 0.5917029493518313, 0.5922564140407842, 0.5928344771603572, 0.5932280520502792, 0.5934986347871006, 0.5936462253708213, 0.593769217523922, 0.5939783041841931, 0.5942488869210144, 0.5944087767200452, 0.5946916586721768, 0.5951959264998893, 0.5953927139448503, 0.5954665092367107, 0.5954911076673308, 0.5955157060979509, 0.5955403045285711, 0.5955526037438812, 0.5955772021745013, 0.5955895013898114, 0.5956018006051214, 0.5956018006051214, 0.5956018006051214, 0.5956018006051214, 0.5956018006051214, 0.5956018006051214]
outputs_edges[ 1 ]=[0, 0, 0, 0, 0, 0, 119609, 386814, 708700, 1051783, 1398023, 1744263, 2091623, 2438983, 2763681, 2989347, 3191484, 3329545, 3329545, 3329545, 3329545, 3329545, 3329545, 3329545, 3329545, 3329545, 3329545, 3329545, 3329545, 3329545, 3329545, 3329545, 3329545, 3329545, 3329545, 3329545, 3329545, 3329545, 3329545, 3329545, 3329545, 3329545, 3329545, 3329545, 3329545, 3329545, 3329545, 3329545, 3329545, 3329545, 3329545, 3329545, 3329545, 3329545, 3329545]
--------------------------------------------
outputs[ 2 ]=[0.0, 0.0, 0.0, 0.0, 0.0, 1.2299215310063217e-05, 3.6897645930189655e-05, 6.149607655031609e-05, 0.00012299215310063218, 0.0006026615501930977, 0.004157134774801368, 0.022187784419354047, 0.0723931813150321, 0.1494969620938184, 0.24333997490960077, 0.3392369566821637, 0.41845620249428084, 0.4753892701645635, 0.5138366172238211, 0.5384350478439476, 0.5532556022925738, 0.563045777679384, 0.5693675743487565, 0.5734509138316976, 0.5761075443386712, 0.5780631195729713, 0.5802154822522323, 0.5820480653334317, 0.583462475094089, 0.5858362236489312, 0.5889233266917571, 0.5904976262514452, 0.5916660517059011, 0.5924532014857452, 0.5934740363564804, 0.5945071704425258, 0.5950729343467887, 0.5953558162989201, 0.5955157060979509, 0.5956140998204315, 0.595724792758222, 0.5957739896194623, 0.5958477849113226, 0.5959461786338032, 0.5960199739256635, 0.5961798637246943, 0.5962659582318648, 0.5963397535237251, 0.5963643519543453, 0.5963766511696553, 0.5963766511696553, 0.5963766511696553, 0.5963766511696553, 0.5963766511696553, 0.5963766511696553]
outputs_edges[ 2 ]=[0, 0, 0, 0, 0, 0, 0, 0, 181993, 433620, 737186, 1070271, 1411592, 1753561, 2095420, 2437279, 2718429, 2968312, 3161974, 3304451, 3304451, 3304451, 3304451, 3304451, 3304451, 3304451, 3304451, 3304451, 3304451, 3304451, 3304451, 3304451, 3304451, 3304451, 3304451, 3304451, 3304451, 3304451, 3304451, 3304451, 3304451, 3304451, 3304451, 3304451, 3304451, 3304451, 3304451, 3304451, 3304451, 3304451, 3304451, 3304451, 3304451, 3304451, 3304451]
--------------------------------------------
outputs[ 3 ]=[0.0, 0.0, 0.0, 0.0, 0.0, 1.2299215310063217e-05, 4.919686124025287e-05, 0.00036897645930189656, 0.0010331340860453102, 0.0033699849949573217, 0.014513074065874597, 0.056047524167958086, 0.14451577989324282, 0.2767200452611123, 0.3947310161611689, 0.4655990947777532, 0.5106019235972745, 0.5379676776621651, 0.554276437163309, 0.564607778023762, 0.5711386613534056, 0.5754433867119277, 0.5786534819078543, 0.5810026320320764, 0.5822448527783928, 0.5832533884338179, 0.5838683491993211, 0.5845694044719947, 0.5855410424814896, 0.5861929008929231, 0.5864019875531941, 0.5864634836297444, 0.5865249797062947, 0.5865495781369149, 0.5865495781369149, 0.5865495781369149, 0.5865495781369149, 0.5865495781369149, 0.5865495781369149, 0.5865495781369149, 0.5865495781369149, 0.5865495781369149, 0.5865495781369149, 0.5865495781369149, 0.5865495781369149, 0.5865495781369149, 0.5865495781369149, 0.5865495781369149, 0.5865495781369149, 0.5865495781369149, 0.5865495781369149, 0.5865495781369149, 0.5865495781369149, 0.5865495781369149, 0.5865495781369149]
outputs_edges[ 3 ]=[0, 0, 0, 0, 0, 0, 0, 114909, 397476, 735197, 1079103, 1423009, 1767245, 2111481, 2455717, 2796924, 3117163, 3343554, 3343554, 3343554, 3343554, 3343554, 3343554, 3343554, 3343554, 3343554, 3343554, 3343554, 3343554, 3343554, 3343554, 3343554, 3343554, 3343554, 3343554, 3343554, 3343554, 3343554, 3343554, 3343554, 3343554, 3343554, 3343554, 3343554, 3343554, 3343554, 3343554, 3343554, 3343554, 3343554, 3343554, 3343554, 3343554, 3343554, 3343554]
--------------------------------------------
outputs[ 4 ]=[0.0, 0.0, 0.0, 0.0, 0.0, 1.2299215310063217e-05, 4.919686124025287e-05, 0.00030748038275158043, 0.0020170713108503676, 0.00990086832460089, 0.03716822866701105, 0.09972203773399257, 0.19636927164046933, 0.30503283890487787, 0.4006223402946892, 0.46567289006961354, 0.5106511204585148, 0.5375987012028632, 0.5544363269623398, 0.5637837305979878, 0.5702039209898409, 0.5749268196689051, 0.57781713526677, 0.5801785846063021, 0.5822325535630827, 0.5842988217351733, 0.5868447593043564, 0.5886773423855558, 0.5902147442993138, 0.5922072171795439, 0.5934248394952402, 0.5942119892750842, 0.5951590288539591, 0.5968563205667479, 0.5977664624996926, 0.5982584311120951, 0.5988610926622882, 0.599402258135931, 0.6000664157626744, 0.6006936757434875, 0.6012348412171303, 0.6016653137529826, 0.6018252035520134, 0.6020465894275945, 0.6024401643175166, 0.6027845423461983, 0.6029936290064694, 0.6030182274370895, 0.6030428258677096, 0.6030551250830197, 0.6030551250830197, 0.6030551250830197, 0.6030551250830197, 0.6030551250830197, 0.6030551250830197]
outputs_edges[ 4 ]=[0, 0, 0, 0, 0, 0, 0, 226295, 534100, 863891, 1196963, 1530257, 1863551, 2198255, 2532849, 2802960, 3042961, 3200662, 3200662, 3200662, 3200662, 3200662, 3200662, 3200662, 3200662, 3200662, 3200662, 3200662, 3200662, 3200662, 3200662, 3200662, 3200662, 3200662, 3200662, 3200662, 3200662, 3200662, 3200662, 3200662, 3200662, 3200662, 3200662, 3200662, 3200662, 3200662, 3200662, 3200662, 3200662, 3200662, 3200662, 3200662, 3200662, 3200662, 3200662]
--------------------------------------------
outputs[ 5 ]=[0.0, 0.0, 0.0, 0.0, 0.0, 1.2299215310063217e-05, 1.2299215310063217e-05, 1.2299215310063217e-05, 2.4598430620126434e-05, 0.00022138587558113792, 0.0010700317319755, 0.0018940791577497355, 0.0026935281529038447, 0.005079575923056109, 0.014882050525176493, 0.05395665756524734, 0.15690108971047648, 0.2892652448773768, 0.39487860674488967, 0.46514402381128084, 0.5098147738174305, 0.5398248591739847, 0.5589009421198927, 0.5699702358989497, 0.5777679384055298, 0.5841758295820727, 0.5897842717634615, 0.5941012963372937, 0.5971269033035692, 0.5990332816766291, 0.6006321796669373, 0.6024647627481367, 0.6038545740781738, 0.6048877081642191, 0.6055272673603425, 0.6061914249870858, 0.6066710943841783, 0.6069416771209997, 0.6074336457334022, 0.6077288269008437, 0.6079994096376651, 0.6081224017907657, 0.6082207955132463, 0.6083191892357268, 0.6084298821735173, 0.6084913782500676, 0.6085036774653777, 0.6085282758959978, 0.6085405751113079, 0.608552874326618, 0.608552874326618, 0.608552874326618, 0.608552874326618, 0.608552874326618, 0.608552874326618]
outputs_edges[ 5 ]=[0, 0, 0, 0, 0, 0, 0, 0, 0, 0, 0, 220466, 515658, 848504, 1188641, 1529024, 1870822, 2211734, 2552646, 2887250, 3193680, 3388604, 3388604, 3388604, 3388604, 3388604, 3388604, 3388604, 3388604, 3388604, 3388604, 3388604, 3388604, 3388604, 3388604, 3388604, 3388604, 3388604, 3388604, 3388604, 3388604, 3388604, 3388604, 3388604, 3388604, 3388604, 3388604, 3388604, 3388604, 3388604, 3388604, 3388604, 3388604, 3388604, 3388604]
--------------------------------------------
outputs[ 6 ]=[0.0, 0.0, 0.0, 0.0, 0.0, 1.2299215310063217e-05, 4.919686124025287e-05, 0.00014759058372075862, 0.0003197795980616437, 0.0006518584114333506, 0.0010946301625956265, 0.0016972917127887242, 0.003763559884879345, 0.008166678965881977, 0.018018350429242613, 0.050131601603817674, 0.12665731926303103, 0.24287260472781835, 0.3593215752834969, 0.4422059872580129, 0.4963225346222911, 0.5301330775096549, 0.5510048458908322, 0.5645216835165916, 0.5728605514968145, 0.5791208520896367, 0.5828352151132757, 0.5853319558212186, 0.5868939561655966, 0.5885420510171451, 0.5897473741175313, 0.5908420042801269, 0.5916414532752811, 0.592219516394854, 0.5929205716675277, 0.5946547610262465, 0.596106068432834, 0.5964750448921359, 0.5966349346911667, 0.5967702260595774, 0.5969424150739183, 0.5972990923179101, 0.5975450766241114, 0.5976434703465919, 0.5977172656384523, 0.5978033601456227, 0.597864856222173, 0.5979017538681032, 0.5979509507293435, 0.5979632499446536, 0.5979632499446536, 0.5979632499446536, 0.5979632499446536, 0.5979632499446536, 0.5979632499446536]
outputs_edges[ 6 ]=[0, 0, 0, 0, 0, 0, 0, 0, 0, 0, 0, 0, 290411, 626354, 970243, 1321041, 1671839, 2022195, 2372551, 2714859, 3034100, 3274136, 3432110, 3432110, 3432110, 3432110, 3432110, 3432110, 3432110, 3432110, 3432110, 3432110, 3432110, 3432110, 3432110, 3432110, 3432110, 3432110, 3432110, 3432110, 3432110, 3432110, 3432110, 3432110, 3432110, 3432110, 3432110, 3432110, 3432110, 3432110, 3432110, 3432110, 3432110, 3432110, 3432110]
--------------------------------------------
outputs[ 7 ]=[0.0, 0.0, 0.0, 0.0, 0.0, 1.2299215310063217e-05, 2.4598430620126434e-05, 4.919686124025287e-05, 0.0002090866602710747, 0.0010823309472855632, 0.006321796669372494, 0.02810370698349445, 0.09801244680589379, 0.2177822054952894, 0.34199198091161787, 0.4305709295746931, 0.4898039505079576, 0.5265294074238064, 0.5497749243598259, 0.5650505497749243, 0.5749883157454554, 0.5823186480702531, 0.5871399404717978, 0.5907436105576465, 0.5944579735812855, 0.5972990923179101, 0.5989717856000787, 0.6006321796669373, 0.602538558039997, 0.6035224952648021, 0.6044695348436769, 0.6059700391115047, 0.607778023762084, 0.6087004649103387, 0.6093031264605319, 0.6096475044892136, 0.6097458982116941, 0.6097827958576243, 0.6097950950729344, 0.6098073942882444, 0.6098319927188646, 0.6098565911494847, 0.6098565911494847, 0.6098565911494847, 0.6098565911494847, 0.6098565911494847, 0.6098565911494847, 0.6098565911494847, 0.6098565911494847, 0.6098565911494847, 0.6098565911494847, 0.6098565911494847, 0.6098565911494847, 0.6098565911494847, 0.6098565911494847]
outputs_edges[ 7 ]=[0, 0, 0, 0, 0, 0, 0, 0, 281291, 609468, 954141, 1299381, 1648023, 1997280, 2343780, 2690280, 3035440, 3268808, 3436651, 3436651, 3436651, 3436651, 3436651, 3436651, 3436651, 3436651, 3436651, 3436651, 3436651, 3436651, 3436651, 3436651, 3436651, 3436651, 3436651, 3436651, 3436651, 3436651, 3436651, 3436651, 3436651, 3436651, 3436651, 3436651, 3436651, 3436651, 3436651, 3436651, 3436651, 3436651, 3436651, 3436651, 3436651, 3436651, 3436651]
--------------------------------------------
outputs[ 8 ]=[0.0, 0.0, 0.0, 0.0, 0.0, 1.2299215310063217e-05, 1.2299215310063217e-05, 6.149607655031609e-05, 0.00015988979903082184, 0.00038127567461195976, 0.0007748505645339827, 0.0016111972056182815, 0.0031117014734459944, 0.004747497109684402, 0.008707844439524758, 0.02087176838117728, 0.05788010724915751, 0.1418099525250289, 0.26317860920473274, 0.37689715396157725, 0.45232824145819495, 0.49921285022015593, 0.5305266523995769, 0.553698374043736, 0.5696996531621282, 0.5807689469411852, 0.5882345706343935, 0.5938307136004722, 0.5970162103657787, 0.5990947777531793, 0.6004722898679065, 0.6018129043367033, 0.6029690305758493, 0.6036085897719725, 0.6042112513221657, 0.6046540230733279, 0.6047401175804984, 0.6048139128723587, 0.6048508105182889, 0.6048877081642191, 0.6049369050254594, 0.6049738026713896, 0.6049984011020096, 0.6050352987479399, 0.6050352987479399, 0.6050352987479399, 0.6050352987479399, 0.6050352987479399, 0.6050352987479399, 0.6050352987479399, 0.6050352987479399, 0.6050352987479399, 0.6050352987479399, 0.6050352987479399, 0.6050352987479399]
outputs_edges[ 8 ]=[0, 0, 0, 0, 0, 0, 0, 0, 0, 0, 0, 0, 100860, 398671, 734527, 1079919, 1428750, 1777905, 2127060, 2476215, 2825286, 3131974, 3309817, 3425956, 3425956, 3425956, 3425956, 3425956, 3425956, 3425956, 3425956, 3425956, 3425956, 3425956, 3425956, 3425956, 3425956, 3425956, 3425956, 3425956, 3425956, 3425956, 3425956, 3425956, 3425956, 3425956, 3425956, 3425956, 3425956, 3425956, 3425956, 3425956, 3425956, 3425956, 3425956]
--------------------------------------------
outputs[ 9 ]=[0.0, 0.0, 0.0, 0.0, 0.0, 1.2299215310063217e-05, 2.4598430620126434e-05, 9.839372248050574e-05, 0.0006518584114333506, 0.00248444149263277, 0.009617986372469436, 0.03848424470518781, 0.11010257545568593, 0.20751236071138662, 0.30617666592871373, 0.3985806705532187, 0.46063021179248764, 0.5007625513492239, 0.527820825031363, 0.5446338523602194, 0.555641650062726, 0.5620126435933387, 0.5658131011241483, 0.5684082355545717, 0.5698964406070892, 0.5708803778318943, 0.5715691338892579, 0.572184094654761, 0.5731065358030157, 0.5744594494871227, 0.5759845521855705, 0.5775957493911889, 0.5786411826925442, 0.5798342065776203, 0.5803261751900228, 0.5806459547880846, 0.580928836740216, 0.5812855139842078, 0.5819373723956411, 0.5825154355152141, 0.5827491206061053, 0.5828598135438959, 0.5830074041276166, 0.5831303962807173, 0.5832410892185078, 0.5832779868644381, 0.5832779868644381, 0.5832902860797481, 0.5832902860797481, 0.5832902860797481, 0.5832902860797481, 0.5832902860797481, 0.5832902860797481, 0.5832902860797481, 0.5832902860797481]
outputs_edges[ 9 ]=[0, 0, 0, 0, 0, 0, 0, 0, 263101, 560420, 894571, 1233563, 1572555, 1911863, 2251171, 2586123, 2836155, 3062648, 3189233, 3189233, 3189233, 3189233, 3189233, 3189233, 3189233, 3189233, 3189233, 3189233, 3189233, 3189233, 3189233, 3189233, 3189233, 3189233, 3189233, 3189233, 3189233, 3189233, 3189233, 3189233, 3189233, 3189233, 3189233, 3189233, 3189233, 3189233, 3189233, 3189233, 3189233, 3189233, 3189233, 3189233, 3189233, 3189233, 3189233]
--------------------------------------------
avg_output=[0.0, 0.0, 0.0, 0.0, 0.0, 1.2299215310063217e-05, 3.689764593018965e-05, 0.0001869480727129609, 0.0009531891865298998, 0.004337933239859296, 0.014123188940545595, 0.03816569502865717, 0.08562836691019113, 0.15035175755786784, 0.214399921285022, 0.26964061692863994, 0.3241618084766192, 0.3786596315155093, 0.42689838388310825, 0.46244065628612907, 0.48545617789585027, 0.5002410646200772, 0.5097840257791553, 0.5162792413843997, 0.5207635352864487, 0.5242146951024524, 0.5269426610582245, 0.5290814946006446, 0.5306767028263597, 0.5320603645487418, 0.5332324797677909, 0.5342705335399601, 0.5351474675915676, 0.5358620520010824, 0.536373699357981, 0.5368890364794726, 0.5372666223894915, 0.5374867783435417, 0.5377204634344329, 0.537927090251642, 0.5381177280889479, 0.5382505596142966, 0.538332964356874, 0.5384030698841415, 0.5384817848621258, 0.5385531203109242, 0.5385912478783854, 0.5386109266228816, 0.5386232258381916, 0.5386293754458465, 0.5386293754458465, 0.5386293754458465, 0.5386293754458465, 0.5386293754458465, 0.5386293754458465]
avg_output_edges=[0.0, 0.0, 0.0, 0.0, 0.0, 0.0, 11960.9, 72801.8, 236666.1, 425437.9, 625998.7, 852121.0, 1126151.8, 1428495.2, 1733602.9, 2023289.7, 2291304.3, 2518536.3, 2671387.6, 2788242.0, 2885716.2, 2959881.0, 2993462.7, 3005076.6, 3005076.6, 3005076.6, 3005076.6, 3005076.6, 3005076.6, 3005076.6, 3005076.6, 3005076.6, 3005076.6, 3005076.6, 3005076.6, 3005076.6, 3005076.6, 3005076.6, 3005076.6, 3005076.6, 3005076.6, 3005076.6, 3005076.6, 3005076.6, 3005076.6, 3005076.6, 3005076.6, 3005076.6, 3005076.6, 3005076.6, 3005076.6, 3005076.6, 3005076.6, 3005076.6, 3005076.6]
