outputs[ 0 ]=[0.0, 0.0, 0.0, 0.0, 0.0, 1.2299215310063217e-05, 1.2299215310063217e-05, 1.2299215310063217e-05, 1.2299215310063217e-05, 1.2299215310063217e-05, 1.2299215310063217e-05, 1.2299215310063217e-05, 1.2299215310063217e-05, 1.2299215310063217e-05, 1.2299215310063217e-05, 1.2299215310063217e-05, 1.2299215310063217e-05, 1.2299215310063217e-05, 1.2299215310063217e-05, 1.2299215310063217e-05, 1.2299215310063217e-05, 1.2299215310063217e-05, 1.2299215310063217e-05, 1.2299215310063217e-05, 1.2299215310063217e-05, 1.2299215310063217e-05, 1.2299215310063217e-05, 1.2299215310063217e-05, 1.2299215310063217e-05, 1.2299215310063217e-05, 1.2299215310063217e-05, 1.2299215310063217e-05, 1.2299215310063217e-05, 1.2299215310063217e-05, 1.2299215310063217e-05, 1.2299215310063217e-05, 1.2299215310063217e-05, 1.2299215310063217e-05, 1.2299215310063217e-05, 1.2299215310063217e-05, 1.2299215310063217e-05, 1.2299215310063217e-05, 1.2299215310063217e-05, 1.2299215310063217e-05, 1.2299215310063217e-05, 1.2299215310063217e-05, 1.2299215310063217e-05, 1.2299215310063217e-05, 1.2299215310063217e-05, 1.2299215310063217e-05, 1.2299215310063217e-05, 1.2299215310063217e-05, 1.2299215310063217e-05, 1.2299215310063217e-05, 1.2299215310063217e-05]
outputs_edges[ 0 ]=[0, 0, 0, 0, 0, 0, 0, 0, 0, 0, 0, 0, 0, 0, 0, 0, 0, 0, 0, 0, 0, 0, 0, 0, 0, 0, 0, 0, 0, 0, 0, 0, 0, 0, 0, 0, 0, 0, 0, 0, 0, 0, 0, 0, 0, 0, 0, 0, 0, 0, 0, 0, 0, 0, 0]
--------------------------------------------
outputs[ 1 ]=[0.0, 0.0, 0.0, 0.0, 0.0, 1.2299215310063217e-05, 3.6897645930189655e-05, 8.609450717044253e-05, 0.00011069293779056896, 0.00015988979903082184, 0.00036897645930189656, 0.0018448822965094827, 0.011794947482350627, 0.045765380168745234, 0.11616608860354709, 0.22042653678695298, 0.337158389294763, 0.4342237965217819, 0.49583056600988856, 0.5329741962462795, 0.5548667994981921, 0.569847243745849, 0.5803630728359531, 0.5881853737731533, 0.5938430128157823, 0.5986889036479472, 0.6005952820210071, 0.6022310776572455, 0.6045064324896071, 0.6068555826138292, 0.6090325437237104, 0.6103731581925074, 0.6113693946326224, 0.6121688436277766, 0.6126116153789388, 0.61284530046983, 0.6129928910535508, 0.6131650800678917, 0.6132634737903722, 0.6133618675128527, 0.613411064374093, 0.6134356628047131, 0.6134479620200232, 0.6134725604506432, 0.6134848596659533, 0.6135094580965734, 0.6135094580965734, 0.6135217573118835, 0.6135340565271936, 0.6135340565271936, 0.6135340565271936, 0.6135340565271936, 0.6135340565271936, 0.6135340565271936, 0.6135340565271936]
outputs_edges[ 1 ]=[0, 0, 0, 0, 0, 0, 0, 0, 0, 0, 0, 314717, 655676, 997139, 1340615, 1684091, 2024379, 2363159, 2363159, 2363159, 2363159, 2363159, 2363159, 2363159, 2363159, 2363159, 2363159, 2363159, 2363159, 2363159, 2363159, 2363159, 2363159, 2363159, 2363159, 2363159, 2363159, 2363159, 2363159, 2363159, 2363159, 2363159, 2363159, 2363159, 2363159, 2363159, 2363159, 2363159, 2363159, 2363159, 2363159, 2363159, 2363159, 2363159, 2363159]
--------------------------------------------
outputs[ 2 ]=[0.0, 0.0, 0.0, 0.0, 0.0, 1.2299215310063217e-05, 0.00014759058372075862, 0.0008117482104641724, 0.0017218901434088506, 0.002213858755811379, 0.003099402258135931, 0.005485450028288195, 0.015484712075369592, 0.052406956436179375, 0.1255257914545052, 0.2335989963840307, 0.35415590485327036, 0.4488598627407571, 0.5099869628317714, 0.5493321526086635, 0.5742749612574718, 0.5885543502324552, 0.5965365409686862, 0.6018006051213932, 0.6055026689297223, 0.607974811207045, 0.6097581974270042, 0.6113570954173124, 0.6124886232258382, 0.6140506235702162, 0.6168671438762207, 0.6179248763928862, 0.6184906402971491, 0.6190441049861019, 0.6195114751678843, 0.6199911445649767, 0.620237128871178, 0.6203478218089686, 0.6203601210242786, 0.6203847194548988, 0.6204093178855189, 0.620421617100829, 0.620421617100829, 0.620421617100829, 0.620421617100829, 0.620421617100829, 0.620421617100829, 0.620421617100829, 0.620421617100829, 0.620421617100829, 0.620421617100829, 0.620421617100829, 0.620421617100829, 0.620421617100829, 0.620421617100829]
outputs_edges[ 2 ]=[0, 0, 0, 0, 0, 0, 0, 0, 0, 0, 0, 321139, 653775, 987775, 1322029, 1656283, 1990537, 2316544, 2316544, 2316544, 2316544, 2316544, 2316544, 2316544, 2316544, 2316544, 2316544, 2316544, 2316544, 2316544, 2316544, 2316544, 2316544, 2316544, 2316544, 2316544, 2316544, 2316544, 2316544, 2316544, 2316544, 2316544, 2316544, 2316544, 2316544, 2316544, 2316544, 2316544, 2316544, 2316544, 2316544, 2316544, 2316544, 2316544, 2316544]
--------------------------------------------
outputs[ 3 ]=[0.0, 0.0, 0.0, 0.0, 0.0, 1.2299215310063217e-05, 0.00019678744496101148, 0.0021646618945711264, 0.010417435367623545, 0.03234693626546626, 0.0704868029419723, 0.13061766659287138, 0.22186554497823038, 0.34506678473913366, 0.4466706024155659, 0.5080190883821613, 0.5456054903697144, 0.5687772120138735, 0.5821587582712223, 0.5903746340983446, 0.5957493911888422, 0.59923006912159, 0.6023540698103461, 0.6055395665756524, 0.6079010159151846, 0.6099426856566551, 0.6120335522593658, 0.6133003714363023, 0.6137677416180848, 0.614185914938627, 0.6144687968907584, 0.6146778835510295, 0.6148500725653703, 0.6149607655031609, 0.6151206553021917, 0.6152682458859124, 0.6153174427471527, 0.6153297419624628, 0.615366639608393, 0.615366639608393, 0.6153789388237031, 0.6153789388237031, 0.6153789388237031, 0.6153789388237031, 0.6153789388237031, 0.6153789388237031, 0.6153789388237031, 0.6153789388237031, 0.6153789388237031, 0.6153789388237031, 0.6153789388237031, 0.6153789388237031, 0.6153789388237031, 0.6153789388237031, 0.6153789388237031]
outputs_edges[ 3 ]=[0, 0, 0, 0, 0, 0, 0, 0, 328287, 672502, 1018770, 1365795, 1712641, 2039924, 2336302, 2336302, 2336302, 2336302, 2336302, 2336302, 2336302, 2336302, 2336302, 2336302, 2336302, 2336302, 2336302, 2336302, 2336302, 2336302, 2336302, 2336302, 2336302, 2336302, 2336302, 2336302, 2336302, 2336302, 2336302, 2336302, 2336302, 2336302, 2336302, 2336302, 2336302, 2336302, 2336302, 2336302, 2336302, 2336302, 2336302, 2336302, 2336302, 2336302, 2336302]
--------------------------------------------
outputs[ 4 ]=[0.0, 0.0, 0.0, 0.0, 0.0, 1.2299215310063217e-05, 3.6897645930189655e-05, 4.919686124025287e-05, 6.149607655031609e-05, 8.609450717044253e-05, 0.00017218901434088506, 0.0008117482104641724, 0.005952820210070597, 0.027808525816052934, 0.06725210931542568, 0.12798563451651784, 0.22180404890168007, 0.33666642068236047, 0.4379504587607311, 0.5047843947556145, 0.5451750178338622, 0.5715076378127075, 0.5873121294861388, 0.596880918997368, 0.6026492509777877, 0.6072368582884412, 0.6120089538287458, 0.61674415172312, 0.6204954123926893, 0.6228076648709813, 0.6241482793397781, 0.6251076181339631, 0.6257717757607064, 0.6263375396649694, 0.6267065161242713, 0.6270262957223329, 0.6273214768897745, 0.6274690674734952, 0.6275797604112857, 0.6276535557031462, 0.6277273509950065, 0.6277519494256266, 0.6277642486409367, 0.6277888470715568, 0.6278380439327971, 0.6278872407940373, 0.6279364376552776, 0.6279610360858977, 0.6279610360858977, 0.6279856345165179, 0.6279856345165179, 0.6279856345165179, 0.6279979337318279, 0.6279979337318279, 0.6279979337318279]
outputs_edges[ 4 ]=[0, 0, 0, 0, 0, 0, 0, 0, 0, 0, 0, 0, 308493, 645414, 985449, 1325484, 1665834, 2006184, 2270725, 2270725, 2270725, 2270725, 2270725, 2270725, 2270725, 2270725, 2270725, 2270725, 2270725, 2270725, 2270725, 2270725, 2270725, 2270725, 2270725, 2270725, 2270725, 2270725, 2270725, 2270725, 2270725, 2270725, 2270725, 2270725, 2270725, 2270725, 2270725, 2270725, 2270725, 2270725, 2270725, 2270725, 2270725, 2270725, 2270725]
--------------------------------------------
outputs[ 5 ]=[0.0, 0.0, 0.0, 0.0, 0.0, 1.2299215310063217e-05, 0.0002090866602710747, 0.0019432760189899885, 0.009679482449019753, 0.0259144466583032, 0.06639116424372125, 0.1487344107445945, 0.2763018719405702, 0.3954320714338425, 0.47744323912134407, 0.528005313261014, 0.5601923597274494, 0.578591985831304, 0.5885789486630753, 0.5959707770644233, 0.6014439278774014, 0.6051213932551103, 0.6087865594175091, 0.6122303397043268, 0.6148254741347502, 0.6167195532925, 0.6179863724694364, 0.6194376798760239, 0.6204708139620693, 0.6212456645266032, 0.6215900425552849, 0.6217499323543157, 0.6218114284308661, 0.6218237276461762, 0.6218237276461762, 0.6218237276461762, 0.6218237276461762, 0.6218237276461762, 0.6218237276461762, 0.6218237276461762, 0.6218237276461762, 0.6218237276461762, 0.6218237276461762, 0.6218237276461762, 0.6218237276461762, 0.6218237276461762, 0.6218237276461762, 0.6218237276461762, 0.6218237276461762, 0.6218237276461762, 0.6218237276461762, 0.6218237276461762, 0.6218237276461762, 0.6218237276461762, 0.6218237276461762]
outputs_edges[ 5 ]=[0, 0, 0, 0, 0, 0, 0, 0, 333563, 674578, 1016213, 1358463, 1700806, 2031715, 2031715, 2031715, 2031715, 2031715, 2031715, 2031715, 2031715, 2031715, 2031715, 2031715, 2031715, 2031715, 2031715, 2031715, 2031715, 2031715, 2031715, 2031715, 2031715, 2031715, 2031715, 2031715, 2031715, 2031715, 2031715, 2031715, 2031715, 2031715, 2031715, 2031715, 2031715, 2031715, 2031715, 2031715, 2031715, 2031715, 2031715, 2031715, 2031715, 2031715, 2031715]
--------------------------------------------
outputs[ 6 ]=[0.0, 0.0, 0.0, 0.0, 0.0, 1.2299215310063217e-05, 0.00011069293779056896, 0.0004796693970924655, 0.0011069293779056896, 0.0018940791577497355, 0.003160898334686247, 0.005965119425380661, 0.01379971957789093, 0.04315794652301183, 0.13931321181708606, 0.28520650382505597, 0.4027132068973999, 0.4842570044031191, 0.534056527193565, 0.5637345337367476, 0.5820603645487418, 0.5946424618109365, 0.6040636607384449, 0.611283300125452, 0.6166211595700194, 0.6189457112636214, 0.6203724202395887, 0.6214547511868743, 0.6222787986126486, 0.6230413499618724, 0.623533318574275, 0.6238162005264064, 0.6240252871866775, 0.6242097754163284, 0.6242958699234988, 0.6243573660000492, 0.6244803581531498, 0.62451725579908, 0.62451725579908, 0.62451725579908, 0.62451725579908, 0.62451725579908, 0.62451725579908, 0.62451725579908, 0.62451725579908, 0.62451725579908, 0.62451725579908, 0.62451725579908, 0.62451725579908, 0.62451725579908, 0.62451725579908, 0.62451725579908, 0.62451725579908, 0.62451725579908, 0.62451725579908]
outputs_edges[ 6 ]=[0, 0, 0, 0, 0, 0, 0, 0, 0, 0, 0, 326036, 659142, 993396, 1327996, 1661076, 1994156, 1994156, 1994156, 1994156, 1994156, 1994156, 1994156, 1994156, 1994156, 1994156, 1994156, 1994156, 1994156, 1994156, 1994156, 1994156, 1994156, 1994156, 1994156, 1994156, 1994156, 1994156, 1994156, 1994156, 1994156, 1994156, 1994156, 1994156, 1994156, 1994156, 1994156, 1994156, 1994156, 1994156, 1994156, 1994156, 1994156, 1994156, 1994156]
--------------------------------------------
outputs[ 7 ]=[0.0, 0.0, 0.0, 0.0, 0.0, 1.2299215310063217e-05, 8.609450717044253e-05, 0.00043047253585221264, 0.0016234964209283448, 0.004034142621700735, 0.014931247386416746, 0.05775711509605687, 0.1461269770988611, 0.26895924040046243, 0.38061151698521634, 0.4659311735911249, 0.5210931542567584, 0.5563919021966398, 0.5774481588074681, 0.5901655474380735, 0.5977664624996926, 0.6023786682409662, 0.6061545273411556, 0.6087619609868891, 0.6123779302880477, 0.6139645290630458, 0.6150222615797112, 0.6161168917423069, 0.6171008289671119, 0.6176665928713748, 0.6180601677612968, 0.618478341081839, 0.6189580104789314, 0.6198066563353258, 0.6212702629572233, 0.6217499323543157, 0.6222296017514083, 0.6230782476078026, 0.6244926573684599, 0.624910830689002, 0.6251445157798933, 0.6255626891004354, 0.6259808624209775, 0.6261899490812486, 0.626276043588419, 0.6262883428037291, 0.6263006420190392, 0.6263006420190392, 0.6263129412343492, 0.6263129412343492, 0.6263129412343492, 0.6263129412343492, 0.6263129412343492, 0.6263129412343492, 0.6263129412343492]
outputs_edges[ 7 ]=[0, 0, 0, 0, 0, 0, 0, 0, 0, 314478, 652335, 990434, 1328696, 1666958, 2005220, 2277781, 2277781, 2277781, 2277781, 2277781, 2277781, 2277781, 2277781, 2277781, 2277781, 2277781, 2277781, 2277781, 2277781, 2277781, 2277781, 2277781, 2277781, 2277781, 2277781, 2277781, 2277781, 2277781, 2277781, 2277781, 2277781, 2277781, 2277781, 2277781, 2277781, 2277781, 2277781, 2277781, 2277781, 2277781, 2277781, 2277781, 2277781, 2277781, 2277781]
--------------------------------------------
outputs[ 8 ]=[0.0, 0.0, 0.0, 0.0, 0.0, 1.2299215310063217e-05, 3.6897645930189655e-05, 0.00014759058372075862, 0.0010577325166654368, 0.007773104075959954, 0.03527414950926131, 0.0891816102132684, 0.1639485400831427, 0.26775391730007625, 0.3893808575012914, 0.478796152805451, 0.534044227978255, 0.5671537155929451, 0.5877180035913708, 0.6011241482793398, 0.6106068432833985, 0.6166457580006396, 0.6207044990529604, 0.623348830344624, 0.6258209726219467, 0.6279610360858977, 0.6300273042579884, 0.6313679187267852, 0.6318229896932576, 0.6322411630137997, 0.6324010528128305, 0.6325240449659312, 0.6326101394731016, 0.6326347379037217, 0.6326593363343419, 0.6326962339802721, 0.6327208324108922, 0.6327454308415124, 0.6328192261333727, 0.6328438245639928, 0.6328561237793029, 0.632868422994613, 0.632868422994613, 0.632868422994613, 0.632868422994613, 0.632868422994613, 0.632868422994613, 0.632868422994613, 0.632868422994613, 0.632868422994613, 0.632868422994613, 0.632868422994613, 0.632868422994613, 0.632868422994613, 0.632868422994613]
outputs_edges[ 8 ]=[0, 0, 0, 0, 0, 0, 0, 0, 0, 314079, 647892, 982920, 1317948, 1653595, 1988388, 2243822, 2243822, 2243822, 2243822, 2243822, 2243822, 2243822, 2243822, 2243822, 2243822, 2243822, 2243822, 2243822, 2243822, 2243822, 2243822, 2243822, 2243822, 2243822, 2243822, 2243822, 2243822, 2243822, 2243822, 2243822, 2243822, 2243822, 2243822, 2243822, 2243822, 2243822, 2243822, 2243822, 2243822, 2243822, 2243822, 2243822, 2243822, 2243822, 2243822]
--------------------------------------------
outputs[ 9 ]=[0.0, 0.0, 0.0, 0.0, 0.0, 1.2299215310063217e-05, 4.919686124025287e-05, 0.00011069293779056896, 0.0002090866602710747, 0.0006272599808132242, 0.0029887093203453618, 0.01425479054436327, 0.055703146139276315, 0.16098442919341746, 0.304085799326003, 0.42053476988168154, 0.4986962831771333, 0.547659459326495, 0.578210710156692, 0.5970285095810888, 0.6076919292549136, 0.6144810961060684, 0.6186505300961799, 0.6216269402012151, 0.6243081691388089, 0.6263744373108996, 0.6279364376552776, 0.6288219811576021, 0.6298797136742675, 0.6311834304971343, 0.6326347379037217, 0.633667871989767, 0.6341967382480997, 0.6345165178461614, 0.6349838880279438, 0.6354512582097263, 0.635783337023098, 0.6360416205446092, 0.6361646126977099, 0.6362876048508105, 0.6363245024967407, 0.6363368017120508, 0.6363368017120508, 0.6363368017120508, 0.6363491009273609, 0.6363491009273609, 0.6363491009273609, 0.6363491009273609, 0.6363491009273609, 0.6363491009273609, 0.6363491009273609, 0.6363491009273609, 0.6363491009273609, 0.6363491009273609, 0.6363491009273609]
outputs_edges[ 9 ]=[0, 0, 0, 0, 0, 0, 0, 0, 0, 0, 302585, 614000, 926794, 1239926, 1553058, 1866190, 1866190, 1866190, 1866190, 1866190, 1866190, 1866190, 1866190, 1866190, 1866190, 1866190, 1866190, 1866190, 1866190, 1866190, 1866190, 1866190, 1866190, 1866190, 1866190, 1866190, 1866190, 1866190, 1866190, 1866190, 1866190, 1866190, 1866190, 1866190, 1866190, 1866190, 1866190, 1866190, 1866190, 1866190, 1866190, 1866190, 1866190, 1866190, 1866190]
--------------------------------------------
avg_output=[0.0, 0.0, 0.0, 0.0, 0.0, 1.2299215310063217e-05, 9.224411482547414e-05, 0.0006235702162202052, 0.0026000541165473647, 0.007506211103731582, 0.0196885838683492, 0.045466509236710695, 0.09109905788010726, 0.1607347551226232, 0.24464615157552946, 0.32685164686493, 0.3975475364671734, 0.45225936585245863, 0.48919513935010944, 0.5125501193023885, 0.5269647996457827, 0.5362420977541633, 0.5424937888962684, 0.5469670135045384, 0.550386195360736, 0.5527820825031363, 0.5545753080953435, 0.5560844218138883, 0.5572823653850885, 0.5583290286079747, 0.5592748382653185, 0.5598332226403956, 0.5602095786288835, 0.5605514968145032, 0.560899564607778, 0.56112218040489, 0.5612919095761691, 0.5614530292967309, 0.5616399773694438, 0.5617162325043663, 0.5617605096794824, 0.5618109364622537, 0.5618552136373699, 0.561881041989521, 0.5618970309694242, 0.5619056404201412, 0.5619117900277961, 0.5619154797923892, 0.5619179396354512, 0.5619203994785134, 0.5619203994785134, 0.5619203994785134, 0.5619216294000443, 0.5619216294000443, 0.5619216294000443]
avg_output_edges=[0.0, 0.0, 0.0, 0.0, 0.0, 0.0, 0.0, 0.0, 66185.0, 197563.7, 363779.5, 627350.4, 926397.1, 1225584.2, 1489077.2, 1708274.4, 1843071.6, 1943585.3, 1970039.4, 1970039.4, 1970039.4, 1970039.4, 1970039.4, 1970039.4, 1970039.4, 1970039.4, 1970039.4, 1970039.4, 1970039.4, 1970039.4, 1970039.4, 1970039.4, 1970039.4, 1970039.4, 1970039.4, 1970039.4, 1970039.4, 1970039.4, 1970039.4, 1970039.4, 1970039.4, 1970039.4, 1970039.4, 1970039.4, 1970039.4, 1970039.4, 1970039.4, 1970039.4, 1970039.4, 1970039.4, 1970039.4, 1970039.4, 1970039.4, 1970039.4, 1970039.4]
