list_num_white = [0.9995048279277049, 0.9990096558554098, 0.9975241396385244, 0.9893538004456549, 0.963357266650161, 0.8895766278781877, 0.79796979450359, 0.7576132706115375, 0.7378063877197326, 0.7276553602376826, 0.7217132953701412, 0.7182470908640752, 0.7155236444664521, 0.7135429561772716, 0.7113146818519436, 0.7024015845506314, 0.6684822975984155, 0.6286209457786581, 0.6073285466699678, 0.5914830403565239, 0.5820747709829166, 0.5761327061153751, 0.5724189155731617, 0.5687051250309483, 0.5672196088140629, 0.5662292646694727, 0.565981678633325, 0.565981678633325, 0.565981678633325, 0.565981678633325, 0.565981678633325, 0.565981678633325, 0.565981678633325, 0.565981678633325, 0.565981678633325, 0.565981678633325, 0.565981678633325]
list_num_black = [0.0002475860361475613, 0.0007427581084426838, 0.0022282743253280515, 0.010398613518197574, 0.03292894280762565, 0.07749442931418668, 0.12305025996533796, 0.15077989601386482, 0.15399851448378313, 0.13617231988115872, 0.09457786580836841, 0.05001237930180738, 0.022282743253280515, 0.01138895766278782, 0.007179995048279277, 0.0049517207229512255, 0.005446892795246348, 0.010151027482050013, 0.015350334241148799, 0.022282743253280515, 0.02673929190393662, 0.028472394156969547, 0.02475860361475613, 0.02079722703639515, 0.01361723198811587, 0.008417925229017083, 0.004704134686803664, 0.0022282743253280515, 0.0004951720722951226, 0.0002475860361475613, 0.0, 0.0, 0.0, 0.0, 0.0, 0.0, 0.0]
list_num_gray = [0.0, 0.0, 0.0, 0.0, 0.0, 0.0002475860361475613, 0.0007427581084426838, 0.0022282743253280515, 0.010398613518197574, 0.03292894280762565, 0.07774201535033425, 0.12379301807378064, 0.15300817033919287, 0.1643971280019807, 0.16910126268878437, 0.17231988115870264, 0.173805397375588, 0.1752909135924734, 0.1757860856647685, 0.17628125773706363, 0.17727160188165386, 0.17925229017083436, 0.1854419410745234, 0.19113641990591732, 0.19856400099034416, 0.20401089378559048, 0.20772468432780392, 0.2102005446892795, 0.21193364694231245, 0.21218123297846, 0.21242881901460758, 0.21242881901460758, 0.21242881901460758, 0.21242881901460758, 0.21242881901460758, 0.21242881901460758, 0.21242881901460758]
list_num_green = [0.0002475860361475613, 0.0002475860361475613, 0.0002475860361475613, 0.0002475860361475613, 0.0037137905422134194, 0.03268135677147809, 0.07823718742262936, 0.08937855904926963, 0.09754889824213914, 0.09952958653131963, 0.07328546669967814, 0.029710324337707355, 0.019806882891804902, 0.012874473879673186, 0.009160683337459768, 0.014359990096558554, 0.044317900470413465, 0.076751671205744, 0.09086407526615499, 0.09754889824213914, 0.09358752166377816, 0.0638771973260708, 0.03144342659074028, 0.017826194602624412, 0.010646199554345134, 0.007427581084426839, 0.005446892795246348, 0.004208962614508541, 0.0022282743253280515, 0.0009903441445902451, 0.0002475860361475613, 0.0, 0.0, 0.0, 0.0, 0.0, 0.0]
------------------------------------------- 
list_num_white = [0.9995048279277049, 0.9990096558554098, 0.9975241396385244, 0.9893538004456549, 0.963357266650161, 0.8895766278781877, 0.79796979450359, 0.7576132706115375, 0.7378063877197326, 0.7276553602376826, 0.7217132953701412, 0.7182470908640752, 0.7155236444664521, 0.7135429561772716, 0.7113146818519436, 0.7024015845506314, 0.6684822975984155, 0.6286209457786581, 0.6073285466699678, 0.5914830403565239, 0.5820747709829166, 0.5761327061153751, 0.5724189155731617, 0.5687051250309483, 0.5672196088140629, 0.5662292646694727, 0.565981678633325, 0.565981678633325, 0.565981678633325, 0.565981678633325, 0.565981678633325, 0.565981678633325, 0.565981678633325, 0.565981678633325, 0.565981678633325, 0.565981678633325, 0.565981678633325]
list_num_black = [0.0002475860361475613, 0.0007427581084426838, 0.0022282743253280515, 0.010398613518197574, 0.03292894280762565, 0.07749442931418668, 0.12305025996533796, 0.15077989601386482, 0.15399851448378313, 0.13617231988115872, 0.09457786580836841, 0.05001237930180738, 0.022282743253280515, 0.01138895766278782, 0.007179995048279277, 0.0049517207229512255, 0.005446892795246348, 0.010151027482050013, 0.015350334241148799, 0.022282743253280515, 0.02673929190393662, 0.028472394156969547, 0.02475860361475613, 0.02079722703639515, 0.01361723198811587, 0.008417925229017083, 0.004704134686803664, 0.0022282743253280515, 0.0004951720722951226, 0.0002475860361475613, 0.0, 0.0, 0.0, 0.0, 0.0, 0.0, 0.0]
list_num_gray = [0.0, 0.0, 0.0, 0.0, 0.0, 0.0002475860361475613, 0.0007427581084426838, 0.0022282743253280515, 0.010398613518197574, 0.03292894280762565, 0.07774201535033425, 0.12379301807378064, 0.15300817033919287, 0.1643971280019807, 0.16910126268878437, 0.17231988115870264, 0.173805397375588, 0.1752909135924734, 0.1757860856647685, 0.17628125773706363, 0.17727160188165386, 0.17925229017083436, 0.1854419410745234, 0.19113641990591732, 0.19856400099034416, 0.20401089378559048, 0.20772468432780392, 0.2102005446892795, 0.21193364694231245, 0.21218123297846, 0.21242881901460758, 0.21242881901460758, 0.21242881901460758, 0.21242881901460758, 0.21242881901460758, 0.21242881901460758, 0.21242881901460758]
list_num_green = [0.0002475860361475613, 0.0002475860361475613, 0.0002475860361475613, 0.0002475860361475613, 0.0037137905422134194, 0.03268135677147809, 0.07823718742262936, 0.08937855904926963, 0.09754889824213914, 0.09952958653131963, 0.07328546669967814, 0.029710324337707355, 0.019806882891804902, 0.012874473879673186, 0.009160683337459768, 0.014359990096558554, 0.044317900470413465, 0.076751671205744, 0.09086407526615499, 0.09754889824213914, 0.09358752166377816, 0.0638771973260708, 0.03144342659074028, 0.017826194602624412, 0.010646199554345134, 0.007427581084426839, 0.005446892795246348, 0.004208962614508541, 0.0022282743253280515, 0.0009903441445902451, 0.0002475860361475613, 0.0, 0.0, 0.0, 0.0, 0.0, 0.0]
------------------------------------------- 
list_num_white = [0.9995048279277049, 0.9990096558554098, 0.9975241396385244, 0.9893538004456549, 0.963357266650161, 0.8895766278781877, 0.79796979450359, 0.7576132706115375, 0.7378063877197326, 0.7276553602376826, 0.7217132953701412, 0.7182470908640752, 0.7155236444664521, 0.7135429561772716, 0.7113146818519436, 0.7024015845506314, 0.6684822975984155, 0.6286209457786581, 0.6073285466699678, 0.5914830403565239, 0.5820747709829166, 0.5761327061153751, 0.5724189155731617, 0.5687051250309483, 0.5672196088140629, 0.5662292646694727, 0.565981678633325, 0.565981678633325, 0.565981678633325, 0.565981678633325, 0.565981678633325, 0.565981678633325, 0.565981678633325, 0.565981678633325, 0.565981678633325, 0.565981678633325, 0.565981678633325]
list_num_black = [0.0002475860361475613, 0.0007427581084426838, 0.0022282743253280515, 0.010398613518197574, 0.03292894280762565, 0.07749442931418668, 0.12305025996533796, 0.15077989601386482, 0.15399851448378313, 0.13617231988115872, 0.09457786580836841, 0.05001237930180738, 0.022282743253280515, 0.01138895766278782, 0.007179995048279277, 0.0049517207229512255, 0.005446892795246348, 0.010151027482050013, 0.015350334241148799, 0.022282743253280515, 0.02673929190393662, 0.028472394156969547, 0.02475860361475613, 0.02079722703639515, 0.01361723198811587, 0.008417925229017083, 0.004704134686803664, 0.0022282743253280515, 0.0004951720722951226, 0.0002475860361475613, 0.0, 0.0, 0.0, 0.0, 0.0, 0.0, 0.0]
list_num_gray = [0.0, 0.0, 0.0, 0.0, 0.0, 0.0002475860361475613, 0.0007427581084426838, 0.0022282743253280515, 0.010398613518197574, 0.03292894280762565, 0.07774201535033425, 0.12379301807378064, 0.15300817033919287, 0.1643971280019807, 0.16910126268878437, 0.17231988115870264, 0.173805397375588, 0.1752909135924734, 0.1757860856647685, 0.17628125773706363, 0.17727160188165386, 0.17925229017083436, 0.1854419410745234, 0.19113641990591732, 0.19856400099034416, 0.20401089378559048, 0.20772468432780392, 0.2102005446892795, 0.21193364694231245, 0.21218123297846, 0.21242881901460758, 0.21242881901460758, 0.21242881901460758, 0.21242881901460758, 0.21242881901460758, 0.21242881901460758, 0.21242881901460758]
list_num_green = [0.0002475860361475613, 0.0002475860361475613, 0.0002475860361475613, 0.0002475860361475613, 0.0037137905422134194, 0.03268135677147809, 0.07823718742262936, 0.08937855904926963, 0.09754889824213914, 0.09952958653131963, 0.07328546669967814, 0.029710324337707355, 0.019806882891804902, 0.012874473879673186, 0.009160683337459768, 0.014359990096558554, 0.044317900470413465, 0.076751671205744, 0.09086407526615499, 0.09754889824213914, 0.09358752166377816, 0.0638771973260708, 0.03144342659074028, 0.017826194602624412, 0.010646199554345134, 0.007427581084426839, 0.005446892795246348, 0.004208962614508541, 0.0022282743253280515, 0.0009903441445902451, 0.0002475860361475613, 0.0, 0.0, 0.0, 0.0, 0.0, 0.0]
------------------------------------------- 
list_num_white = [0.9995048279277049, 0.9990096558554098, 0.9975241396385244, 0.9893538004456549, 0.963357266650161, 0.8895766278781877, 0.79796979450359, 0.7576132706115375, 0.7378063877197326, 0.7276553602376826, 0.7217132953701412, 0.7182470908640752, 0.7155236444664521, 0.7135429561772716, 0.7113146818519436, 0.7024015845506314, 0.6684822975984155, 0.6286209457786581, 0.6073285466699678, 0.5914830403565239, 0.5820747709829166, 0.5761327061153751, 0.5724189155731617, 0.5687051250309483, 0.5672196088140629, 0.5662292646694727, 0.565981678633325, 0.565981678633325, 0.565981678633325, 0.565981678633325, 0.565981678633325, 0.565981678633325, 0.565981678633325, 0.565981678633325, 0.565981678633325, 0.565981678633325, 0.565981678633325]
list_num_black = [0.0002475860361475613, 0.0007427581084426838, 0.0022282743253280515, 0.010398613518197574, 0.03292894280762565, 0.07749442931418668, 0.12305025996533796, 0.15077989601386482, 0.15399851448378313, 0.13617231988115872, 0.09457786580836841, 0.05001237930180738, 0.022282743253280515, 0.01138895766278782, 0.007179995048279277, 0.0049517207229512255, 0.005446892795246348, 0.010151027482050013, 0.015350334241148799, 0.022282743253280515, 0.02673929190393662, 0.028472394156969547, 0.02475860361475613, 0.02079722703639515, 0.01361723198811587, 0.008417925229017083, 0.004704134686803664, 0.0022282743253280515, 0.0004951720722951226, 0.0002475860361475613, 0.0, 0.0, 0.0, 0.0, 0.0, 0.0, 0.0]
list_num_gray = [0.0, 0.0, 0.0, 0.0, 0.0, 0.0002475860361475613, 0.0007427581084426838, 0.0022282743253280515, 0.010398613518197574, 0.03292894280762565, 0.07774201535033425, 0.12379301807378064, 0.15300817033919287, 0.1643971280019807, 0.16910126268878437, 0.17231988115870264, 0.173805397375588, 0.1752909135924734, 0.1757860856647685, 0.17628125773706363, 0.17727160188165386, 0.17925229017083436, 0.1854419410745234, 0.19113641990591732, 0.19856400099034416, 0.20401089378559048, 0.20772468432780392, 0.2102005446892795, 0.21193364694231245, 0.21218123297846, 0.21242881901460758, 0.21242881901460758, 0.21242881901460758, 0.21242881901460758, 0.21242881901460758, 0.21242881901460758, 0.21242881901460758]
list_num_green = [0.0002475860361475613, 0.0002475860361475613, 0.0002475860361475613, 0.0002475860361475613, 0.0037137905422134194, 0.03268135677147809, 0.07823718742262936, 0.08937855904926963, 0.09754889824213914, 0.09952958653131963, 0.07328546669967814, 0.029710324337707355, 0.019806882891804902, 0.012874473879673186, 0.009160683337459768, 0.014359990096558554, 0.044317900470413465, 0.076751671205744, 0.09086407526615499, 0.09754889824213914, 0.09358752166377816, 0.0638771973260708, 0.03144342659074028, 0.017826194602624412, 0.010646199554345134, 0.007427581084426839, 0.005446892795246348, 0.004208962614508541, 0.0022282743253280515, 0.0009903441445902451, 0.0002475860361475613, 0.0, 0.0, 0.0, 0.0, 0.0, 0.0]
------------------------------------------- 
list_num_white = [0.9995048279277049, 0.9990096558554098, 0.9975241396385244, 0.9893538004456549, 0.963357266650161, 0.8895766278781877, 0.79796979450359, 0.7576132706115375, 0.7378063877197326, 0.7276553602376826, 0.7217132953701412, 0.7182470908640752, 0.7155236444664521, 0.7135429561772716, 0.7113146818519436, 0.7024015845506314, 0.6684822975984155, 0.6286209457786581, 0.6073285466699678, 0.5914830403565239, 0.5820747709829166, 0.5761327061153751, 0.5724189155731617, 0.5687051250309483, 0.5672196088140629, 0.5662292646694727, 0.565981678633325, 0.565981678633325, 0.565981678633325, 0.565981678633325, 0.565981678633325, 0.565981678633325, 0.565981678633325, 0.565981678633325, 0.565981678633325, 0.565981678633325, 0.565981678633325]
list_num_black = [0.0002475860361475613, 0.0007427581084426838, 0.0022282743253280515, 0.010398613518197574, 0.03292894280762565, 0.07749442931418668, 0.12305025996533796, 0.15077989601386482, 0.15399851448378313, 0.13617231988115872, 0.09457786580836841, 0.05001237930180738, 0.022282743253280515, 0.01138895766278782, 0.007179995048279277, 0.0049517207229512255, 0.005446892795246348, 0.010151027482050013, 0.015350334241148799, 0.022282743253280515, 0.02673929190393662, 0.028472394156969547, 0.02475860361475613, 0.02079722703639515, 0.01361723198811587, 0.008417925229017083, 0.004704134686803664, 0.0022282743253280515, 0.0004951720722951226, 0.0002475860361475613, 0.0, 0.0, 0.0, 0.0, 0.0, 0.0, 0.0]
list_num_gray = [0.0, 0.0, 0.0, 0.0, 0.0, 0.0002475860361475613, 0.0007427581084426838, 0.0022282743253280515, 0.010398613518197574, 0.03292894280762565, 0.07774201535033425, 0.12379301807378064, 0.15300817033919287, 0.1643971280019807, 0.16910126268878437, 0.17231988115870264, 0.173805397375588, 0.1752909135924734, 0.1757860856647685, 0.17628125773706363, 0.17727160188165386, 0.17925229017083436, 0.1854419410745234, 0.19113641990591732, 0.19856400099034416, 0.20401089378559048, 0.20772468432780392, 0.2102005446892795, 0.21193364694231245, 0.21218123297846, 0.21242881901460758, 0.21242881901460758, 0.21242881901460758, 0.21242881901460758, 0.21242881901460758, 0.21242881901460758, 0.21242881901460758]
list_num_green = [0.0002475860361475613, 0.0002475860361475613, 0.0002475860361475613, 0.0002475860361475613, 0.0037137905422134194, 0.03268135677147809, 0.07823718742262936, 0.08937855904926963, 0.09754889824213914, 0.09952958653131963, 0.07328546669967814, 0.029710324337707355, 0.019806882891804902, 0.012874473879673186, 0.009160683337459768, 0.014359990096558554, 0.044317900470413465, 0.076751671205744, 0.09086407526615499, 0.09754889824213914, 0.09358752166377816, 0.0638771973260708, 0.03144342659074028, 0.017826194602624412, 0.010646199554345134, 0.007427581084426839, 0.005446892795246348, 0.004208962614508541, 0.0022282743253280515, 0.0009903441445902451, 0.0002475860361475613, 0.0, 0.0, 0.0, 0.0, 0.0, 0.0]
------------------------------------------- 
list_num_white = [0.9995048279277049, 0.9990096558554098, 0.9975241396385244, 0.9893538004456549, 0.963357266650161, 0.8895766278781877, 0.79796979450359, 0.7576132706115375, 0.7378063877197326, 0.7276553602376826, 0.7217132953701412, 0.7182470908640752, 0.7155236444664521, 0.7135429561772716, 0.7113146818519436, 0.7024015845506314, 0.6684822975984155, 0.6286209457786581, 0.6073285466699678, 0.5914830403565239, 0.5820747709829166, 0.5761327061153751, 0.5724189155731617, 0.5687051250309483, 0.5672196088140629, 0.5662292646694727, 0.565981678633325, 0.565981678633325, 0.565981678633325, 0.565981678633325, 0.565981678633325, 0.565981678633325, 0.565981678633325, 0.565981678633325, 0.565981678633325, 0.565981678633325, 0.565981678633325]
list_num_black = [0.0002475860361475613, 0.0007427581084426838, 0.0022282743253280515, 0.010398613518197574, 0.03292894280762565, 0.07749442931418668, 0.12305025996533796, 0.15077989601386482, 0.15399851448378313, 0.13617231988115872, 0.09457786580836841, 0.05001237930180738, 0.022282743253280515, 0.01138895766278782, 0.007179995048279277, 0.0049517207229512255, 0.005446892795246348, 0.010151027482050013, 0.015350334241148799, 0.022282743253280515, 0.02673929190393662, 0.028472394156969547, 0.02475860361475613, 0.02079722703639515, 0.01361723198811587, 0.008417925229017083, 0.004704134686803664, 0.0022282743253280515, 0.0004951720722951226, 0.0002475860361475613, 0.0, 0.0, 0.0, 0.0, 0.0, 0.0, 0.0]
list_num_gray = [0.0, 0.0, 0.0, 0.0, 0.0, 0.0002475860361475613, 0.0007427581084426838, 0.0022282743253280515, 0.010398613518197574, 0.03292894280762565, 0.07774201535033425, 0.12379301807378064, 0.15300817033919287, 0.1643971280019807, 0.16910126268878437, 0.17231988115870264, 0.173805397375588, 0.1752909135924734, 0.1757860856647685, 0.17628125773706363, 0.17727160188165386, 0.17925229017083436, 0.1854419410745234, 0.19113641990591732, 0.19856400099034416, 0.20401089378559048, 0.20772468432780392, 0.2102005446892795, 0.21193364694231245, 0.21218123297846, 0.21242881901460758, 0.21242881901460758, 0.21242881901460758, 0.21242881901460758, 0.21242881901460758, 0.21242881901460758, 0.21242881901460758]
list_num_green = [0.0002475860361475613, 0.0002475860361475613, 0.0002475860361475613, 0.0002475860361475613, 0.0037137905422134194, 0.03268135677147809, 0.07823718742262936, 0.08937855904926963, 0.09754889824213914, 0.09952958653131963, 0.07328546669967814, 0.029710324337707355, 0.019806882891804902, 0.012874473879673186, 0.009160683337459768, 0.014359990096558554, 0.044317900470413465, 0.076751671205744, 0.09086407526615499, 0.09754889824213914, 0.09358752166377816, 0.0638771973260708, 0.03144342659074028, 0.017826194602624412, 0.010646199554345134, 0.007427581084426839, 0.005446892795246348, 0.004208962614508541, 0.0022282743253280515, 0.0009903441445902451, 0.0002475860361475613, 0.0, 0.0, 0.0, 0.0, 0.0, 0.0]
------------------------------------------- 
avg_list_num_white = [0.9995048279277049, 0.9990096558554099, 0.9975241396385243, 0.9893538004456549, 0.963357266650161, 0.8895766278781877, 0.7979697945035901, 0.7576132706115376, 0.7378063877197326, 0.7276553602376826, 0.7217132953701412, 0.7182470908640752, 0.715523644466452, 0.7135429561772716, 0.7113146818519436, 0.7024015845506314, 0.6684822975984154, 0.6286209457786581, 0.6073285466699678, 0.5914830403565238, 0.5820747709829166, 0.5761327061153753, 0.5724189155731617, 0.5687051250309483, 0.5672196088140629, 0.5662292646694728, 0.565981678633325, 0.565981678633325, 0.565981678633325, 0.565981678633325, 0.565981678633325, 0.565981678633325, 0.565981678633325, 0.565981678633325, 0.565981678633325, 0.565981678633325, 0.565981678633325]
avg_list_num_black = [0.0002475860361475613, 0.0007427581084426838, 0.0022282743253280515, 0.010398613518197574, 0.03292894280762565, 0.0774944293141867, 0.12305025996533796, 0.15077989601386485, 0.15399851448378313, 0.13617231988115872, 0.09457786580836841, 0.05001237930180737, 0.022282743253280515, 0.011388957662787818, 0.007179995048279277, 0.0049517207229512255, 0.005446892795246349, 0.010151027482050013, 0.0153503342411488, 0.022282743253280515, 0.02673929190393662, 0.02847239415696955, 0.02475860361475613, 0.02079722703639515, 0.013617231988115873, 0.008417925229017083, 0.004704134686803664, 0.0022282743253280515, 0.0004951720722951226, 0.0002475860361475613, 0.0, 0.0, 0.0, 0.0, 0.0, 0.0, 0.0]
avg_list_num_gray = [0.0, 0.0, 0.0, 0.0, 0.0, 0.0002475860361475613, 0.0007427581084426838, 0.0022282743253280515, 0.010398613518197574, 0.03292894280762565, 0.07774201535033425, 0.12379301807378064, 0.15300817033919287, 0.1643971280019807, 0.16910126268878437, 0.17231988115870264, 0.173805397375588, 0.1752909135924734, 0.1757860856647685, 0.17628125773706363, 0.17727160188165383, 0.17925229017083436, 0.1854419410745234, 0.19113641990591732, 0.19856400099034419, 0.20401089378559048, 0.20772468432780392, 0.21020054468927948, 0.21193364694231245, 0.21218123297846, 0.21242881901460756, 0.21242881901460756, 0.21242881901460756, 0.21242881901460756, 0.21242881901460756, 0.21242881901460756, 0.21242881901460756]
avg_list_num_green = [0.0002475860361475613, 0.0002475860361475613, 0.0002475860361475613, 0.0002475860361475613, 0.0037137905422134194, 0.03268135677147809, 0.07823718742262936, 0.08937855904926963, 0.09754889824213914, 0.09952958653131962, 0.07328546669967816, 0.029710324337707355, 0.019806882891804902, 0.012874473879673188, 0.00916068333745977, 0.014359990096558554, 0.04431790047041346, 0.076751671205744, 0.09086407526615499, 0.09754889824213914, 0.09358752166377816, 0.06387719732607079, 0.03144342659074028, 0.017826194602624412, 0.010646199554345134, 0.007427581084426839, 0.005446892795246349, 0.004208962614508541, 0.0022282743253280515, 0.0009903441445902451, 0.0002475860361475613, 0.0, 0.0, 0.0, 0.0, 0.0, 0.0]
------------------------------------------- 
