list_num_white = [0.9995048279277049, 0.9990096558554098, 0.9975241396385244, 0.9893538004456549, 0.9650903689031939, 0.9133448873483535, 0.8229759841544937, 0.7543946521416192, 0.7348353552859619, 0.6885367665263679, 0.6395147313691508, 0.5704382272839812, 0.5211686060906164, 0.4520921020054469, 0.3790542213419163, 0.31814805644961625, 0.28224808120821987, 0.24907155236444664, 0.23124535776182223, 0.2218370883882149, 0.21564743748452586, 0.21317157712305027, 0.21218123297846, 0.2116860609061649, 0.21119088883386977, 0.21094330279772222, 0.21094330279772222, 0.21094330279772222, 0.21094330279772222, 0.21094330279772222, 0.21094330279772222, 0.21094330279772222, 0.21094330279772222, 0.21094330279772222, 0.21094330279772222, 0.21094330279772222, 0.21094330279772222]
list_num_black = [0.0002475860361475613, 0.0007427581084426838, 0.0022282743253280515, 0.010398613518197574, 0.03466204506065858, 0.08615994057935132, 0.17603367170091608, 0.24312948749690516, 0.254518445159693, 0.27655360237682597, 0.2738301559792028, 0.2525377568705125, 0.23322604605100272, 0.282743253280515, 0.3094825451844516, 0.3213666749195345, 0.2881901460757613, 0.2720970537261698, 0.22084674424362466, 0.1572171329537014, 0.10250061896509037, 0.06907650408516959, 0.03689031938598663, 0.01955929685565734, 0.010646199554345134, 0.004704134686803664, 0.0022282743253280515, 0.0012379301807378064, 0.0007427581084426838, 0.0002475860361475613, 0.0, 0.0, 0.0, 0.0, 0.0, 0.0, 0.0]
list_num_gray = [0.0, 0.0, 0.0, 0.0, 0.0, 0.0002475860361475613, 0.0007427581084426838, 0.0022282743253280515, 0.010398613518197574, 0.03466204506065858, 0.08640752661549889, 0.17677642980935876, 0.24535776182223323, 0.26491705867789056, 0.31121564743748453, 0.3602376825947017, 0.42931418667987126, 0.47858380787323596, 0.5476603119584056, 0.6206981926219362, 0.6816043575142362, 0.7175043327556326, 0.7506808615994058, 0.7685070562020302, 0.7779153255756376, 0.7841049764793265, 0.7865808368408022, 0.7875711809853925, 0.7880663530576876, 0.7885615251299827, 0.7888091111661303, 0.7888091111661303, 0.7888091111661303, 0.7888091111661303, 0.7888091111661303, 0.7888091111661303, 0.7888091111661303]
list_num_green = [0.0002475860361475613, 0.0002475860361475613, 0.0002475860361475613, 0.0002475860361475613, 0.0002475860361475613, 0.0002475860361475613, 0.0002475860361475613, 0.0002475860361475613, 0.0002475860361475613, 0.0002475860361475613, 0.0002475860361475613, 0.0002475860361475613, 0.0002475860361475613, 0.0002475860361475613, 0.0002475860361475613, 0.0002475860361475613, 0.0002475860361475613, 0.0002475860361475613, 0.0002475860361475613, 0.0002475860361475613, 0.0, 0.0, 0.0, 0.0, 0.0, 0.0, 0.0, 0.0, 0.0, 0.0, 0.0, 0.0, 0.0, 0.0, 0.0, 0.0, 0.0]
------------------------------------------- 
list_num_white = [0.9995048279277049, 0.9990096558554098, 0.9975241396385244, 0.9893538004456549, 0.9650903689031939, 0.9133448873483535, 0.8229759841544937, 0.7543946521416192, 0.7348353552859619, 0.6885367665263679, 0.6395147313691508, 0.5704382272839812, 0.5211686060906164, 0.4520921020054469, 0.3790542213419163, 0.31814805644961625, 0.28224808120821987, 0.24907155236444664, 0.23124535776182223, 0.2218370883882149, 0.21564743748452586, 0.21317157712305027, 0.21218123297846, 0.2116860609061649, 0.21119088883386977, 0.21094330279772222, 0.21094330279772222, 0.21094330279772222, 0.21094330279772222, 0.21094330279772222, 0.21094330279772222, 0.21094330279772222, 0.21094330279772222, 0.21094330279772222, 0.21094330279772222, 0.21094330279772222, 0.21094330279772222]
list_num_black = [0.0002475860361475613, 0.0007427581084426838, 0.0022282743253280515, 0.010398613518197574, 0.03466204506065858, 0.08615994057935132, 0.17603367170091608, 0.24312948749690516, 0.254518445159693, 0.27655360237682597, 0.2738301559792028, 0.2525377568705125, 0.23322604605100272, 0.282743253280515, 0.3094825451844516, 0.3213666749195345, 0.2881901460757613, 0.2720970537261698, 0.22084674424362466, 0.1572171329537014, 0.10250061896509037, 0.06907650408516959, 0.03689031938598663, 0.01955929685565734, 0.010646199554345134, 0.004704134686803664, 0.0022282743253280515, 0.0012379301807378064, 0.0007427581084426838, 0.0002475860361475613, 0.0, 0.0, 0.0, 0.0, 0.0, 0.0, 0.0]
list_num_gray = [0.0, 0.0, 0.0, 0.0, 0.0, 0.0002475860361475613, 0.0007427581084426838, 0.0022282743253280515, 0.010398613518197574, 0.03466204506065858, 0.08640752661549889, 0.17677642980935876, 0.24535776182223323, 0.26491705867789056, 0.31121564743748453, 0.3602376825947017, 0.42931418667987126, 0.47858380787323596, 0.5476603119584056, 0.6206981926219362, 0.6816043575142362, 0.7175043327556326, 0.7506808615994058, 0.7685070562020302, 0.7779153255756376, 0.7841049764793265, 0.7865808368408022, 0.7875711809853925, 0.7880663530576876, 0.7885615251299827, 0.7888091111661303, 0.7888091111661303, 0.7888091111661303, 0.7888091111661303, 0.7888091111661303, 0.7888091111661303, 0.7888091111661303]
list_num_green = [0.0002475860361475613, 0.0002475860361475613, 0.0002475860361475613, 0.0002475860361475613, 0.0002475860361475613, 0.0002475860361475613, 0.0002475860361475613, 0.0002475860361475613, 0.0002475860361475613, 0.0002475860361475613, 0.0002475860361475613, 0.0002475860361475613, 0.0002475860361475613, 0.0002475860361475613, 0.0002475860361475613, 0.0002475860361475613, 0.0002475860361475613, 0.0002475860361475613, 0.0002475860361475613, 0.0002475860361475613, 0.0, 0.0, 0.0, 0.0, 0.0, 0.0, 0.0, 0.0, 0.0, 0.0, 0.0, 0.0, 0.0, 0.0, 0.0, 0.0, 0.0]
------------------------------------------- 
list_num_white = [0.9995048279277049, 0.9990096558554098, 0.9975241396385244, 0.9893538004456549, 0.9650903689031939, 0.9133448873483535, 0.8229759841544937, 0.7543946521416192, 0.7348353552859619, 0.6885367665263679, 0.6395147313691508, 0.5704382272839812, 0.5211686060906164, 0.4520921020054469, 0.3790542213419163, 0.31814805644961625, 0.28224808120821987, 0.24907155236444664, 0.23124535776182223, 0.2218370883882149, 0.21564743748452586, 0.21317157712305027, 0.21218123297846, 0.2116860609061649, 0.21119088883386977, 0.21094330279772222, 0.21094330279772222, 0.21094330279772222, 0.21094330279772222, 0.21094330279772222, 0.21094330279772222, 0.21094330279772222, 0.21094330279772222, 0.21094330279772222, 0.21094330279772222, 0.21094330279772222, 0.21094330279772222]
list_num_black = [0.0002475860361475613, 0.0007427581084426838, 0.0022282743253280515, 0.010398613518197574, 0.03466204506065858, 0.08615994057935132, 0.17603367170091608, 0.24312948749690516, 0.254518445159693, 0.27655360237682597, 0.2738301559792028, 0.2525377568705125, 0.23322604605100272, 0.282743253280515, 0.3094825451844516, 0.3213666749195345, 0.2881901460757613, 0.2720970537261698, 0.22084674424362466, 0.1572171329537014, 0.10250061896509037, 0.06907650408516959, 0.03689031938598663, 0.01955929685565734, 0.010646199554345134, 0.004704134686803664, 0.0022282743253280515, 0.0012379301807378064, 0.0007427581084426838, 0.0002475860361475613, 0.0, 0.0, 0.0, 0.0, 0.0, 0.0, 0.0]
list_num_gray = [0.0, 0.0, 0.0, 0.0, 0.0, 0.0002475860361475613, 0.0007427581084426838, 0.0022282743253280515, 0.010398613518197574, 0.03466204506065858, 0.08640752661549889, 0.17677642980935876, 0.24535776182223323, 0.26491705867789056, 0.31121564743748453, 0.3602376825947017, 0.42931418667987126, 0.47858380787323596, 0.5476603119584056, 0.6206981926219362, 0.6816043575142362, 0.7175043327556326, 0.7506808615994058, 0.7685070562020302, 0.7779153255756376, 0.7841049764793265, 0.7865808368408022, 0.7875711809853925, 0.7880663530576876, 0.7885615251299827, 0.7888091111661303, 0.7888091111661303, 0.7888091111661303, 0.7888091111661303, 0.7888091111661303, 0.7888091111661303, 0.7888091111661303]
list_num_green = [0.0002475860361475613, 0.0002475860361475613, 0.0002475860361475613, 0.0002475860361475613, 0.0002475860361475613, 0.0002475860361475613, 0.0002475860361475613, 0.0002475860361475613, 0.0002475860361475613, 0.0002475860361475613, 0.0002475860361475613, 0.0002475860361475613, 0.0002475860361475613, 0.0002475860361475613, 0.0002475860361475613, 0.0002475860361475613, 0.0002475860361475613, 0.0002475860361475613, 0.0002475860361475613, 0.0002475860361475613, 0.0, 0.0, 0.0, 0.0, 0.0, 0.0, 0.0, 0.0, 0.0, 0.0, 0.0, 0.0, 0.0, 0.0, 0.0, 0.0, 0.0]
------------------------------------------- 
list_num_white = [0.9995048279277049, 0.9990096558554098, 0.9975241396385244, 0.9893538004456549, 0.9650903689031939, 0.9133448873483535, 0.8229759841544937, 0.7543946521416192, 0.7348353552859619, 0.6885367665263679, 0.6395147313691508, 0.5704382272839812, 0.5211686060906164, 0.4520921020054469, 0.3790542213419163, 0.31814805644961625, 0.28224808120821987, 0.24907155236444664, 0.23124535776182223, 0.2218370883882149, 0.21564743748452586, 0.21317157712305027, 0.21218123297846, 0.2116860609061649, 0.21119088883386977, 0.21094330279772222, 0.21094330279772222, 0.21094330279772222, 0.21094330279772222, 0.21094330279772222, 0.21094330279772222, 0.21094330279772222, 0.21094330279772222, 0.21094330279772222, 0.21094330279772222, 0.21094330279772222, 0.21094330279772222]
list_num_black = [0.0002475860361475613, 0.0007427581084426838, 0.0022282743253280515, 0.010398613518197574, 0.03466204506065858, 0.08615994057935132, 0.17603367170091608, 0.24312948749690516, 0.254518445159693, 0.27655360237682597, 0.2738301559792028, 0.2525377568705125, 0.23322604605100272, 0.282743253280515, 0.3094825451844516, 0.3213666749195345, 0.2881901460757613, 0.2720970537261698, 0.22084674424362466, 0.1572171329537014, 0.10250061896509037, 0.06907650408516959, 0.03689031938598663, 0.01955929685565734, 0.010646199554345134, 0.004704134686803664, 0.0022282743253280515, 0.0012379301807378064, 0.0007427581084426838, 0.0002475860361475613, 0.0, 0.0, 0.0, 0.0, 0.0, 0.0, 0.0]
list_num_gray = [0.0, 0.0, 0.0, 0.0, 0.0, 0.0002475860361475613, 0.0007427581084426838, 0.0022282743253280515, 0.010398613518197574, 0.03466204506065858, 0.08640752661549889, 0.17677642980935876, 0.24535776182223323, 0.26491705867789056, 0.31121564743748453, 0.3602376825947017, 0.42931418667987126, 0.47858380787323596, 0.5476603119584056, 0.6206981926219362, 0.6816043575142362, 0.7175043327556326, 0.7506808615994058, 0.7685070562020302, 0.7779153255756376, 0.7841049764793265, 0.7865808368408022, 0.7875711809853925, 0.7880663530576876, 0.7885615251299827, 0.7888091111661303, 0.7888091111661303, 0.7888091111661303, 0.7888091111661303, 0.7888091111661303, 0.7888091111661303, 0.7888091111661303]
list_num_green = [0.0002475860361475613, 0.0002475860361475613, 0.0002475860361475613, 0.0002475860361475613, 0.0002475860361475613, 0.0002475860361475613, 0.0002475860361475613, 0.0002475860361475613, 0.0002475860361475613, 0.0002475860361475613, 0.0002475860361475613, 0.0002475860361475613, 0.0002475860361475613, 0.0002475860361475613, 0.0002475860361475613, 0.0002475860361475613, 0.0002475860361475613, 0.0002475860361475613, 0.0002475860361475613, 0.0002475860361475613, 0.0, 0.0, 0.0, 0.0, 0.0, 0.0, 0.0, 0.0, 0.0, 0.0, 0.0, 0.0, 0.0, 0.0, 0.0, 0.0, 0.0]
------------------------------------------- 
list_num_white = [0.9995048279277049, 0.9990096558554098, 0.9975241396385244, 0.9893538004456549, 0.9650903689031939, 0.9133448873483535, 0.8229759841544937, 0.7543946521416192, 0.7348353552859619, 0.6885367665263679, 0.6395147313691508, 0.5704382272839812, 0.5211686060906164, 0.4520921020054469, 0.3790542213419163, 0.31814805644961625, 0.28224808120821987, 0.24907155236444664, 0.23124535776182223, 0.2218370883882149, 0.21564743748452586, 0.21317157712305027, 0.21218123297846, 0.2116860609061649, 0.21119088883386977, 0.21094330279772222, 0.21094330279772222, 0.21094330279772222, 0.21094330279772222, 0.21094330279772222, 0.21094330279772222, 0.21094330279772222, 0.21094330279772222, 0.21094330279772222, 0.21094330279772222, 0.21094330279772222, 0.21094330279772222]
list_num_black = [0.0002475860361475613, 0.0007427581084426838, 0.0022282743253280515, 0.010398613518197574, 0.03466204506065858, 0.08615994057935132, 0.17603367170091608, 0.24312948749690516, 0.254518445159693, 0.27655360237682597, 0.2738301559792028, 0.2525377568705125, 0.23322604605100272, 0.282743253280515, 0.3094825451844516, 0.3213666749195345, 0.2881901460757613, 0.2720970537261698, 0.22084674424362466, 0.1572171329537014, 0.10250061896509037, 0.06907650408516959, 0.03689031938598663, 0.01955929685565734, 0.010646199554345134, 0.004704134686803664, 0.0022282743253280515, 0.0012379301807378064, 0.0007427581084426838, 0.0002475860361475613, 0.0, 0.0, 0.0, 0.0, 0.0, 0.0, 0.0]
list_num_gray = [0.0, 0.0, 0.0, 0.0, 0.0, 0.0002475860361475613, 0.0007427581084426838, 0.0022282743253280515, 0.010398613518197574, 0.03466204506065858, 0.08640752661549889, 0.17677642980935876, 0.24535776182223323, 0.26491705867789056, 0.31121564743748453, 0.3602376825947017, 0.42931418667987126, 0.47858380787323596, 0.5476603119584056, 0.6206981926219362, 0.6816043575142362, 0.7175043327556326, 0.7506808615994058, 0.7685070562020302, 0.7779153255756376, 0.7841049764793265, 0.7865808368408022, 0.7875711809853925, 0.7880663530576876, 0.7885615251299827, 0.7888091111661303, 0.7888091111661303, 0.7888091111661303, 0.7888091111661303, 0.7888091111661303, 0.7888091111661303, 0.7888091111661303]
list_num_green = [0.0002475860361475613, 0.0002475860361475613, 0.0002475860361475613, 0.0002475860361475613, 0.0002475860361475613, 0.0002475860361475613, 0.0002475860361475613, 0.0002475860361475613, 0.0002475860361475613, 0.0002475860361475613, 0.0002475860361475613, 0.0002475860361475613, 0.0002475860361475613, 0.0002475860361475613, 0.0002475860361475613, 0.0002475860361475613, 0.0002475860361475613, 0.0002475860361475613, 0.0002475860361475613, 0.0002475860361475613, 0.0, 0.0, 0.0, 0.0, 0.0, 0.0, 0.0, 0.0, 0.0, 0.0, 0.0, 0.0, 0.0, 0.0, 0.0, 0.0, 0.0]
------------------------------------------- 
list_num_white = [0.9995048279277049, 0.9990096558554098, 0.9975241396385244, 0.9893538004456549, 0.9650903689031939, 0.9133448873483535, 0.8229759841544937, 0.7543946521416192, 0.7348353552859619, 0.6885367665263679, 0.6395147313691508, 0.5704382272839812, 0.5211686060906164, 0.4520921020054469, 0.3790542213419163, 0.31814805644961625, 0.28224808120821987, 0.24907155236444664, 0.23124535776182223, 0.2218370883882149, 0.21564743748452586, 0.21317157712305027, 0.21218123297846, 0.2116860609061649, 0.21119088883386977, 0.21094330279772222, 0.21094330279772222, 0.21094330279772222, 0.21094330279772222, 0.21094330279772222, 0.21094330279772222, 0.21094330279772222, 0.21094330279772222, 0.21094330279772222, 0.21094330279772222, 0.21094330279772222, 0.21094330279772222]
list_num_black = [0.0002475860361475613, 0.0007427581084426838, 0.0022282743253280515, 0.010398613518197574, 0.03466204506065858, 0.08615994057935132, 0.17603367170091608, 0.24312948749690516, 0.254518445159693, 0.27655360237682597, 0.2738301559792028, 0.2525377568705125, 0.23322604605100272, 0.282743253280515, 0.3094825451844516, 0.3213666749195345, 0.2881901460757613, 0.2720970537261698, 0.22084674424362466, 0.1572171329537014, 0.10250061896509037, 0.06907650408516959, 0.03689031938598663, 0.01955929685565734, 0.010646199554345134, 0.004704134686803664, 0.0022282743253280515, 0.0012379301807378064, 0.0007427581084426838, 0.0002475860361475613, 0.0, 0.0, 0.0, 0.0, 0.0, 0.0, 0.0]
list_num_gray = [0.0, 0.0, 0.0, 0.0, 0.0, 0.0002475860361475613, 0.0007427581084426838, 0.0022282743253280515, 0.010398613518197574, 0.03466204506065858, 0.08640752661549889, 0.17677642980935876, 0.24535776182223323, 0.26491705867789056, 0.31121564743748453, 0.3602376825947017, 0.42931418667987126, 0.47858380787323596, 0.5476603119584056, 0.6206981926219362, 0.6816043575142362, 0.7175043327556326, 0.7506808615994058, 0.7685070562020302, 0.7779153255756376, 0.7841049764793265, 0.7865808368408022, 0.7875711809853925, 0.7880663530576876, 0.7885615251299827, 0.7888091111661303, 0.7888091111661303, 0.7888091111661303, 0.7888091111661303, 0.7888091111661303, 0.7888091111661303, 0.7888091111661303]
list_num_green = [0.0002475860361475613, 0.0002475860361475613, 0.0002475860361475613, 0.0002475860361475613, 0.0002475860361475613, 0.0002475860361475613, 0.0002475860361475613, 0.0002475860361475613, 0.0002475860361475613, 0.0002475860361475613, 0.0002475860361475613, 0.0002475860361475613, 0.0002475860361475613, 0.0002475860361475613, 0.0002475860361475613, 0.0002475860361475613, 0.0002475860361475613, 0.0002475860361475613, 0.0002475860361475613, 0.0002475860361475613, 0.0, 0.0, 0.0, 0.0, 0.0, 0.0, 0.0, 0.0, 0.0, 0.0, 0.0, 0.0, 0.0, 0.0, 0.0, 0.0, 0.0]
------------------------------------------- 
avg_list_num_white = [0.9995048279277049, 0.9990096558554099, 0.9975241396385243, 0.9893538004456549, 0.9650903689031939, 0.9133448873483535, 0.8229759841544936, 0.7543946521416193, 0.7348353552859619, 0.6885367665263679, 0.6395147313691508, 0.5704382272839812, 0.5211686060906163, 0.45209210200544697, 0.3790542213419163, 0.31814805644961625, 0.2822480812082198, 0.24907155236444664, 0.23124535776182223, 0.2218370883882149, 0.21564743748452586, 0.21317157712305027, 0.21218123297846, 0.2116860609061649, 0.2111908888338698, 0.21094330279772225, 0.21094330279772225, 0.21094330279772225, 0.21094330279772225, 0.21094330279772225, 0.21094330279772225, 0.21094330279772225, 0.21094330279772225, 0.21094330279772225, 0.21094330279772225, 0.21094330279772225, 0.21094330279772225]
avg_list_num_black = [0.0002475860361475613, 0.0007427581084426838, 0.0022282743253280515, 0.010398613518197574, 0.03466204506065857, 0.08615994057935132, 0.17603367170091608, 0.2431294874969052, 0.2545184451596931, 0.27655360237682597, 0.27383015597920274, 0.2525377568705125, 0.23322604605100272, 0.282743253280515, 0.3094825451844516, 0.3213666749195345, 0.2881901460757614, 0.2720970537261698, 0.22084674424362463, 0.1572171329537014, 0.10250061896509037, 0.06907650408516959, 0.03689031938598663, 0.01955929685565734, 0.010646199554345134, 0.004704134686803664, 0.0022282743253280515, 0.0012379301807378064, 0.0007427581084426838, 0.0002475860361475613, 0.0, 0.0, 0.0, 0.0, 0.0, 0.0, 0.0]
avg_list_num_gray = [0.0, 0.0, 0.0, 0.0, 0.0, 0.0002475860361475613, 0.0007427581084426838, 0.0022282743253280515, 0.010398613518197574, 0.03466204506065857, 0.08640752661549889, 0.1767764298093588, 0.2453577618222332, 0.26491705867789056, 0.31121564743748453, 0.36023768259470174, 0.42931418667987126, 0.4785838078732359, 0.5476603119584055, 0.6206981926219362, 0.6816043575142362, 0.7175043327556326, 0.750680861599406, 0.7685070562020302, 0.7779153255756376, 0.7841049764793265, 0.7865808368408022, 0.7875711809853926, 0.7880663530576876, 0.7885615251299827, 0.7888091111661303, 0.7888091111661303, 0.7888091111661303, 0.7888091111661303, 0.7888091111661303, 0.7888091111661303, 0.7888091111661303]
avg_list_num_green = [0.0002475860361475613, 0.0002475860361475613, 0.0002475860361475613, 0.0002475860361475613, 0.0002475860361475613, 0.0002475860361475613, 0.0002475860361475613, 0.0002475860361475613, 0.0002475860361475613, 0.0002475860361475613, 0.0002475860361475613, 0.0002475860361475613, 0.0002475860361475613, 0.0002475860361475613, 0.0002475860361475613, 0.0002475860361475613, 0.0002475860361475613, 0.0002475860361475613, 0.0002475860361475613, 0.0002475860361475613, 0.0, 0.0, 0.0, 0.0, 0.0, 0.0, 0.0, 0.0, 0.0, 0.0, 0.0, 0.0, 0.0, 0.0, 0.0, 0.0, 0.0]
------------------------------------------- 
