list_num_white = [0.9995048279277049, 0.9960386234216391, 0.9764793265659817, 0.8873483535528596, 0.8232235701906413, 0.7902946273830156, 0.7430056944788314, 0.686803664273335, 0.6065857885615251, 0.565981678633325, 0.5285961871750433, 0.48650656102995793, 0.45035899975241395, 0.4112404060410993, 0.38227283981183463, 0.35949492448625897, 0.3419163159197821, 0.32334736320871504, 0.3127011636543699, 0.30651151275068084, 0.3005694478831394, 0.2943797969794504, 0.28719980193117106, 0.2844763555335479, 0.28101015102748206, 0.2775439465214162, 0.27704877444912107, 0.2768011884129735, 0.2768011884129735, 0.2768011884129735, 0.2768011884129735, 0.2768011884129735, 0.2768011884129735, 0.2768011884129735, 0.2768011884129735, 0.2768011884129735, 0.2768011884129735]
list_num_black = [0.0002475860361475613, 0.0014855162168853676, 0.006932409012131715, 0.032433770735330526, 0.06189650903689032, 0.0824461500371379, 0.10027234463976231, 0.11017578608566476, 0.09408269373607328, 0.06709581579598911, 0.04803169101262689, 0.029710324337707355, 0.014855162168853677, 0.006932409012131715, 0.004704134686803664, 0.0029710324337707352, 0.0024758603614756128, 0.0019806882891804903, 0.0004951720722951226, 0.0002475860361475613, 0.0002475860361475613, 0.0, 0.0, 0.0, 0.0, 0.0, 0.0, 0.0, 0.0, 0.0, 0.0, 0.0, 0.0, 0.0, 0.0, 0.0, 0.0]
list_num_gray = [0.0, 0.0, 0.0, 0.0, 0.0, 0.0002475860361475613, 0.0014855162168853676, 0.006932409012131715, 0.032433770735330526, 0.06189650903689032, 0.08269373607328546, 0.10175786085664769, 0.11710819509779648, 0.1265164644714038, 0.12899232483287942, 0.13072542708591237, 0.13146818519435505, 0.13196335726665015, 0.13344887348353554, 0.1336964595196831, 0.1336964595196831, 0.13394404555583064, 0.13394404555583064, 0.13394404555583064, 0.13394404555583064, 0.13394404555583064, 0.13394404555583064, 0.13394404555583064, 0.13394404555583064, 0.13394404555583064, 0.13394404555583064, 0.13394404555583064, 0.13394404555583064, 0.13394404555583064, 0.13394404555583064, 0.13394404555583064, 0.13394404555583064]
list_num_green = [0.0002475860361475613, 0.0024758603614756128, 0.016588264421886604, 0.08021787571180986, 0.11487992077246843, 0.12676405050755138, 0.15276058430304532, 0.17949987620698193, 0.1866798712552612, 0.19014607576132705, 0.2136667491953454, 0.22678880911116614, 0.22158950235206734, 0.18841297350829414, 0.1790047041346868, 0.1661302302550136, 0.14211438474870017, 0.12503094825451844, 0.09804407031443427, 0.07551374102500619, 0.05867789056697202, 0.047536518940331764, 0.03614756127754395, 0.028224808120821985, 0.02550136172319881, 0.0230255013617232, 0.01733102253032929, 0.010398613518197574, 0.0076751671205743995, 0.004208962614508541, 0.0007427581084426838, 0.0002475860361475613, 0.0, 0.0, 0.0, 0.0, 0.0]
------------------------------------------- 
list_num_white = [0.9995048279277049, 0.9960386234216391, 0.9764793265659817, 0.8873483535528596, 0.8232235701906413, 0.7902946273830156, 0.7430056944788314, 0.686803664273335, 0.6065857885615251, 0.565981678633325, 0.5285961871750433, 0.48650656102995793, 0.45035899975241395, 0.4112404060410993, 0.38227283981183463, 0.35949492448625897, 0.3419163159197821, 0.32334736320871504, 0.3127011636543699, 0.30651151275068084, 0.3005694478831394, 0.2943797969794504, 0.28719980193117106, 0.2844763555335479, 0.28101015102748206, 0.2775439465214162, 0.27704877444912107, 0.2768011884129735, 0.2768011884129735, 0.2768011884129735, 0.2768011884129735, 0.2768011884129735, 0.2768011884129735, 0.2768011884129735, 0.2768011884129735, 0.2768011884129735, 0.2768011884129735]
list_num_black = [0.0002475860361475613, 0.0014855162168853676, 0.006932409012131715, 0.032433770735330526, 0.06189650903689032, 0.0824461500371379, 0.10027234463976231, 0.11017578608566476, 0.09408269373607328, 0.06709581579598911, 0.04803169101262689, 0.029710324337707355, 0.014855162168853677, 0.006932409012131715, 0.004704134686803664, 0.0029710324337707352, 0.0024758603614756128, 0.0019806882891804903, 0.0004951720722951226, 0.0002475860361475613, 0.0002475860361475613, 0.0, 0.0, 0.0, 0.0, 0.0, 0.0, 0.0, 0.0, 0.0, 0.0, 0.0, 0.0, 0.0, 0.0, 0.0, 0.0]
list_num_gray = [0.0, 0.0, 0.0, 0.0, 0.0, 0.0002475860361475613, 0.0014855162168853676, 0.006932409012131715, 0.032433770735330526, 0.06189650903689032, 0.08269373607328546, 0.10175786085664769, 0.11710819509779648, 0.1265164644714038, 0.12899232483287942, 0.13072542708591237, 0.13146818519435505, 0.13196335726665015, 0.13344887348353554, 0.1336964595196831, 0.1336964595196831, 0.13394404555583064, 0.13394404555583064, 0.13394404555583064, 0.13394404555583064, 0.13394404555583064, 0.13394404555583064, 0.13394404555583064, 0.13394404555583064, 0.13394404555583064, 0.13394404555583064, 0.13394404555583064, 0.13394404555583064, 0.13394404555583064, 0.13394404555583064, 0.13394404555583064, 0.13394404555583064]
list_num_green = [0.0002475860361475613, 0.0024758603614756128, 0.016588264421886604, 0.08021787571180986, 0.11487992077246843, 0.12676405050755138, 0.15276058430304532, 0.17949987620698193, 0.1866798712552612, 0.19014607576132705, 0.2136667491953454, 0.22678880911116614, 0.22158950235206734, 0.18841297350829414, 0.1790047041346868, 0.1661302302550136, 0.14211438474870017, 0.12503094825451844, 0.09804407031443427, 0.07551374102500619, 0.05867789056697202, 0.047536518940331764, 0.03614756127754395, 0.028224808120821985, 0.02550136172319881, 0.0230255013617232, 0.01733102253032929, 0.010398613518197574, 0.0076751671205743995, 0.004208962614508541, 0.0007427581084426838, 0.0002475860361475613, 0.0, 0.0, 0.0, 0.0, 0.0]
------------------------------------------- 
list_num_white = [0.9995048279277049, 0.9960386234216391, 0.9764793265659817, 0.8873483535528596, 0.8232235701906413, 0.7902946273830156, 0.7430056944788314, 0.686803664273335, 0.6065857885615251, 0.565981678633325, 0.5285961871750433, 0.48650656102995793, 0.45035899975241395, 0.4112404060410993, 0.38227283981183463, 0.35949492448625897, 0.3419163159197821, 0.32334736320871504, 0.3127011636543699, 0.30651151275068084, 0.3005694478831394, 0.2943797969794504, 0.28719980193117106, 0.2844763555335479, 0.28101015102748206, 0.2775439465214162, 0.27704877444912107, 0.2768011884129735, 0.2768011884129735, 0.2768011884129735, 0.2768011884129735, 0.2768011884129735, 0.2768011884129735, 0.2768011884129735, 0.2768011884129735, 0.2768011884129735, 0.2768011884129735]
list_num_black = [0.0002475860361475613, 0.0014855162168853676, 0.006932409012131715, 0.032433770735330526, 0.06189650903689032, 0.0824461500371379, 0.10027234463976231, 0.11017578608566476, 0.09408269373607328, 0.06709581579598911, 0.04803169101262689, 0.029710324337707355, 0.014855162168853677, 0.006932409012131715, 0.004704134686803664, 0.0029710324337707352, 0.0024758603614756128, 0.0019806882891804903, 0.0004951720722951226, 0.0002475860361475613, 0.0002475860361475613, 0.0, 0.0, 0.0, 0.0, 0.0, 0.0, 0.0, 0.0, 0.0, 0.0, 0.0, 0.0, 0.0, 0.0, 0.0, 0.0]
list_num_gray = [0.0, 0.0, 0.0, 0.0, 0.0, 0.0002475860361475613, 0.0014855162168853676, 0.006932409012131715, 0.032433770735330526, 0.06189650903689032, 0.08269373607328546, 0.10175786085664769, 0.11710819509779648, 0.1265164644714038, 0.12899232483287942, 0.13072542708591237, 0.13146818519435505, 0.13196335726665015, 0.13344887348353554, 0.1336964595196831, 0.1336964595196831, 0.13394404555583064, 0.13394404555583064, 0.13394404555583064, 0.13394404555583064, 0.13394404555583064, 0.13394404555583064, 0.13394404555583064, 0.13394404555583064, 0.13394404555583064, 0.13394404555583064, 0.13394404555583064, 0.13394404555583064, 0.13394404555583064, 0.13394404555583064, 0.13394404555583064, 0.13394404555583064]
list_num_green = [0.0002475860361475613, 0.0024758603614756128, 0.016588264421886604, 0.08021787571180986, 0.11487992077246843, 0.12676405050755138, 0.15276058430304532, 0.17949987620698193, 0.1866798712552612, 0.19014607576132705, 0.2136667491953454, 0.22678880911116614, 0.22158950235206734, 0.18841297350829414, 0.1790047041346868, 0.1661302302550136, 0.14211438474870017, 0.12503094825451844, 0.09804407031443427, 0.07551374102500619, 0.05867789056697202, 0.047536518940331764, 0.03614756127754395, 0.028224808120821985, 0.02550136172319881, 0.0230255013617232, 0.01733102253032929, 0.010398613518197574, 0.0076751671205743995, 0.004208962614508541, 0.0007427581084426838, 0.0002475860361475613, 0.0, 0.0, 0.0, 0.0, 0.0]
------------------------------------------- 
list_num_white = [0.9995048279277049, 0.9960386234216391, 0.9764793265659817, 0.8873483535528596, 0.8232235701906413, 0.7902946273830156, 0.7430056944788314, 0.686803664273335, 0.6065857885615251, 0.565981678633325, 0.5285961871750433, 0.48650656102995793, 0.45035899975241395, 0.4112404060410993, 0.38227283981183463, 0.35949492448625897, 0.3419163159197821, 0.32334736320871504, 0.3127011636543699, 0.30651151275068084, 0.3005694478831394, 0.2943797969794504, 0.28719980193117106, 0.2844763555335479, 0.28101015102748206, 0.2775439465214162, 0.27704877444912107, 0.2768011884129735, 0.2768011884129735, 0.2768011884129735, 0.2768011884129735, 0.2768011884129735, 0.2768011884129735, 0.2768011884129735, 0.2768011884129735, 0.2768011884129735, 0.2768011884129735]
list_num_black = [0.0002475860361475613, 0.0014855162168853676, 0.006932409012131715, 0.032433770735330526, 0.06189650903689032, 0.0824461500371379, 0.10027234463976231, 0.11017578608566476, 0.09408269373607328, 0.06709581579598911, 0.04803169101262689, 0.029710324337707355, 0.014855162168853677, 0.006932409012131715, 0.004704134686803664, 0.0029710324337707352, 0.0024758603614756128, 0.0019806882891804903, 0.0004951720722951226, 0.0002475860361475613, 0.0002475860361475613, 0.0, 0.0, 0.0, 0.0, 0.0, 0.0, 0.0, 0.0, 0.0, 0.0, 0.0, 0.0, 0.0, 0.0, 0.0, 0.0]
list_num_gray = [0.0, 0.0, 0.0, 0.0, 0.0, 0.0002475860361475613, 0.0014855162168853676, 0.006932409012131715, 0.032433770735330526, 0.06189650903689032, 0.08269373607328546, 0.10175786085664769, 0.11710819509779648, 0.1265164644714038, 0.12899232483287942, 0.13072542708591237, 0.13146818519435505, 0.13196335726665015, 0.13344887348353554, 0.1336964595196831, 0.1336964595196831, 0.13394404555583064, 0.13394404555583064, 0.13394404555583064, 0.13394404555583064, 0.13394404555583064, 0.13394404555583064, 0.13394404555583064, 0.13394404555583064, 0.13394404555583064, 0.13394404555583064, 0.13394404555583064, 0.13394404555583064, 0.13394404555583064, 0.13394404555583064, 0.13394404555583064, 0.13394404555583064]
list_num_green = [0.0002475860361475613, 0.0024758603614756128, 0.016588264421886604, 0.08021787571180986, 0.11487992077246843, 0.12676405050755138, 0.15276058430304532, 0.17949987620698193, 0.1866798712552612, 0.19014607576132705, 0.2136667491953454, 0.22678880911116614, 0.22158950235206734, 0.18841297350829414, 0.1790047041346868, 0.1661302302550136, 0.14211438474870017, 0.12503094825451844, 0.09804407031443427, 0.07551374102500619, 0.05867789056697202, 0.047536518940331764, 0.03614756127754395, 0.028224808120821985, 0.02550136172319881, 0.0230255013617232, 0.01733102253032929, 0.010398613518197574, 0.0076751671205743995, 0.004208962614508541, 0.0007427581084426838, 0.0002475860361475613, 0.0, 0.0, 0.0, 0.0, 0.0]
------------------------------------------- 
list_num_white = [0.9995048279277049, 0.9960386234216391, 0.9764793265659817, 0.8873483535528596, 0.8232235701906413, 0.7902946273830156, 0.7430056944788314, 0.686803664273335, 0.6065857885615251, 0.565981678633325, 0.5285961871750433, 0.48650656102995793, 0.45035899975241395, 0.4112404060410993, 0.38227283981183463, 0.35949492448625897, 0.3419163159197821, 0.32334736320871504, 0.3127011636543699, 0.30651151275068084, 0.3005694478831394, 0.2943797969794504, 0.28719980193117106, 0.2844763555335479, 0.28101015102748206, 0.2775439465214162, 0.27704877444912107, 0.2768011884129735, 0.2768011884129735, 0.2768011884129735, 0.2768011884129735, 0.2768011884129735, 0.2768011884129735, 0.2768011884129735, 0.2768011884129735, 0.2768011884129735, 0.2768011884129735]
list_num_black = [0.0002475860361475613, 0.0014855162168853676, 0.006932409012131715, 0.032433770735330526, 0.06189650903689032, 0.0824461500371379, 0.10027234463976231, 0.11017578608566476, 0.09408269373607328, 0.06709581579598911, 0.04803169101262689, 0.029710324337707355, 0.014855162168853677, 0.006932409012131715, 0.004704134686803664, 0.0029710324337707352, 0.0024758603614756128, 0.0019806882891804903, 0.0004951720722951226, 0.0002475860361475613, 0.0002475860361475613, 0.0, 0.0, 0.0, 0.0, 0.0, 0.0, 0.0, 0.0, 0.0, 0.0, 0.0, 0.0, 0.0, 0.0, 0.0, 0.0]
list_num_gray = [0.0, 0.0, 0.0, 0.0, 0.0, 0.0002475860361475613, 0.0014855162168853676, 0.006932409012131715, 0.032433770735330526, 0.06189650903689032, 0.08269373607328546, 0.10175786085664769, 0.11710819509779648, 0.1265164644714038, 0.12899232483287942, 0.13072542708591237, 0.13146818519435505, 0.13196335726665015, 0.13344887348353554, 0.1336964595196831, 0.1336964595196831, 0.13394404555583064, 0.13394404555583064, 0.13394404555583064, 0.13394404555583064, 0.13394404555583064, 0.13394404555583064, 0.13394404555583064, 0.13394404555583064, 0.13394404555583064, 0.13394404555583064, 0.13394404555583064, 0.13394404555583064, 0.13394404555583064, 0.13394404555583064, 0.13394404555583064, 0.13394404555583064]
list_num_green = [0.0002475860361475613, 0.0024758603614756128, 0.016588264421886604, 0.08021787571180986, 0.11487992077246843, 0.12676405050755138, 0.15276058430304532, 0.17949987620698193, 0.1866798712552612, 0.19014607576132705, 0.2136667491953454, 0.22678880911116614, 0.22158950235206734, 0.18841297350829414, 0.1790047041346868, 0.1661302302550136, 0.14211438474870017, 0.12503094825451844, 0.09804407031443427, 0.07551374102500619, 0.05867789056697202, 0.047536518940331764, 0.03614756127754395, 0.028224808120821985, 0.02550136172319881, 0.0230255013617232, 0.01733102253032929, 0.010398613518197574, 0.0076751671205743995, 0.004208962614508541, 0.0007427581084426838, 0.0002475860361475613, 0.0, 0.0, 0.0, 0.0, 0.0]
------------------------------------------- 
list_num_white = [0.9995048279277049, 0.9960386234216391, 0.9764793265659817, 0.8873483535528596, 0.8232235701906413, 0.7902946273830156, 0.7430056944788314, 0.686803664273335, 0.6065857885615251, 0.565981678633325, 0.5285961871750433, 0.48650656102995793, 0.45035899975241395, 0.4112404060410993, 0.38227283981183463, 0.35949492448625897, 0.3419163159197821, 0.32334736320871504, 0.3127011636543699, 0.30651151275068084, 0.3005694478831394, 0.2943797969794504, 0.28719980193117106, 0.2844763555335479, 0.28101015102748206, 0.2775439465214162, 0.27704877444912107, 0.2768011884129735, 0.2768011884129735, 0.2768011884129735, 0.2768011884129735, 0.2768011884129735, 0.2768011884129735, 0.2768011884129735, 0.2768011884129735, 0.2768011884129735, 0.2768011884129735]
list_num_black = [0.0002475860361475613, 0.0014855162168853676, 0.006932409012131715, 0.032433770735330526, 0.06189650903689032, 0.0824461500371379, 0.10027234463976231, 0.11017578608566476, 0.09408269373607328, 0.06709581579598911, 0.04803169101262689, 0.029710324337707355, 0.014855162168853677, 0.006932409012131715, 0.004704134686803664, 0.0029710324337707352, 0.0024758603614756128, 0.0019806882891804903, 0.0004951720722951226, 0.0002475860361475613, 0.0002475860361475613, 0.0, 0.0, 0.0, 0.0, 0.0, 0.0, 0.0, 0.0, 0.0, 0.0, 0.0, 0.0, 0.0, 0.0, 0.0, 0.0]
list_num_gray = [0.0, 0.0, 0.0, 0.0, 0.0, 0.0002475860361475613, 0.0014855162168853676, 0.006932409012131715, 0.032433770735330526, 0.06189650903689032, 0.08269373607328546, 0.10175786085664769, 0.11710819509779648, 0.1265164644714038, 0.12899232483287942, 0.13072542708591237, 0.13146818519435505, 0.13196335726665015, 0.13344887348353554, 0.1336964595196831, 0.1336964595196831, 0.13394404555583064, 0.13394404555583064, 0.13394404555583064, 0.13394404555583064, 0.13394404555583064, 0.13394404555583064, 0.13394404555583064, 0.13394404555583064, 0.13394404555583064, 0.13394404555583064, 0.13394404555583064, 0.13394404555583064, 0.13394404555583064, 0.13394404555583064, 0.13394404555583064, 0.13394404555583064]
list_num_green = [0.0002475860361475613, 0.0024758603614756128, 0.016588264421886604, 0.08021787571180986, 0.11487992077246843, 0.12676405050755138, 0.15276058430304532, 0.17949987620698193, 0.1866798712552612, 0.19014607576132705, 0.2136667491953454, 0.22678880911116614, 0.22158950235206734, 0.18841297350829414, 0.1790047041346868, 0.1661302302550136, 0.14211438474870017, 0.12503094825451844, 0.09804407031443427, 0.07551374102500619, 0.05867789056697202, 0.047536518940331764, 0.03614756127754395, 0.028224808120821985, 0.02550136172319881, 0.0230255013617232, 0.01733102253032929, 0.010398613518197574, 0.0076751671205743995, 0.004208962614508541, 0.0007427581084426838, 0.0002475860361475613, 0.0, 0.0, 0.0, 0.0, 0.0]
------------------------------------------- 
avg_list_num_white = [0.9995048279277049, 0.9960386234216391, 0.9764793265659817, 0.8873483535528596, 0.8232235701906413, 0.7902946273830156, 0.7430056944788314, 0.686803664273335, 0.6065857885615252, 0.565981678633325, 0.5285961871750433, 0.48650656102995793, 0.45035899975241395, 0.4112404060410993, 0.38227283981183463, 0.3594949244862589, 0.34191631591978217, 0.3233473632087151, 0.3127011636543699, 0.30651151275068084, 0.3005694478831394, 0.2943797969794504, 0.28719980193117106, 0.2844763555335479, 0.28101015102748206, 0.2775439465214162, 0.27704877444912107, 0.2768011884129735, 0.2768011884129735, 0.2768011884129735, 0.2768011884129735, 0.2768011884129735, 0.2768011884129735, 0.2768011884129735, 0.2768011884129735, 0.2768011884129735, 0.2768011884129735]
avg_list_num_black = [0.0002475860361475613, 0.0014855162168853676, 0.006932409012131715, 0.032433770735330526, 0.06189650903689032, 0.0824461500371379, 0.10027234463976231, 0.11017578608566476, 0.09408269373607327, 0.06709581579598911, 0.04803169101262689, 0.029710324337707355, 0.014855162168853677, 0.006932409012131715, 0.004704134686803664, 0.0029710324337707352, 0.0024758603614756128, 0.0019806882891804903, 0.0004951720722951226, 0.0002475860361475613, 0.0002475860361475613, 0.0, 0.0, 0.0, 0.0, 0.0, 0.0, 0.0, 0.0, 0.0, 0.0, 0.0, 0.0, 0.0, 0.0, 0.0, 0.0]
avg_list_num_gray = [0.0, 0.0, 0.0, 0.0, 0.0, 0.0002475860361475613, 0.0014855162168853676, 0.006932409012131715, 0.032433770735330526, 0.06189650903689032, 0.08269373607328546, 0.10175786085664769, 0.11710819509779648, 0.12651646447140383, 0.12899232483287945, 0.13072542708591237, 0.13146818519435507, 0.13196335726665012, 0.13344887348353554, 0.1336964595196831, 0.1336964595196831, 0.13394404555583064, 0.13394404555583064, 0.13394404555583064, 0.13394404555583064, 0.13394404555583064, 0.13394404555583064, 0.13394404555583064, 0.13394404555583064, 0.13394404555583064, 0.13394404555583064, 0.13394404555583064, 0.13394404555583064, 0.13394404555583064, 0.13394404555583064, 0.13394404555583064, 0.13394404555583064]
avg_list_num_green = [0.0002475860361475613, 0.0024758603614756128, 0.016588264421886604, 0.08021787571180984, 0.11487992077246843, 0.12676405050755138, 0.15276058430304532, 0.17949987620698193, 0.1866798712552612, 0.19014607576132705, 0.21366674919534542, 0.22678880911116614, 0.22158950235206734, 0.18841297350829414, 0.1790047041346868, 0.1661302302550136, 0.14211438474870017, 0.12503094825451844, 0.09804407031443428, 0.07551374102500619, 0.05867789056697203, 0.047536518940331764, 0.03614756127754395, 0.028224808120821985, 0.02550136172319881, 0.0230255013617232, 0.017331022530329285, 0.010398613518197574, 0.0076751671205744, 0.004208962614508541, 0.0007427581084426838, 0.0002475860361475613, 0.0, 0.0, 0.0, 0.0, 0.0]
------------------------------------------- 
