list_num_white = [0.9999877007846899, 0.9998770078468994, 0.9987946768996138, 0.9947236366319829, 0.9781688928246378, 0.9396108528275896, 0.8861338646594348, 0.8103583991341352, 0.7108577472757238, 0.6194007822300938, 0.5459867660443264, 0.49656851892849235, 0.46794824490197523, 0.45037266622389494, 0.4387745061865053, 0.4310997958330259, 0.4255159520822572, 0.42107593535532434, 0.41765675349912673, 0.4150616190687034, 0.41358571323149584, 0.4123557917004895, 0.41119966546134357, 0.410314121959019, 0.40969916119351585, 0.409342483949524, 0.4090842004280127, 0.408948909059602, 0.4088259169065014, 0.4086783263227806, 0.40833394829409886, 0.4080879639878976, 0.40798957026541705, 0.40795267261948687, 0.4079403734041768, 0.4079403734041768, 0.4079403734041768, 0.4079403734041768, 0.4079403734041768, 0.4079403734041768, 0.4079403734041768, 0.4079403734041768, 0.4079403734041768]
list_num_red = [1.2299215310063217e-05, 0.00012299215310063218, 0.0012053231003861953, 0.00527636336801712, 0.021831107175362213, 0.060376847957100334, 0.11374314318746465, 0.18843627776547855, 0.28386588935625906, 0.35876811059454405, 0.3936240867832632, 0.38956534573094237, 0.34241015423216, 0.2604850810518289, 0.1806262760435884, 0.11488697021130052, 0.0710525668462352, 0.04687230954665093, 0.03271591272476816, 0.023712887117801885, 0.017514082601530024, 0.013160160381767642, 0.009876269893980764, 0.007342631540107741, 0.005362457875187563, 0.00424322928197181, 0.003271591272476816, 0.002250756401741569, 0.0014882050525176493, 0.0010208348707352471, 0.0010085356554251838, 0.0009962364401151207, 0.000959338794184931, 0.0008732442870144885, 0.0007379529186037931, 0.00039357488992202295, 0.00014759058372075862, 4.919686124025287e-05, 1.2299215310063217e-05, 0.0, 0.0, 0.0, 0.0]
list_num_orange = [0.0, 0.0, 0.0, 0.0, 0.0, 1.2299215310063217e-05, 0.00012299215310063218, 0.0012053231003861953, 0.00527636336801712, 0.021831107175362213, 0.0603891471724104, 0.11386613534056528, 0.18964160086586476, 0.2891422527242762, 0.3805992177699063, 0.4540132339556736, 0.5034314810715076, 0.5320517550980247, 0.5496273337761051, 0.5612254938134947, 0.5689002041669742, 0.5744840479177429, 0.5789240646446757, 0.5823432465008732, 0.5849383809312966, 0.5864142867685042, 0.5876442082995105, 0.5888003345386564, 0.5896858780409809, 0.5903008388064841, 0.590657516050476, 0.5909157995719873, 0.591051090940398, 0.5911740830934986, 0.5913216736772194, 0.5916660517059011, 0.5919120360121024, 0.592010429734583, 0.5920473273805131, 0.5920596265958232, 0.5920596265958232, 0.5920596265958232, 0.5920596265958232]
list_num_green = [0.0, 0.0, 0.0, 0.0, 0.0, 0.0, 0.0, 0.0, 0.0, 0.0, 0.0, 0.0, 0.0, 0.0, 0.0, 0.0, 0.0, 0.0, 0.0, 0.0, 0.0, 0.0, 0.0, 0.0, 0.0, 0.0, 0.0, 0.0, 0.0, 0.0, 0.0, 0.0, 0.0, 0.0, 0.0, 0.0, 0.0, 0.0, 0.0, 0.0, 0.0, 0.0, 0.0]
------------------------------------------- 
list_num_white = [0.9999877007846899, 0.9998770078468994, 0.9987946768996138, 0.9947236366319829, 0.9781688928246378, 0.9396108528275896, 0.8861338646594348, 0.8103583991341352, 0.7108577472757238, 0.6194007822300938, 0.5459867660443264, 0.49656851892849235, 0.46794824490197523, 0.45037266622389494, 0.4387745061865053, 0.4310997958330259, 0.4255159520822572, 0.42107593535532434, 0.41765675349912673, 0.4150616190687034, 0.41358571323149584, 0.4123557917004895, 0.41119966546134357, 0.410314121959019, 0.40969916119351585, 0.409342483949524, 0.4090842004280127, 0.408948909059602, 0.4088259169065014, 0.4086783263227806, 0.40833394829409886, 0.4080879639878976, 0.40798957026541705, 0.40795267261948687, 0.4079403734041768, 0.4079403734041768, 0.4079403734041768, 0.4079403734041768, 0.4079403734041768, 0.4079403734041768, 0.4079403734041768, 0.4079403734041768, 0.4079403734041768]
list_num_red = [1.2299215310063217e-05, 0.00012299215310063218, 0.0012053231003861953, 0.00527636336801712, 0.021831107175362213, 0.060376847957100334, 0.11374314318746465, 0.18843627776547855, 0.28386588935625906, 0.35876811059454405, 0.3936240867832632, 0.38956534573094237, 0.34241015423216, 0.2604850810518289, 0.1806262760435884, 0.11488697021130052, 0.0710525668462352, 0.04687230954665093, 0.03271591272476816, 0.023712887117801885, 0.017514082601530024, 0.013160160381767642, 0.009876269893980764, 0.007342631540107741, 0.005362457875187563, 0.00424322928197181, 0.003271591272476816, 0.002250756401741569, 0.0014882050525176493, 0.0010208348707352471, 0.0010085356554251838, 0.0009962364401151207, 0.000959338794184931, 0.0008732442870144885, 0.0007379529186037931, 0.00039357488992202295, 0.00014759058372075862, 4.919686124025287e-05, 1.2299215310063217e-05, 0.0, 0.0, 0.0, 0.0]
list_num_orange = [0.0, 0.0, 0.0, 0.0, 0.0, 1.2299215310063217e-05, 0.00012299215310063218, 0.0012053231003861953, 0.00527636336801712, 0.021831107175362213, 0.0603891471724104, 0.11386613534056528, 0.18964160086586476, 0.2891422527242762, 0.3805992177699063, 0.4540132339556736, 0.5034314810715076, 0.5320517550980247, 0.5496273337761051, 0.5612254938134947, 0.5689002041669742, 0.5744840479177429, 0.5789240646446757, 0.5823432465008732, 0.5849383809312966, 0.5864142867685042, 0.5876442082995105, 0.5888003345386564, 0.5896858780409809, 0.5903008388064841, 0.590657516050476, 0.5909157995719873, 0.591051090940398, 0.5911740830934986, 0.5913216736772194, 0.5916660517059011, 0.5919120360121024, 0.592010429734583, 0.5920473273805131, 0.5920596265958232, 0.5920596265958232, 0.5920596265958232, 0.5920596265958232]
list_num_green = [0.0, 0.0, 0.0, 0.0, 0.0, 0.0, 0.0, 0.0, 0.0, 0.0, 0.0, 0.0, 0.0, 0.0, 0.0, 0.0, 0.0, 0.0, 0.0, 0.0, 0.0, 0.0, 0.0, 0.0, 0.0, 0.0, 0.0, 0.0, 0.0, 0.0, 0.0, 0.0, 0.0, 0.0, 0.0, 0.0, 0.0, 0.0, 0.0, 0.0, 0.0, 0.0, 0.0]
------------------------------------------- 
list_num_white = [0.9999877007846899, 0.9998770078468994, 0.9987946768996138, 0.9947236366319829, 0.9781688928246378, 0.9396108528275896, 0.8861338646594348, 0.8103583991341352, 0.7108577472757238, 0.6194007822300938, 0.5459867660443264, 0.49656851892849235, 0.46794824490197523, 0.45037266622389494, 0.4387745061865053, 0.4310997958330259, 0.4255159520822572, 0.42107593535532434, 0.41765675349912673, 0.4150616190687034, 0.41358571323149584, 0.4123557917004895, 0.41119966546134357, 0.410314121959019, 0.40969916119351585, 0.409342483949524, 0.4090842004280127, 0.408948909059602, 0.4088259169065014, 0.4086783263227806, 0.40833394829409886, 0.4080879639878976, 0.40798957026541705, 0.40795267261948687, 0.4079403734041768, 0.4079403734041768, 0.4079403734041768, 0.4079403734041768, 0.4079403734041768, 0.4079403734041768, 0.4079403734041768, 0.4079403734041768, 0.4079403734041768]
list_num_red = [1.2299215310063217e-05, 0.00012299215310063218, 0.0012053231003861953, 0.00527636336801712, 0.021831107175362213, 0.060376847957100334, 0.11374314318746465, 0.18843627776547855, 0.28386588935625906, 0.35876811059454405, 0.3936240867832632, 0.38956534573094237, 0.34241015423216, 0.2604850810518289, 0.1806262760435884, 0.11488697021130052, 0.0710525668462352, 0.04687230954665093, 0.03271591272476816, 0.023712887117801885, 0.017514082601530024, 0.013160160381767642, 0.009876269893980764, 0.007342631540107741, 0.005362457875187563, 0.00424322928197181, 0.003271591272476816, 0.002250756401741569, 0.0014882050525176493, 0.0010208348707352471, 0.0010085356554251838, 0.0009962364401151207, 0.000959338794184931, 0.0008732442870144885, 0.0007379529186037931, 0.00039357488992202295, 0.00014759058372075862, 4.919686124025287e-05, 1.2299215310063217e-05, 0.0, 0.0, 0.0, 0.0]
list_num_orange = [0.0, 0.0, 0.0, 0.0, 0.0, 1.2299215310063217e-05, 0.00012299215310063218, 0.0012053231003861953, 0.00527636336801712, 0.021831107175362213, 0.0603891471724104, 0.11386613534056528, 0.18964160086586476, 0.2891422527242762, 0.3805992177699063, 0.4540132339556736, 0.5034314810715076, 0.5320517550980247, 0.5496273337761051, 0.5612254938134947, 0.5689002041669742, 0.5744840479177429, 0.5789240646446757, 0.5823432465008732, 0.5849383809312966, 0.5864142867685042, 0.5876442082995105, 0.5888003345386564, 0.5896858780409809, 0.5903008388064841, 0.590657516050476, 0.5909157995719873, 0.591051090940398, 0.5911740830934986, 0.5913216736772194, 0.5916660517059011, 0.5919120360121024, 0.592010429734583, 0.5920473273805131, 0.5920596265958232, 0.5920596265958232, 0.5920596265958232, 0.5920596265958232]
list_num_green = [0.0, 0.0, 0.0, 0.0, 0.0, 0.0, 0.0, 0.0, 0.0, 0.0, 0.0, 0.0, 0.0, 0.0, 0.0, 0.0, 0.0, 0.0, 0.0, 0.0, 0.0, 0.0, 0.0, 0.0, 0.0, 0.0, 0.0, 0.0, 0.0, 0.0, 0.0, 0.0, 0.0, 0.0, 0.0, 0.0, 0.0, 0.0, 0.0, 0.0, 0.0, 0.0, 0.0]
------------------------------------------- 
list_num_white = [0.9999877007846899, 0.9998770078468994, 0.9987946768996138, 0.9947236366319829, 0.9781688928246378, 0.9396108528275896, 0.8861338646594348, 0.8103583991341352, 0.7108577472757238, 0.6194007822300938, 0.5459867660443264, 0.49656851892849235, 0.46794824490197523, 0.45037266622389494, 0.4387745061865053, 0.4310997958330259, 0.4255159520822572, 0.42107593535532434, 0.41765675349912673, 0.4150616190687034, 0.41358571323149584, 0.4123557917004895, 0.41119966546134357, 0.410314121959019, 0.40969916119351585, 0.409342483949524, 0.4090842004280127, 0.408948909059602, 0.4088259169065014, 0.4086783263227806, 0.40833394829409886, 0.4080879639878976, 0.40798957026541705, 0.40795267261948687, 0.4079403734041768, 0.4079403734041768, 0.4079403734041768, 0.4079403734041768, 0.4079403734041768, 0.4079403734041768, 0.4079403734041768, 0.4079403734041768, 0.4079403734041768]
list_num_red = [1.2299215310063217e-05, 0.00012299215310063218, 0.0012053231003861953, 0.00527636336801712, 0.021831107175362213, 0.060376847957100334, 0.11374314318746465, 0.18843627776547855, 0.28386588935625906, 0.35876811059454405, 0.3936240867832632, 0.38956534573094237, 0.34241015423216, 0.2604850810518289, 0.1806262760435884, 0.11488697021130052, 0.0710525668462352, 0.04687230954665093, 0.03271591272476816, 0.023712887117801885, 0.017514082601530024, 0.013160160381767642, 0.009876269893980764, 0.007342631540107741, 0.005362457875187563, 0.00424322928197181, 0.003271591272476816, 0.002250756401741569, 0.0014882050525176493, 0.0010208348707352471, 0.0010085356554251838, 0.0009962364401151207, 0.000959338794184931, 0.0008732442870144885, 0.0007379529186037931, 0.00039357488992202295, 0.00014759058372075862, 4.919686124025287e-05, 1.2299215310063217e-05, 0.0, 0.0, 0.0, 0.0]
list_num_orange = [0.0, 0.0, 0.0, 0.0, 0.0, 1.2299215310063217e-05, 0.00012299215310063218, 0.0012053231003861953, 0.00527636336801712, 0.021831107175362213, 0.0603891471724104, 0.11386613534056528, 0.18964160086586476, 0.2891422527242762, 0.3805992177699063, 0.4540132339556736, 0.5034314810715076, 0.5320517550980247, 0.5496273337761051, 0.5612254938134947, 0.5689002041669742, 0.5744840479177429, 0.5789240646446757, 0.5823432465008732, 0.5849383809312966, 0.5864142867685042, 0.5876442082995105, 0.5888003345386564, 0.5896858780409809, 0.5903008388064841, 0.590657516050476, 0.5909157995719873, 0.591051090940398, 0.5911740830934986, 0.5913216736772194, 0.5916660517059011, 0.5919120360121024, 0.592010429734583, 0.5920473273805131, 0.5920596265958232, 0.5920596265958232, 0.5920596265958232, 0.5920596265958232]
list_num_green = [0.0, 0.0, 0.0, 0.0, 0.0, 0.0, 0.0, 0.0, 0.0, 0.0, 0.0, 0.0, 0.0, 0.0, 0.0, 0.0, 0.0, 0.0, 0.0, 0.0, 0.0, 0.0, 0.0, 0.0, 0.0, 0.0, 0.0, 0.0, 0.0, 0.0, 0.0, 0.0, 0.0, 0.0, 0.0, 0.0, 0.0, 0.0, 0.0, 0.0, 0.0, 0.0, 0.0]
------------------------------------------- 
list_num_white = [0.9999877007846899, 0.9998770078468994, 0.9987946768996138, 0.9947236366319829, 0.9781688928246378, 0.9396108528275896, 0.8861338646594348, 0.8103583991341352, 0.7108577472757238, 0.6194007822300938, 0.5459867660443264, 0.49656851892849235, 0.46794824490197523, 0.45037266622389494, 0.4387745061865053, 0.4310997958330259, 0.4255159520822572, 0.42107593535532434, 0.41765675349912673, 0.4150616190687034, 0.41358571323149584, 0.4123557917004895, 0.41119966546134357, 0.410314121959019, 0.40969916119351585, 0.409342483949524, 0.4090842004280127, 0.408948909059602, 0.4088259169065014, 0.4086783263227806, 0.40833394829409886, 0.4080879639878976, 0.40798957026541705, 0.40795267261948687, 0.4079403734041768, 0.4079403734041768, 0.4079403734041768, 0.4079403734041768, 0.4079403734041768, 0.4079403734041768, 0.4079403734041768, 0.4079403734041768, 0.4079403734041768]
list_num_red = [1.2299215310063217e-05, 0.00012299215310063218, 0.0012053231003861953, 0.00527636336801712, 0.021831107175362213, 0.060376847957100334, 0.11374314318746465, 0.18843627776547855, 0.28386588935625906, 0.35876811059454405, 0.3936240867832632, 0.38956534573094237, 0.34241015423216, 0.2604850810518289, 0.1806262760435884, 0.11488697021130052, 0.0710525668462352, 0.04687230954665093, 0.03271591272476816, 0.023712887117801885, 0.017514082601530024, 0.013160160381767642, 0.009876269893980764, 0.007342631540107741, 0.005362457875187563, 0.00424322928197181, 0.003271591272476816, 0.002250756401741569, 0.0014882050525176493, 0.0010208348707352471, 0.0010085356554251838, 0.0009962364401151207, 0.000959338794184931, 0.0008732442870144885, 0.0007379529186037931, 0.00039357488992202295, 0.00014759058372075862, 4.919686124025287e-05, 1.2299215310063217e-05, 0.0, 0.0, 0.0, 0.0]
list_num_orange = [0.0, 0.0, 0.0, 0.0, 0.0, 1.2299215310063217e-05, 0.00012299215310063218, 0.0012053231003861953, 0.00527636336801712, 0.021831107175362213, 0.0603891471724104, 0.11386613534056528, 0.18964160086586476, 0.2891422527242762, 0.3805992177699063, 0.4540132339556736, 0.5034314810715076, 0.5320517550980247, 0.5496273337761051, 0.5612254938134947, 0.5689002041669742, 0.5744840479177429, 0.5789240646446757, 0.5823432465008732, 0.5849383809312966, 0.5864142867685042, 0.5876442082995105, 0.5888003345386564, 0.5896858780409809, 0.5903008388064841, 0.590657516050476, 0.5909157995719873, 0.591051090940398, 0.5911740830934986, 0.5913216736772194, 0.5916660517059011, 0.5919120360121024, 0.592010429734583, 0.5920473273805131, 0.5920596265958232, 0.5920596265958232, 0.5920596265958232, 0.5920596265958232]
list_num_green = [0.0, 0.0, 0.0, 0.0, 0.0, 0.0, 0.0, 0.0, 0.0, 0.0, 0.0, 0.0, 0.0, 0.0, 0.0, 0.0, 0.0, 0.0, 0.0, 0.0, 0.0, 0.0, 0.0, 0.0, 0.0, 0.0, 0.0, 0.0, 0.0, 0.0, 0.0, 0.0, 0.0, 0.0, 0.0, 0.0, 0.0, 0.0, 0.0, 0.0, 0.0, 0.0, 0.0]
------------------------------------------- 
list_num_white = [0.9999877007846899, 0.9998770078468994, 0.9987946768996138, 0.9947236366319829, 0.9781688928246378, 0.9396108528275896, 0.8861338646594348, 0.8103583991341352, 0.7108577472757238, 0.6194007822300938, 0.5459867660443264, 0.49656851892849235, 0.46794824490197523, 0.45037266622389494, 0.4387745061865053, 0.4310997958330259, 0.4255159520822572, 0.42107593535532434, 0.41765675349912673, 0.4150616190687034, 0.41358571323149584, 0.4123557917004895, 0.41119966546134357, 0.410314121959019, 0.40969916119351585, 0.409342483949524, 0.4090842004280127, 0.408948909059602, 0.4088259169065014, 0.4086783263227806, 0.40833394829409886, 0.4080879639878976, 0.40798957026541705, 0.40795267261948687, 0.4079403734041768, 0.4079403734041768, 0.4079403734041768, 0.4079403734041768, 0.4079403734041768, 0.4079403734041768, 0.4079403734041768, 0.4079403734041768, 0.4079403734041768]
list_num_red = [1.2299215310063217e-05, 0.00012299215310063218, 0.0012053231003861953, 0.00527636336801712, 0.021831107175362213, 0.060376847957100334, 0.11374314318746465, 0.18843627776547855, 0.28386588935625906, 0.35876811059454405, 0.3936240867832632, 0.38956534573094237, 0.34241015423216, 0.2604850810518289, 0.1806262760435884, 0.11488697021130052, 0.0710525668462352, 0.04687230954665093, 0.03271591272476816, 0.023712887117801885, 0.017514082601530024, 0.013160160381767642, 0.009876269893980764, 0.007342631540107741, 0.005362457875187563, 0.00424322928197181, 0.003271591272476816, 0.002250756401741569, 0.0014882050525176493, 0.0010208348707352471, 0.0010085356554251838, 0.0009962364401151207, 0.000959338794184931, 0.0008732442870144885, 0.0007379529186037931, 0.00039357488992202295, 0.00014759058372075862, 4.919686124025287e-05, 1.2299215310063217e-05, 0.0, 0.0, 0.0, 0.0]
list_num_orange = [0.0, 0.0, 0.0, 0.0, 0.0, 1.2299215310063217e-05, 0.00012299215310063218, 0.0012053231003861953, 0.00527636336801712, 0.021831107175362213, 0.0603891471724104, 0.11386613534056528, 0.18964160086586476, 0.2891422527242762, 0.3805992177699063, 0.4540132339556736, 0.5034314810715076, 0.5320517550980247, 0.5496273337761051, 0.5612254938134947, 0.5689002041669742, 0.5744840479177429, 0.5789240646446757, 0.5823432465008732, 0.5849383809312966, 0.5864142867685042, 0.5876442082995105, 0.5888003345386564, 0.5896858780409809, 0.5903008388064841, 0.590657516050476, 0.5909157995719873, 0.591051090940398, 0.5911740830934986, 0.5913216736772194, 0.5916660517059011, 0.5919120360121024, 0.592010429734583, 0.5920473273805131, 0.5920596265958232, 0.5920596265958232, 0.5920596265958232, 0.5920596265958232]
list_num_green = [0.0, 0.0, 0.0, 0.0, 0.0, 0.0, 0.0, 0.0, 0.0, 0.0, 0.0, 0.0, 0.0, 0.0, 0.0, 0.0, 0.0, 0.0, 0.0, 0.0, 0.0, 0.0, 0.0, 0.0, 0.0, 0.0, 0.0, 0.0, 0.0, 0.0, 0.0, 0.0, 0.0, 0.0, 0.0, 0.0, 0.0, 0.0, 0.0, 0.0, 0.0, 0.0, 0.0]
------------------------------------------- 
avg_list_num_white = [0.9999877007846899, 0.9998770078468994, 0.9987946768996138, 0.994723636631983, 0.9781688928246378, 0.9396108528275896, 0.8861338646594348, 0.8103583991341353, 0.7108577472757238, 0.6194007822300938, 0.5459867660443264, 0.49656851892849235, 0.46794824490197523, 0.45037266622389494, 0.4387745061865053, 0.4310997958330259, 0.4255159520822572, 0.42107593535532434, 0.41765675349912673, 0.4150616190687035, 0.4135857132314959, 0.41235579170048947, 0.4111996654613436, 0.410314121959019, 0.40969916119351585, 0.40934248394952405, 0.4090842004280127, 0.40894890905960196, 0.40882591690650133, 0.4086783263227806, 0.4083339482940989, 0.4080879639878976, 0.407989570265417, 0.4079526726194869, 0.4079403734041768, 0.4079403734041768, 0.4079403734041768, 0.4079403734041768, 0.4079403734041768, 0.4079403734041768, 0.4079403734041768, 0.4079403734041768, 0.4079403734041768]
avg_list_num_red = [1.2299215310063219e-05, 0.00012299215310063218, 0.0012053231003861953, 0.00527636336801712, 0.021831107175362213, 0.060376847957100334, 0.11374314318746466, 0.18843627776547855, 0.28386588935625906, 0.3587681105945441, 0.3936240867832632, 0.3895653457309423, 0.34241015423216, 0.2604850810518289, 0.1806262760435884, 0.11488697021130052, 0.07105256684623519, 0.04687230954665093, 0.032715912724768155, 0.023712887117801885, 0.017514082601530024, 0.013160160381767644, 0.009876269893980764, 0.007342631540107741, 0.005362457875187563, 0.004243229281971809, 0.003271591272476816, 0.002250756401741569, 0.0014882050525176493, 0.0010208348707352471, 0.001008535655425184, 0.0009962364401151207, 0.000959338794184931, 0.0008732442870144885, 0.000737952918603793, 0.000393574889922023, 0.00014759058372075862, 4.9196861240252876e-05, 1.2299215310063219e-05, 0.0, 0.0, 0.0, 0.0]
avg_list_num_orange = [0.0, 0.0, 0.0, 0.0, 0.0, 1.2299215310063219e-05, 0.00012299215310063218, 0.0012053231003861953, 0.00527636336801712, 0.021831107175362213, 0.0603891471724104, 0.11386613534056526, 0.18964160086586476, 0.2891422527242762, 0.3805992177699063, 0.45401323395567367, 0.5034314810715076, 0.5320517550980247, 0.5496273337761051, 0.5612254938134947, 0.5689002041669742, 0.5744840479177428, 0.5789240646446757, 0.5823432465008732, 0.5849383809312966, 0.5864142867685042, 0.5876442082995105, 0.5888003345386564, 0.5896858780409809, 0.590300838806484, 0.590657516050476, 0.5909157995719873, 0.591051090940398, 0.5911740830934987, 0.5913216736772194, 0.591666051705901, 0.5919120360121024, 0.5920104297345831, 0.592047327380513, 0.5920596265958232, 0.5920596265958232, 0.5920596265958232, 0.5920596265958232]
avg_list_num_green = [0.0, 0.0, 0.0, 0.0, 0.0, 0.0, 0.0, 0.0, 0.0, 0.0, 0.0, 0.0, 0.0, 0.0, 0.0, 0.0, 0.0, 0.0, 0.0, 0.0, 0.0, 0.0, 0.0, 0.0, 0.0, 0.0, 0.0, 0.0, 0.0, 0.0, 0.0, 0.0, 0.0, 0.0, 0.0, 0.0, 0.0, 0.0, 0.0, 0.0, 0.0, 0.0, 0.0]
------------------------------------------- 
