list_num_white = [0.9997524139638524, 0.9992572418915573, 0.9955434513493439, 0.9799455310720475, 0.9306759098786829, 0.8217380539737559, 0.7742015350334241, 0.7541470661054717, 0.7459767269126021, 0.7407774201535033, 0.7385491458281753, 0.7365684575389948, 0.7345877692498143, 0.7323594949244863, 0.729636048526863, 0.7256746719485021, 0.7222084674424363, 0.7142857142857143, 0.7011636543698936, 0.682842287694974, 0.6313443921762812, 0.5162168853676653, 0.4003466204506066, 0.3542956177271602, 0.32210943302797723, 0.2914087645456796, 0.26541223075018566, 0.2500618965090369, 0.24139638524387225, 0.2359494924486259, 0.23297846001485517, 0.2307501856895271, 0.22802673929190392, 0.22604605100272346, 0.22530329289428075, 0.22480812082198565, 0.22480812082198565, 0.22480812082198565, 0.22480812082198565, 0.22480812082198565, 0.22480812082198565, 0.22480812082198565, 0.22480812082198565]
list_num_red = [0.0002475860361475613, 0.0007427581084426838, 0.004456548650656103, 0.020054468927952464, 0.06932409012131716, 0.17801435999009657, 0.2250557068581332, 0.24139638524387225, 0.2339688041594454, 0.1898984897251795, 0.0831889081455806, 0.03763307749442931, 0.01955929685565734, 0.01361723198811587, 0.011141371626640258, 0.012874473879673186, 0.014359990096558554, 0.020302054964100025, 0.03119584055459272, 0.04679376083188908, 0.09433027977222085, 0.20599158207477097, 0.3139390938351077, 0.34686803664273336, 0.3607328546669968, 0.33993562763060164, 0.2508046546174796, 0.1502847239415697, 0.11289923248328794, 0.08615994057935132, 0.05843030453082446, 0.03466204506065858, 0.022035157217132954, 0.015350334241148799, 0.010646199554345134, 0.008170339192869523, 0.0059420648675414705, 0.0032186184699182965, 0.0012379301807378064, 0.0004951720722951226, 0.0, 0.0, 0.0]
list_num_orange = [0.0, 0.0, 0.0, 0.0, 0.0, 0.0002475860361475613, 0.0007427581084426838, 0.004456548650656103, 0.020054468927952464, 0.06932409012131716, 0.17826194602624412, 0.22579846496657588, 0.24585293389452834, 0.25402327308739786, 0.25922257984649666, 0.26145085417182473, 0.2634315424610052, 0.26541223075018566, 0.26764050507551373, 0.2703639514731369, 0.2743253280514979, 0.2777915325575638, 0.2857142857142857, 0.29883634563010647, 0.317157712305026, 0.36865560782371876, 0.48378311463233475, 0.5996533795493935, 0.6457043822728398, 0.6778905669720228, 0.7085912354543203, 0.7345877692498143, 0.7499381034909631, 0.7586036147561278, 0.764050507551374, 0.7670215399851449, 0.7692498143104729, 0.771973260708096, 0.7739539489972765, 0.7746967071057193, 0.7751918791780144, 0.7751918791780144, 0.7751918791780144]
list_num_green = [0.0, 0.0, 0.0, 0.0, 0.0, 0.0, 0.0, 0.0, 0.0, 0.0, 0.0, 0.0, 0.0, 0.0, 0.0, 0.0, 0.0, 0.0, 0.0, 0.0, 0.0, 0.0, 0.0, 0.0, 0.0, 0.0, 0.0, 0.0, 0.0, 0.0, 0.0, 0.0, 0.0, 0.0, 0.0, 0.0, 0.0, 0.0, 0.0, 0.0, 0.0, 0.0, 0.0]
------------------------------------------- 
list_num_white = [0.9997524139638524, 0.9992572418915573, 0.9955434513493439, 0.9799455310720475, 0.9306759098786829, 0.8217380539737559, 0.7742015350334241, 0.7541470661054717, 0.7459767269126021, 0.7407774201535033, 0.7385491458281753, 0.7365684575389948, 0.7345877692498143, 0.7323594949244863, 0.729636048526863, 0.7256746719485021, 0.7222084674424363, 0.7142857142857143, 0.7011636543698936, 0.682842287694974, 0.6313443921762812, 0.5162168853676653, 0.4003466204506066, 0.3542956177271602, 0.32210943302797723, 0.2914087645456796, 0.26541223075018566, 0.2500618965090369, 0.24139638524387225, 0.2359494924486259, 0.23297846001485517, 0.2307501856895271, 0.22802673929190392, 0.22604605100272346, 0.22530329289428075, 0.22480812082198565, 0.22480812082198565, 0.22480812082198565, 0.22480812082198565, 0.22480812082198565, 0.22480812082198565, 0.22480812082198565, 0.22480812082198565]
list_num_red = [0.0002475860361475613, 0.0007427581084426838, 0.004456548650656103, 0.020054468927952464, 0.06932409012131716, 0.17801435999009657, 0.2250557068581332, 0.24139638524387225, 0.2339688041594454, 0.1898984897251795, 0.0831889081455806, 0.03763307749442931, 0.01955929685565734, 0.01361723198811587, 0.011141371626640258, 0.012874473879673186, 0.014359990096558554, 0.020302054964100025, 0.03119584055459272, 0.04679376083188908, 0.09433027977222085, 0.20599158207477097, 0.3139390938351077, 0.34686803664273336, 0.3607328546669968, 0.33993562763060164, 0.2508046546174796, 0.1502847239415697, 0.11289923248328794, 0.08615994057935132, 0.05843030453082446, 0.03466204506065858, 0.022035157217132954, 0.015350334241148799, 0.010646199554345134, 0.008170339192869523, 0.0059420648675414705, 0.0032186184699182965, 0.0012379301807378064, 0.0004951720722951226, 0.0, 0.0, 0.0]
list_num_orange = [0.0, 0.0, 0.0, 0.0, 0.0, 0.0002475860361475613, 0.0007427581084426838, 0.004456548650656103, 0.020054468927952464, 0.06932409012131716, 0.17826194602624412, 0.22579846496657588, 0.24585293389452834, 0.25402327308739786, 0.25922257984649666, 0.26145085417182473, 0.2634315424610052, 0.26541223075018566, 0.26764050507551373, 0.2703639514731369, 0.2743253280514979, 0.2777915325575638, 0.2857142857142857, 0.29883634563010647, 0.317157712305026, 0.36865560782371876, 0.48378311463233475, 0.5996533795493935, 0.6457043822728398, 0.6778905669720228, 0.7085912354543203, 0.7345877692498143, 0.7499381034909631, 0.7586036147561278, 0.764050507551374, 0.7670215399851449, 0.7692498143104729, 0.771973260708096, 0.7739539489972765, 0.7746967071057193, 0.7751918791780144, 0.7751918791780144, 0.7751918791780144]
list_num_green = [0.0, 0.0, 0.0, 0.0, 0.0, 0.0, 0.0, 0.0, 0.0, 0.0, 0.0, 0.0, 0.0, 0.0, 0.0, 0.0, 0.0, 0.0, 0.0, 0.0, 0.0, 0.0, 0.0, 0.0, 0.0, 0.0, 0.0, 0.0, 0.0, 0.0, 0.0, 0.0, 0.0, 0.0, 0.0, 0.0, 0.0, 0.0, 0.0, 0.0, 0.0, 0.0, 0.0]
------------------------------------------- 
list_num_white = [0.9997524139638524, 0.9992572418915573, 0.9955434513493439, 0.9799455310720475, 0.9306759098786829, 0.8217380539737559, 0.7742015350334241, 0.7541470661054717, 0.7459767269126021, 0.7407774201535033, 0.7385491458281753, 0.7365684575389948, 0.7345877692498143, 0.7323594949244863, 0.729636048526863, 0.7256746719485021, 0.7222084674424363, 0.7142857142857143, 0.7011636543698936, 0.682842287694974, 0.6313443921762812, 0.5162168853676653, 0.4003466204506066, 0.3542956177271602, 0.32210943302797723, 0.2914087645456796, 0.26541223075018566, 0.2500618965090369, 0.24139638524387225, 0.2359494924486259, 0.23297846001485517, 0.2307501856895271, 0.22802673929190392, 0.22604605100272346, 0.22530329289428075, 0.22480812082198565, 0.22480812082198565, 0.22480812082198565, 0.22480812082198565, 0.22480812082198565, 0.22480812082198565, 0.22480812082198565, 0.22480812082198565]
list_num_red = [0.0002475860361475613, 0.0007427581084426838, 0.004456548650656103, 0.020054468927952464, 0.06932409012131716, 0.17801435999009657, 0.2250557068581332, 0.24139638524387225, 0.2339688041594454, 0.1898984897251795, 0.0831889081455806, 0.03763307749442931, 0.01955929685565734, 0.01361723198811587, 0.011141371626640258, 0.012874473879673186, 0.014359990096558554, 0.020302054964100025, 0.03119584055459272, 0.04679376083188908, 0.09433027977222085, 0.20599158207477097, 0.3139390938351077, 0.34686803664273336, 0.3607328546669968, 0.33993562763060164, 0.2508046546174796, 0.1502847239415697, 0.11289923248328794, 0.08615994057935132, 0.05843030453082446, 0.03466204506065858, 0.022035157217132954, 0.015350334241148799, 0.010646199554345134, 0.008170339192869523, 0.0059420648675414705, 0.0032186184699182965, 0.0012379301807378064, 0.0004951720722951226, 0.0, 0.0, 0.0]
list_num_orange = [0.0, 0.0, 0.0, 0.0, 0.0, 0.0002475860361475613, 0.0007427581084426838, 0.004456548650656103, 0.020054468927952464, 0.06932409012131716, 0.17826194602624412, 0.22579846496657588, 0.24585293389452834, 0.25402327308739786, 0.25922257984649666, 0.26145085417182473, 0.2634315424610052, 0.26541223075018566, 0.26764050507551373, 0.2703639514731369, 0.2743253280514979, 0.2777915325575638, 0.2857142857142857, 0.29883634563010647, 0.317157712305026, 0.36865560782371876, 0.48378311463233475, 0.5996533795493935, 0.6457043822728398, 0.6778905669720228, 0.7085912354543203, 0.7345877692498143, 0.7499381034909631, 0.7586036147561278, 0.764050507551374, 0.7670215399851449, 0.7692498143104729, 0.771973260708096, 0.7739539489972765, 0.7746967071057193, 0.7751918791780144, 0.7751918791780144, 0.7751918791780144]
list_num_green = [0.0, 0.0, 0.0, 0.0, 0.0, 0.0, 0.0, 0.0, 0.0, 0.0, 0.0, 0.0, 0.0, 0.0, 0.0, 0.0, 0.0, 0.0, 0.0, 0.0, 0.0, 0.0, 0.0, 0.0, 0.0, 0.0, 0.0, 0.0, 0.0, 0.0, 0.0, 0.0, 0.0, 0.0, 0.0, 0.0, 0.0, 0.0, 0.0, 0.0, 0.0, 0.0, 0.0]
------------------------------------------- 
list_num_white = [0.9997524139638524, 0.9992572418915573, 0.9955434513493439, 0.9799455310720475, 0.9306759098786829, 0.8217380539737559, 0.7742015350334241, 0.7541470661054717, 0.7459767269126021, 0.7407774201535033, 0.7385491458281753, 0.7365684575389948, 0.7345877692498143, 0.7323594949244863, 0.729636048526863, 0.7256746719485021, 0.7222084674424363, 0.7142857142857143, 0.7011636543698936, 0.682842287694974, 0.6313443921762812, 0.5162168853676653, 0.4003466204506066, 0.3542956177271602, 0.32210943302797723, 0.2914087645456796, 0.26541223075018566, 0.2500618965090369, 0.24139638524387225, 0.2359494924486259, 0.23297846001485517, 0.2307501856895271, 0.22802673929190392, 0.22604605100272346, 0.22530329289428075, 0.22480812082198565, 0.22480812082198565, 0.22480812082198565, 0.22480812082198565, 0.22480812082198565, 0.22480812082198565, 0.22480812082198565, 0.22480812082198565]
list_num_red = [0.0002475860361475613, 0.0007427581084426838, 0.004456548650656103, 0.020054468927952464, 0.06932409012131716, 0.17801435999009657, 0.2250557068581332, 0.24139638524387225, 0.2339688041594454, 0.1898984897251795, 0.0831889081455806, 0.03763307749442931, 0.01955929685565734, 0.01361723198811587, 0.011141371626640258, 0.012874473879673186, 0.014359990096558554, 0.020302054964100025, 0.03119584055459272, 0.04679376083188908, 0.09433027977222085, 0.20599158207477097, 0.3139390938351077, 0.34686803664273336, 0.3607328546669968, 0.33993562763060164, 0.2508046546174796, 0.1502847239415697, 0.11289923248328794, 0.08615994057935132, 0.05843030453082446, 0.03466204506065858, 0.022035157217132954, 0.015350334241148799, 0.010646199554345134, 0.008170339192869523, 0.0059420648675414705, 0.0032186184699182965, 0.0012379301807378064, 0.0004951720722951226, 0.0, 0.0, 0.0]
list_num_orange = [0.0, 0.0, 0.0, 0.0, 0.0, 0.0002475860361475613, 0.0007427581084426838, 0.004456548650656103, 0.020054468927952464, 0.06932409012131716, 0.17826194602624412, 0.22579846496657588, 0.24585293389452834, 0.25402327308739786, 0.25922257984649666, 0.26145085417182473, 0.2634315424610052, 0.26541223075018566, 0.26764050507551373, 0.2703639514731369, 0.2743253280514979, 0.2777915325575638, 0.2857142857142857, 0.29883634563010647, 0.317157712305026, 0.36865560782371876, 0.48378311463233475, 0.5996533795493935, 0.6457043822728398, 0.6778905669720228, 0.7085912354543203, 0.7345877692498143, 0.7499381034909631, 0.7586036147561278, 0.764050507551374, 0.7670215399851449, 0.7692498143104729, 0.771973260708096, 0.7739539489972765, 0.7746967071057193, 0.7751918791780144, 0.7751918791780144, 0.7751918791780144]
list_num_green = [0.0, 0.0, 0.0, 0.0, 0.0, 0.0, 0.0, 0.0, 0.0, 0.0, 0.0, 0.0, 0.0, 0.0, 0.0, 0.0, 0.0, 0.0, 0.0, 0.0, 0.0, 0.0, 0.0, 0.0, 0.0, 0.0, 0.0, 0.0, 0.0, 0.0, 0.0, 0.0, 0.0, 0.0, 0.0, 0.0, 0.0, 0.0, 0.0, 0.0, 0.0, 0.0, 0.0]
------------------------------------------- 
list_num_white = [0.9997524139638524, 0.9992572418915573, 0.9955434513493439, 0.9799455310720475, 0.9306759098786829, 0.8217380539737559, 0.7742015350334241, 0.7541470661054717, 0.7459767269126021, 0.7407774201535033, 0.7385491458281753, 0.7365684575389948, 0.7345877692498143, 0.7323594949244863, 0.729636048526863, 0.7256746719485021, 0.7222084674424363, 0.7142857142857143, 0.7011636543698936, 0.682842287694974, 0.6313443921762812, 0.5162168853676653, 0.4003466204506066, 0.3542956177271602, 0.32210943302797723, 0.2914087645456796, 0.26541223075018566, 0.2500618965090369, 0.24139638524387225, 0.2359494924486259, 0.23297846001485517, 0.2307501856895271, 0.22802673929190392, 0.22604605100272346, 0.22530329289428075, 0.22480812082198565, 0.22480812082198565, 0.22480812082198565, 0.22480812082198565, 0.22480812082198565, 0.22480812082198565, 0.22480812082198565, 0.22480812082198565]
list_num_red = [0.0002475860361475613, 0.0007427581084426838, 0.004456548650656103, 0.020054468927952464, 0.06932409012131716, 0.17801435999009657, 0.2250557068581332, 0.24139638524387225, 0.2339688041594454, 0.1898984897251795, 0.0831889081455806, 0.03763307749442931, 0.01955929685565734, 0.01361723198811587, 0.011141371626640258, 0.012874473879673186, 0.014359990096558554, 0.020302054964100025, 0.03119584055459272, 0.04679376083188908, 0.09433027977222085, 0.20599158207477097, 0.3139390938351077, 0.34686803664273336, 0.3607328546669968, 0.33993562763060164, 0.2508046546174796, 0.1502847239415697, 0.11289923248328794, 0.08615994057935132, 0.05843030453082446, 0.03466204506065858, 0.022035157217132954, 0.015350334241148799, 0.010646199554345134, 0.008170339192869523, 0.0059420648675414705, 0.0032186184699182965, 0.0012379301807378064, 0.0004951720722951226, 0.0, 0.0, 0.0]
list_num_orange = [0.0, 0.0, 0.0, 0.0, 0.0, 0.0002475860361475613, 0.0007427581084426838, 0.004456548650656103, 0.020054468927952464, 0.06932409012131716, 0.17826194602624412, 0.22579846496657588, 0.24585293389452834, 0.25402327308739786, 0.25922257984649666, 0.26145085417182473, 0.2634315424610052, 0.26541223075018566, 0.26764050507551373, 0.2703639514731369, 0.2743253280514979, 0.2777915325575638, 0.2857142857142857, 0.29883634563010647, 0.317157712305026, 0.36865560782371876, 0.48378311463233475, 0.5996533795493935, 0.6457043822728398, 0.6778905669720228, 0.7085912354543203, 0.7345877692498143, 0.7499381034909631, 0.7586036147561278, 0.764050507551374, 0.7670215399851449, 0.7692498143104729, 0.771973260708096, 0.7739539489972765, 0.7746967071057193, 0.7751918791780144, 0.7751918791780144, 0.7751918791780144]
list_num_green = [0.0, 0.0, 0.0, 0.0, 0.0, 0.0, 0.0, 0.0, 0.0, 0.0, 0.0, 0.0, 0.0, 0.0, 0.0, 0.0, 0.0, 0.0, 0.0, 0.0, 0.0, 0.0, 0.0, 0.0, 0.0, 0.0, 0.0, 0.0, 0.0, 0.0, 0.0, 0.0, 0.0, 0.0, 0.0, 0.0, 0.0, 0.0, 0.0, 0.0, 0.0, 0.0, 0.0]
------------------------------------------- 
list_num_white = [0.9997524139638524, 0.9992572418915573, 0.9955434513493439, 0.9799455310720475, 0.9306759098786829, 0.8217380539737559, 0.7742015350334241, 0.7541470661054717, 0.7459767269126021, 0.7407774201535033, 0.7385491458281753, 0.7365684575389948, 0.7345877692498143, 0.7323594949244863, 0.729636048526863, 0.7256746719485021, 0.7222084674424363, 0.7142857142857143, 0.7011636543698936, 0.682842287694974, 0.6313443921762812, 0.5162168853676653, 0.4003466204506066, 0.3542956177271602, 0.32210943302797723, 0.2914087645456796, 0.26541223075018566, 0.2500618965090369, 0.24139638524387225, 0.2359494924486259, 0.23297846001485517, 0.2307501856895271, 0.22802673929190392, 0.22604605100272346, 0.22530329289428075, 0.22480812082198565, 0.22480812082198565, 0.22480812082198565, 0.22480812082198565, 0.22480812082198565, 0.22480812082198565, 0.22480812082198565, 0.22480812082198565]
list_num_red = [0.0002475860361475613, 0.0007427581084426838, 0.004456548650656103, 0.020054468927952464, 0.06932409012131716, 0.17801435999009657, 0.2250557068581332, 0.24139638524387225, 0.2339688041594454, 0.1898984897251795, 0.0831889081455806, 0.03763307749442931, 0.01955929685565734, 0.01361723198811587, 0.011141371626640258, 0.012874473879673186, 0.014359990096558554, 0.020302054964100025, 0.03119584055459272, 0.04679376083188908, 0.09433027977222085, 0.20599158207477097, 0.3139390938351077, 0.34686803664273336, 0.3607328546669968, 0.33993562763060164, 0.2508046546174796, 0.1502847239415697, 0.11289923248328794, 0.08615994057935132, 0.05843030453082446, 0.03466204506065858, 0.022035157217132954, 0.015350334241148799, 0.010646199554345134, 0.008170339192869523, 0.0059420648675414705, 0.0032186184699182965, 0.0012379301807378064, 0.0004951720722951226, 0.0, 0.0, 0.0]
list_num_orange = [0.0, 0.0, 0.0, 0.0, 0.0, 0.0002475860361475613, 0.0007427581084426838, 0.004456548650656103, 0.020054468927952464, 0.06932409012131716, 0.17826194602624412, 0.22579846496657588, 0.24585293389452834, 0.25402327308739786, 0.25922257984649666, 0.26145085417182473, 0.2634315424610052, 0.26541223075018566, 0.26764050507551373, 0.2703639514731369, 0.2743253280514979, 0.2777915325575638, 0.2857142857142857, 0.29883634563010647, 0.317157712305026, 0.36865560782371876, 0.48378311463233475, 0.5996533795493935, 0.6457043822728398, 0.6778905669720228, 0.7085912354543203, 0.7345877692498143, 0.7499381034909631, 0.7586036147561278, 0.764050507551374, 0.7670215399851449, 0.7692498143104729, 0.771973260708096, 0.7739539489972765, 0.7746967071057193, 0.7751918791780144, 0.7751918791780144, 0.7751918791780144]
list_num_green = [0.0, 0.0, 0.0, 0.0, 0.0, 0.0, 0.0, 0.0, 0.0, 0.0, 0.0, 0.0, 0.0, 0.0, 0.0, 0.0, 0.0, 0.0, 0.0, 0.0, 0.0, 0.0, 0.0, 0.0, 0.0, 0.0, 0.0, 0.0, 0.0, 0.0, 0.0, 0.0, 0.0, 0.0, 0.0, 0.0, 0.0, 0.0, 0.0, 0.0, 0.0, 0.0, 0.0]
------------------------------------------- 
list_num_white = [0.9997524139638524, 0.9992572418915573, 0.9955434513493439, 0.9799455310720475, 0.9306759098786829, 0.8217380539737559, 0.7742015350334241, 0.7541470661054717, 0.7459767269126021, 0.7407774201535033, 0.7385491458281753, 0.7365684575389948, 0.7345877692498143, 0.7323594949244863, 0.729636048526863, 0.7256746719485021, 0.7222084674424363, 0.7142857142857143, 0.7011636543698936, 0.682842287694974, 0.6313443921762812, 0.5162168853676653, 0.4003466204506066, 0.3542956177271602, 0.32210943302797723, 0.2914087645456796, 0.26541223075018566, 0.2500618965090369, 0.24139638524387225, 0.2359494924486259, 0.23297846001485517, 0.2307501856895271, 0.22802673929190392, 0.22604605100272346, 0.22530329289428075, 0.22480812082198565, 0.22480812082198565, 0.22480812082198565, 0.22480812082198565, 0.22480812082198565, 0.22480812082198565, 0.22480812082198565, 0.22480812082198565]
list_num_red = [0.0002475860361475613, 0.0007427581084426838, 0.004456548650656103, 0.020054468927952464, 0.06932409012131716, 0.17801435999009657, 0.2250557068581332, 0.24139638524387225, 0.2339688041594454, 0.1898984897251795, 0.0831889081455806, 0.03763307749442931, 0.01955929685565734, 0.01361723198811587, 0.011141371626640258, 0.012874473879673186, 0.014359990096558554, 0.020302054964100025, 0.03119584055459272, 0.04679376083188908, 0.09433027977222085, 0.20599158207477097, 0.3139390938351077, 0.34686803664273336, 0.3607328546669968, 0.33993562763060164, 0.2508046546174796, 0.1502847239415697, 0.11289923248328794, 0.08615994057935132, 0.05843030453082446, 0.03466204506065858, 0.022035157217132954, 0.015350334241148799, 0.010646199554345134, 0.008170339192869523, 0.0059420648675414705, 0.0032186184699182965, 0.0012379301807378064, 0.0004951720722951226, 0.0, 0.0, 0.0]
list_num_orange = [0.0, 0.0, 0.0, 0.0, 0.0, 0.0002475860361475613, 0.0007427581084426838, 0.004456548650656103, 0.020054468927952464, 0.06932409012131716, 0.17826194602624412, 0.22579846496657588, 0.24585293389452834, 0.25402327308739786, 0.25922257984649666, 0.26145085417182473, 0.2634315424610052, 0.26541223075018566, 0.26764050507551373, 0.2703639514731369, 0.2743253280514979, 0.2777915325575638, 0.2857142857142857, 0.29883634563010647, 0.317157712305026, 0.36865560782371876, 0.48378311463233475, 0.5996533795493935, 0.6457043822728398, 0.6778905669720228, 0.7085912354543203, 0.7345877692498143, 0.7499381034909631, 0.7586036147561278, 0.764050507551374, 0.7670215399851449, 0.7692498143104729, 0.771973260708096, 0.7739539489972765, 0.7746967071057193, 0.7751918791780144, 0.7751918791780144, 0.7751918791780144]
list_num_green = [0.0, 0.0, 0.0, 0.0, 0.0, 0.0, 0.0, 0.0, 0.0, 0.0, 0.0, 0.0, 0.0, 0.0, 0.0, 0.0, 0.0, 0.0, 0.0, 0.0, 0.0, 0.0, 0.0, 0.0, 0.0, 0.0, 0.0, 0.0, 0.0, 0.0, 0.0, 0.0, 0.0, 0.0, 0.0, 0.0, 0.0, 0.0, 0.0, 0.0, 0.0, 0.0, 0.0]
------------------------------------------- 
list_num_white = [0.9997524139638524, 0.9992572418915573, 0.9955434513493439, 0.9799455310720475, 0.9306759098786829, 0.8217380539737559, 0.7742015350334241, 0.7541470661054717, 0.7459767269126021, 0.7407774201535033, 0.7385491458281753, 0.7365684575389948, 0.7345877692498143, 0.7323594949244863, 0.729636048526863, 0.7256746719485021, 0.7222084674424363, 0.7142857142857143, 0.7011636543698936, 0.682842287694974, 0.6313443921762812, 0.5162168853676653, 0.4003466204506066, 0.3542956177271602, 0.32210943302797723, 0.2914087645456796, 0.26541223075018566, 0.2500618965090369, 0.24139638524387225, 0.2359494924486259, 0.23297846001485517, 0.2307501856895271, 0.22802673929190392, 0.22604605100272346, 0.22530329289428075, 0.22480812082198565, 0.22480812082198565, 0.22480812082198565, 0.22480812082198565, 0.22480812082198565, 0.22480812082198565, 0.22480812082198565, 0.22480812082198565]
list_num_red = [0.0002475860361475613, 0.0007427581084426838, 0.004456548650656103, 0.020054468927952464, 0.06932409012131716, 0.17801435999009657, 0.2250557068581332, 0.24139638524387225, 0.2339688041594454, 0.1898984897251795, 0.0831889081455806, 0.03763307749442931, 0.01955929685565734, 0.01361723198811587, 0.011141371626640258, 0.012874473879673186, 0.014359990096558554, 0.020302054964100025, 0.03119584055459272, 0.04679376083188908, 0.09433027977222085, 0.20599158207477097, 0.3139390938351077, 0.34686803664273336, 0.3607328546669968, 0.33993562763060164, 0.2508046546174796, 0.1502847239415697, 0.11289923248328794, 0.08615994057935132, 0.05843030453082446, 0.03466204506065858, 0.022035157217132954, 0.015350334241148799, 0.010646199554345134, 0.008170339192869523, 0.0059420648675414705, 0.0032186184699182965, 0.0012379301807378064, 0.0004951720722951226, 0.0, 0.0, 0.0]
list_num_orange = [0.0, 0.0, 0.0, 0.0, 0.0, 0.0002475860361475613, 0.0007427581084426838, 0.004456548650656103, 0.020054468927952464, 0.06932409012131716, 0.17826194602624412, 0.22579846496657588, 0.24585293389452834, 0.25402327308739786, 0.25922257984649666, 0.26145085417182473, 0.2634315424610052, 0.26541223075018566, 0.26764050507551373, 0.2703639514731369, 0.2743253280514979, 0.2777915325575638, 0.2857142857142857, 0.29883634563010647, 0.317157712305026, 0.36865560782371876, 0.48378311463233475, 0.5996533795493935, 0.6457043822728398, 0.6778905669720228, 0.7085912354543203, 0.7345877692498143, 0.7499381034909631, 0.7586036147561278, 0.764050507551374, 0.7670215399851449, 0.7692498143104729, 0.771973260708096, 0.7739539489972765, 0.7746967071057193, 0.7751918791780144, 0.7751918791780144, 0.7751918791780144]
list_num_green = [0.0, 0.0, 0.0, 0.0, 0.0, 0.0, 0.0, 0.0, 0.0, 0.0, 0.0, 0.0, 0.0, 0.0, 0.0, 0.0, 0.0, 0.0, 0.0, 0.0, 0.0, 0.0, 0.0, 0.0, 0.0, 0.0, 0.0, 0.0, 0.0, 0.0, 0.0, 0.0, 0.0, 0.0, 0.0, 0.0, 0.0, 0.0, 0.0, 0.0, 0.0, 0.0, 0.0]
------------------------------------------- 
list_num_white = [0.9997524139638524, 0.9992572418915573, 0.9955434513493439, 0.9799455310720475, 0.9306759098786829, 0.8217380539737559, 0.7742015350334241, 0.7541470661054717, 0.7459767269126021, 0.7407774201535033, 0.7385491458281753, 0.7365684575389948, 0.7345877692498143, 0.7323594949244863, 0.729636048526863, 0.7256746719485021, 0.7222084674424363, 0.7142857142857143, 0.7011636543698936, 0.682842287694974, 0.6313443921762812, 0.5162168853676653, 0.4003466204506066, 0.3542956177271602, 0.32210943302797723, 0.2914087645456796, 0.26541223075018566, 0.2500618965090369, 0.24139638524387225, 0.2359494924486259, 0.23297846001485517, 0.2307501856895271, 0.22802673929190392, 0.22604605100272346, 0.22530329289428075, 0.22480812082198565, 0.22480812082198565, 0.22480812082198565, 0.22480812082198565, 0.22480812082198565, 0.22480812082198565, 0.22480812082198565, 0.22480812082198565]
list_num_red = [0.0002475860361475613, 0.0007427581084426838, 0.004456548650656103, 0.020054468927952464, 0.06932409012131716, 0.17801435999009657, 0.2250557068581332, 0.24139638524387225, 0.2339688041594454, 0.1898984897251795, 0.0831889081455806, 0.03763307749442931, 0.01955929685565734, 0.01361723198811587, 0.011141371626640258, 0.012874473879673186, 0.014359990096558554, 0.020302054964100025, 0.03119584055459272, 0.04679376083188908, 0.09433027977222085, 0.20599158207477097, 0.3139390938351077, 0.34686803664273336, 0.3607328546669968, 0.33993562763060164, 0.2508046546174796, 0.1502847239415697, 0.11289923248328794, 0.08615994057935132, 0.05843030453082446, 0.03466204506065858, 0.022035157217132954, 0.015350334241148799, 0.010646199554345134, 0.008170339192869523, 0.0059420648675414705, 0.0032186184699182965, 0.0012379301807378064, 0.0004951720722951226, 0.0, 0.0, 0.0]
list_num_orange = [0.0, 0.0, 0.0, 0.0, 0.0, 0.0002475860361475613, 0.0007427581084426838, 0.004456548650656103, 0.020054468927952464, 0.06932409012131716, 0.17826194602624412, 0.22579846496657588, 0.24585293389452834, 0.25402327308739786, 0.25922257984649666, 0.26145085417182473, 0.2634315424610052, 0.26541223075018566, 0.26764050507551373, 0.2703639514731369, 0.2743253280514979, 0.2777915325575638, 0.2857142857142857, 0.29883634563010647, 0.317157712305026, 0.36865560782371876, 0.48378311463233475, 0.5996533795493935, 0.6457043822728398, 0.6778905669720228, 0.7085912354543203, 0.7345877692498143, 0.7499381034909631, 0.7586036147561278, 0.764050507551374, 0.7670215399851449, 0.7692498143104729, 0.771973260708096, 0.7739539489972765, 0.7746967071057193, 0.7751918791780144, 0.7751918791780144, 0.7751918791780144]
list_num_green = [0.0, 0.0, 0.0, 0.0, 0.0, 0.0, 0.0, 0.0, 0.0, 0.0, 0.0, 0.0, 0.0, 0.0, 0.0, 0.0, 0.0, 0.0, 0.0, 0.0, 0.0, 0.0, 0.0, 0.0, 0.0, 0.0, 0.0, 0.0, 0.0, 0.0, 0.0, 0.0, 0.0, 0.0, 0.0, 0.0, 0.0, 0.0, 0.0, 0.0, 0.0, 0.0, 0.0]
------------------------------------------- 
list_num_white = [0.9997524139638524, 0.9992572418915573, 0.9955434513493439, 0.9799455310720475, 0.9306759098786829, 0.8217380539737559, 0.7742015350334241, 0.7541470661054717, 0.7459767269126021, 0.7407774201535033, 0.7385491458281753, 0.7365684575389948, 0.7345877692498143, 0.7323594949244863, 0.729636048526863, 0.7256746719485021, 0.7222084674424363, 0.7142857142857143, 0.7011636543698936, 0.682842287694974, 0.6313443921762812, 0.5162168853676653, 0.4003466204506066, 0.3542956177271602, 0.32210943302797723, 0.2914087645456796, 0.26541223075018566, 0.2500618965090369, 0.24139638524387225, 0.2359494924486259, 0.23297846001485517, 0.2307501856895271, 0.22802673929190392, 0.22604605100272346, 0.22530329289428075, 0.22480812082198565, 0.22480812082198565, 0.22480812082198565, 0.22480812082198565, 0.22480812082198565, 0.22480812082198565, 0.22480812082198565, 0.22480812082198565]
list_num_red = [0.0002475860361475613, 0.0007427581084426838, 0.004456548650656103, 0.020054468927952464, 0.06932409012131716, 0.17801435999009657, 0.2250557068581332, 0.24139638524387225, 0.2339688041594454, 0.1898984897251795, 0.0831889081455806, 0.03763307749442931, 0.01955929685565734, 0.01361723198811587, 0.011141371626640258, 0.012874473879673186, 0.014359990096558554, 0.020302054964100025, 0.03119584055459272, 0.04679376083188908, 0.09433027977222085, 0.20599158207477097, 0.3139390938351077, 0.34686803664273336, 0.3607328546669968, 0.33993562763060164, 0.2508046546174796, 0.1502847239415697, 0.11289923248328794, 0.08615994057935132, 0.05843030453082446, 0.03466204506065858, 0.022035157217132954, 0.015350334241148799, 0.010646199554345134, 0.008170339192869523, 0.0059420648675414705, 0.0032186184699182965, 0.0012379301807378064, 0.0004951720722951226, 0.0, 0.0, 0.0]
list_num_orange = [0.0, 0.0, 0.0, 0.0, 0.0, 0.0002475860361475613, 0.0007427581084426838, 0.004456548650656103, 0.020054468927952464, 0.06932409012131716, 0.17826194602624412, 0.22579846496657588, 0.24585293389452834, 0.25402327308739786, 0.25922257984649666, 0.26145085417182473, 0.2634315424610052, 0.26541223075018566, 0.26764050507551373, 0.2703639514731369, 0.2743253280514979, 0.2777915325575638, 0.2857142857142857, 0.29883634563010647, 0.317157712305026, 0.36865560782371876, 0.48378311463233475, 0.5996533795493935, 0.6457043822728398, 0.6778905669720228, 0.7085912354543203, 0.7345877692498143, 0.7499381034909631, 0.7586036147561278, 0.764050507551374, 0.7670215399851449, 0.7692498143104729, 0.771973260708096, 0.7739539489972765, 0.7746967071057193, 0.7751918791780144, 0.7751918791780144, 0.7751918791780144]
list_num_green = [0.0, 0.0, 0.0, 0.0, 0.0, 0.0, 0.0, 0.0, 0.0, 0.0, 0.0, 0.0, 0.0, 0.0, 0.0, 0.0, 0.0, 0.0, 0.0, 0.0, 0.0, 0.0, 0.0, 0.0, 0.0, 0.0, 0.0, 0.0, 0.0, 0.0, 0.0, 0.0, 0.0, 0.0, 0.0, 0.0, 0.0, 0.0, 0.0, 0.0, 0.0, 0.0, 0.0]
------------------------------------------- 
avg_list_num_white = [0.9997524139638523, 0.9992572418915573, 0.9955434513493439, 0.9799455310720475, 0.9306759098786829, 0.8217380539737558, 0.7742015350334243, 0.7541470661054718, 0.745976726912602, 0.7407774201535035, 0.7385491458281753, 0.7365684575389949, 0.7345877692498143, 0.7323594949244862, 0.7296360485268629, 0.725674671948502, 0.7222084674424362, 0.7142857142857143, 0.7011636543698936, 0.6828422876949741, 0.6313443921762812, 0.5162168853676653, 0.40034662045060665, 0.3542956177271602, 0.32210943302797723, 0.29140876454567965, 0.26541223075018566, 0.2500618965090369, 0.24139638524387225, 0.2359494924486259, 0.23297846001485517, 0.23075018568952715, 0.22802673929190392, 0.2260460510027235, 0.2253032928942807, 0.22480812082198565, 0.22480812082198565, 0.22480812082198565, 0.22480812082198565, 0.22480812082198565, 0.22480812082198565, 0.22480812082198565, 0.22480812082198565]
avg_list_num_red = [0.0002475860361475613, 0.0007427581084426839, 0.004456548650656103, 0.02005446892795246, 0.06932409012131714, 0.17801435999009654, 0.2250557068581332, 0.24139638524387225, 0.23396880415944538, 0.18989848972517948, 0.08318890814558058, 0.037633077494429304, 0.019559296855657337, 0.01361723198811587, 0.011141371626640256, 0.01287447387967319, 0.014359990096558552, 0.02030205496410003, 0.03119584055459273, 0.04679376083188908, 0.09433027977222085, 0.20599158207477103, 0.3139390938351077, 0.3468680366427334, 0.3607328546669968, 0.3399356276306017, 0.25080465461747964, 0.1502847239415697, 0.11289923248328795, 0.08615994057935131, 0.05843030453082446, 0.03466204506065857, 0.022035157217132954, 0.015350334241148799, 0.010646199554345134, 0.008170339192869523, 0.005942064867541471, 0.0032186184699182973, 0.0012379301807378064, 0.0004951720722951226, 0.0, 0.0, 0.0]
avg_list_num_orange = [0.0, 0.0, 0.0, 0.0, 0.0, 0.0002475860361475613, 0.0007427581084426839, 0.004456548650656103, 0.02005446892795246, 0.06932409012131714, 0.1782619460262441, 0.2257984649665759, 0.24585293389452828, 0.2540232730873978, 0.2592225798464966, 0.26145085417182473, 0.2634315424610052, 0.26541223075018566, 0.2676405050755138, 0.2703639514731369, 0.27432532805149795, 0.27779153255756384, 0.28571428571428564, 0.29883634563010647, 0.317157712305026, 0.3686556078237188, 0.4837831146323347, 0.5996533795493936, 0.6457043822728397, 0.6778905669720228, 0.7085912354543203, 0.7345877692498143, 0.7499381034909632, 0.7586036147561278, 0.7640505075513742, 0.767021539985145, 0.7692498143104728, 0.771973260708096, 0.7739539489972767, 0.7746967071057193, 0.7751918791780144, 0.7751918791780144, 0.7751918791780144]
avg_list_num_green = [0.0, 0.0, 0.0, 0.0, 0.0, 0.0, 0.0, 0.0, 0.0, 0.0, 0.0, 0.0, 0.0, 0.0, 0.0, 0.0, 0.0, 0.0, 0.0, 0.0, 0.0, 0.0, 0.0, 0.0, 0.0, 0.0, 0.0, 0.0, 0.0, 0.0, 0.0, 0.0, 0.0, 0.0, 0.0, 0.0, 0.0, 0.0, 0.0, 0.0, 0.0, 0.0, 0.0]
------------------------------------------- 
