list_num_white = [0.9997524139638524, 0.9992572418915573, 0.9955434513493439, 0.9799455310720475, 0.9286952215895024, 0.834117355781134, 0.7870760089130973, 0.7645456796236693, 0.755632582322357, 0.7501856895271106, 0.7477098291656351, 0.7472146570933399, 0.7472146570933399, 0.7469670710571924, 0.7467194850210448, 0.7452339688041595, 0.7435008665511266, 0.7390443179004704, 0.7184946769002228, 0.6937360732854667, 0.6712057439960386, 0.6541223075018568, 0.6476850705620203, 0.6442188660559545, 0.6422381777667739, 0.6392671453330032, 0.6387719732607081, 0.638276801188413, 0.6375340430799703, 0.6372864570438227, 0.6372864570438227, 0.6372864570438227, 0.6372864570438227, 0.6372864570438227, 0.6372864570438227, 0.6372864570438227, 0.6372864570438227]
list_num_red = [0.0002475860361475613, 0.0007427581084426838, 0.004456548650656103, 0.020054468927952464, 0.07130477841049765, 0.16563505818271848, 0.21218123297846, 0.23099777172567468, 0.22431294874969052, 0.17850953206239167, 0.08640752661549889, 0.03986135181975736, 0.01733102253032929, 0.008665511265164644, 0.0034662045060658577, 0.0024758603614756128, 0.0037137905422134194, 0.008170339192869523, 0.028472394156969547, 0.05298341173557811, 0.07402822480812082, 0.08937855904926963, 0.0913592473384501, 0.07427581084426839, 0.05149789551869274, 0.0319385986630354, 0.015350334241148799, 0.009408269373607328, 0.006684822975984155, 0.0049517207229512255, 0.0019806882891804903, 0.0014855162168853676, 0.0009903441445902451, 0.0002475860361475613, 0.0, 0.0, 0.0]
list_num_orange = [0.0, 0.0, 0.0, 0.0, 0.0, 0.0002475860361475613, 0.0007427581084426838, 0.004456548650656103, 0.020054468927952464, 0.07130477841049765, 0.16588264421886606, 0.2129239910869027, 0.23545432037633077, 0.24436741767764297, 0.24981431047288932, 0.25229017083436495, 0.25278534290666005, 0.25278534290666005, 0.2530329289428076, 0.2532805149789552, 0.25476603119584057, 0.2564991334488735, 0.2609556820995296, 0.28150532309977716, 0.3062639267145333, 0.3287942560039614, 0.3458776924981431, 0.3523149294379797, 0.35578113394404554, 0.35776182223322606, 0.3607328546669968, 0.3612280267392919, 0.36172319881158704, 0.3624659569200297, 0.36271354295617725, 0.36271354295617725, 0.36271354295617725]
list_num_green = [0.0, 0.0, 0.0, 0.0, 0.0, 0.0, 0.0, 0.0, 0.0, 0.0, 0.0, 0.0, 0.0, 0.0, 0.0, 0.0, 0.0, 0.0, 0.0, 0.0, 0.0, 0.0, 0.0, 0.0, 0.0, 0.0, 0.0, 0.0, 0.0, 0.0, 0.0, 0.0, 0.0, 0.0, 0.0, 0.0, 0.0]
------------------------------------------- 
list_num_white = [0.9997524139638524, 0.9992572418915573, 0.9955434513493439, 0.9799455310720475, 0.9286952215895024, 0.834117355781134, 0.7870760089130973, 0.7645456796236693, 0.755632582322357, 0.7501856895271106, 0.7477098291656351, 0.7472146570933399, 0.7472146570933399, 0.7469670710571924, 0.7467194850210448, 0.7452339688041595, 0.7435008665511266, 0.7390443179004704, 0.7184946769002228, 0.6937360732854667, 0.6712057439960386, 0.6541223075018568, 0.6476850705620203, 0.6442188660559545, 0.6422381777667739, 0.6392671453330032, 0.6387719732607081, 0.638276801188413, 0.6375340430799703, 0.6372864570438227, 0.6372864570438227, 0.6372864570438227, 0.6372864570438227, 0.6372864570438227, 0.6372864570438227, 0.6372864570438227, 0.6372864570438227]
list_num_red = [0.0002475860361475613, 0.0007427581084426838, 0.004456548650656103, 0.020054468927952464, 0.07130477841049765, 0.16563505818271848, 0.21218123297846, 0.23099777172567468, 0.22431294874969052, 0.17850953206239167, 0.08640752661549889, 0.03986135181975736, 0.01733102253032929, 0.008665511265164644, 0.0034662045060658577, 0.0024758603614756128, 0.0037137905422134194, 0.008170339192869523, 0.028472394156969547, 0.05298341173557811, 0.07402822480812082, 0.08937855904926963, 0.0913592473384501, 0.07427581084426839, 0.05149789551869274, 0.0319385986630354, 0.015350334241148799, 0.009408269373607328, 0.006684822975984155, 0.0049517207229512255, 0.0019806882891804903, 0.0014855162168853676, 0.0009903441445902451, 0.0002475860361475613, 0.0, 0.0, 0.0]
list_num_orange = [0.0, 0.0, 0.0, 0.0, 0.0, 0.0002475860361475613, 0.0007427581084426838, 0.004456548650656103, 0.020054468927952464, 0.07130477841049765, 0.16588264421886606, 0.2129239910869027, 0.23545432037633077, 0.24436741767764297, 0.24981431047288932, 0.25229017083436495, 0.25278534290666005, 0.25278534290666005, 0.2530329289428076, 0.2532805149789552, 0.25476603119584057, 0.2564991334488735, 0.2609556820995296, 0.28150532309977716, 0.3062639267145333, 0.3287942560039614, 0.3458776924981431, 0.3523149294379797, 0.35578113394404554, 0.35776182223322606, 0.3607328546669968, 0.3612280267392919, 0.36172319881158704, 0.3624659569200297, 0.36271354295617725, 0.36271354295617725, 0.36271354295617725]
list_num_green = [0.0, 0.0, 0.0, 0.0, 0.0, 0.0, 0.0, 0.0, 0.0, 0.0, 0.0, 0.0, 0.0, 0.0, 0.0, 0.0, 0.0, 0.0, 0.0, 0.0, 0.0, 0.0, 0.0, 0.0, 0.0, 0.0, 0.0, 0.0, 0.0, 0.0, 0.0, 0.0, 0.0, 0.0, 0.0, 0.0, 0.0]
------------------------------------------- 
list_num_white = [0.9997524139638524, 0.9992572418915573, 0.9955434513493439, 0.9799455310720475, 0.9286952215895024, 0.834117355781134, 0.7870760089130973, 0.7645456796236693, 0.755632582322357, 0.7501856895271106, 0.7477098291656351, 0.7472146570933399, 0.7472146570933399, 0.7469670710571924, 0.7467194850210448, 0.7452339688041595, 0.7435008665511266, 0.7390443179004704, 0.7184946769002228, 0.6937360732854667, 0.6712057439960386, 0.6541223075018568, 0.6476850705620203, 0.6442188660559545, 0.6422381777667739, 0.6392671453330032, 0.6387719732607081, 0.638276801188413, 0.6375340430799703, 0.6372864570438227, 0.6372864570438227, 0.6372864570438227, 0.6372864570438227, 0.6372864570438227, 0.6372864570438227, 0.6372864570438227, 0.6372864570438227]
list_num_red = [0.0002475860361475613, 0.0007427581084426838, 0.004456548650656103, 0.020054468927952464, 0.07130477841049765, 0.16563505818271848, 0.21218123297846, 0.23099777172567468, 0.22431294874969052, 0.17850953206239167, 0.08640752661549889, 0.03986135181975736, 0.01733102253032929, 0.008665511265164644, 0.0034662045060658577, 0.0024758603614756128, 0.0037137905422134194, 0.008170339192869523, 0.028472394156969547, 0.05298341173557811, 0.07402822480812082, 0.08937855904926963, 0.0913592473384501, 0.07427581084426839, 0.05149789551869274, 0.0319385986630354, 0.015350334241148799, 0.009408269373607328, 0.006684822975984155, 0.0049517207229512255, 0.0019806882891804903, 0.0014855162168853676, 0.0009903441445902451, 0.0002475860361475613, 0.0, 0.0, 0.0]
list_num_orange = [0.0, 0.0, 0.0, 0.0, 0.0, 0.0002475860361475613, 0.0007427581084426838, 0.004456548650656103, 0.020054468927952464, 0.07130477841049765, 0.16588264421886606, 0.2129239910869027, 0.23545432037633077, 0.24436741767764297, 0.24981431047288932, 0.25229017083436495, 0.25278534290666005, 0.25278534290666005, 0.2530329289428076, 0.2532805149789552, 0.25476603119584057, 0.2564991334488735, 0.2609556820995296, 0.28150532309977716, 0.3062639267145333, 0.3287942560039614, 0.3458776924981431, 0.3523149294379797, 0.35578113394404554, 0.35776182223322606, 0.3607328546669968, 0.3612280267392919, 0.36172319881158704, 0.3624659569200297, 0.36271354295617725, 0.36271354295617725, 0.36271354295617725]
list_num_green = [0.0, 0.0, 0.0, 0.0, 0.0, 0.0, 0.0, 0.0, 0.0, 0.0, 0.0, 0.0, 0.0, 0.0, 0.0, 0.0, 0.0, 0.0, 0.0, 0.0, 0.0, 0.0, 0.0, 0.0, 0.0, 0.0, 0.0, 0.0, 0.0, 0.0, 0.0, 0.0, 0.0, 0.0, 0.0, 0.0, 0.0]
------------------------------------------- 
list_num_white = [0.9997524139638524, 0.9992572418915573, 0.9955434513493439, 0.9799455310720475, 0.9286952215895024, 0.834117355781134, 0.7870760089130973, 0.7645456796236693, 0.755632582322357, 0.7501856895271106, 0.7477098291656351, 0.7472146570933399, 0.7472146570933399, 0.7469670710571924, 0.7467194850210448, 0.7452339688041595, 0.7435008665511266, 0.7390443179004704, 0.7184946769002228, 0.6937360732854667, 0.6712057439960386, 0.6541223075018568, 0.6476850705620203, 0.6442188660559545, 0.6422381777667739, 0.6392671453330032, 0.6387719732607081, 0.638276801188413, 0.6375340430799703, 0.6372864570438227, 0.6372864570438227, 0.6372864570438227, 0.6372864570438227, 0.6372864570438227, 0.6372864570438227, 0.6372864570438227, 0.6372864570438227]
list_num_red = [0.0002475860361475613, 0.0007427581084426838, 0.004456548650656103, 0.020054468927952464, 0.07130477841049765, 0.16563505818271848, 0.21218123297846, 0.23099777172567468, 0.22431294874969052, 0.17850953206239167, 0.08640752661549889, 0.03986135181975736, 0.01733102253032929, 0.008665511265164644, 0.0034662045060658577, 0.0024758603614756128, 0.0037137905422134194, 0.008170339192869523, 0.028472394156969547, 0.05298341173557811, 0.07402822480812082, 0.08937855904926963, 0.0913592473384501, 0.07427581084426839, 0.05149789551869274, 0.0319385986630354, 0.015350334241148799, 0.009408269373607328, 0.006684822975984155, 0.0049517207229512255, 0.0019806882891804903, 0.0014855162168853676, 0.0009903441445902451, 0.0002475860361475613, 0.0, 0.0, 0.0]
list_num_orange = [0.0, 0.0, 0.0, 0.0, 0.0, 0.0002475860361475613, 0.0007427581084426838, 0.004456548650656103, 0.020054468927952464, 0.07130477841049765, 0.16588264421886606, 0.2129239910869027, 0.23545432037633077, 0.24436741767764297, 0.24981431047288932, 0.25229017083436495, 0.25278534290666005, 0.25278534290666005, 0.2530329289428076, 0.2532805149789552, 0.25476603119584057, 0.2564991334488735, 0.2609556820995296, 0.28150532309977716, 0.3062639267145333, 0.3287942560039614, 0.3458776924981431, 0.3523149294379797, 0.35578113394404554, 0.35776182223322606, 0.3607328546669968, 0.3612280267392919, 0.36172319881158704, 0.3624659569200297, 0.36271354295617725, 0.36271354295617725, 0.36271354295617725]
list_num_green = [0.0, 0.0, 0.0, 0.0, 0.0, 0.0, 0.0, 0.0, 0.0, 0.0, 0.0, 0.0, 0.0, 0.0, 0.0, 0.0, 0.0, 0.0, 0.0, 0.0, 0.0, 0.0, 0.0, 0.0, 0.0, 0.0, 0.0, 0.0, 0.0, 0.0, 0.0, 0.0, 0.0, 0.0, 0.0, 0.0, 0.0]
------------------------------------------- 
list_num_white = [0.9997524139638524, 0.9992572418915573, 0.9955434513493439, 0.9799455310720475, 0.9286952215895024, 0.834117355781134, 0.7870760089130973, 0.7645456796236693, 0.755632582322357, 0.7501856895271106, 0.7477098291656351, 0.7472146570933399, 0.7472146570933399, 0.7469670710571924, 0.7467194850210448, 0.7452339688041595, 0.7435008665511266, 0.7390443179004704, 0.7184946769002228, 0.6937360732854667, 0.6712057439960386, 0.6541223075018568, 0.6476850705620203, 0.6442188660559545, 0.6422381777667739, 0.6392671453330032, 0.6387719732607081, 0.638276801188413, 0.6375340430799703, 0.6372864570438227, 0.6372864570438227, 0.6372864570438227, 0.6372864570438227, 0.6372864570438227, 0.6372864570438227, 0.6372864570438227, 0.6372864570438227]
list_num_red = [0.0002475860361475613, 0.0007427581084426838, 0.004456548650656103, 0.020054468927952464, 0.07130477841049765, 0.16563505818271848, 0.21218123297846, 0.23099777172567468, 0.22431294874969052, 0.17850953206239167, 0.08640752661549889, 0.03986135181975736, 0.01733102253032929, 0.008665511265164644, 0.0034662045060658577, 0.0024758603614756128, 0.0037137905422134194, 0.008170339192869523, 0.028472394156969547, 0.05298341173557811, 0.07402822480812082, 0.08937855904926963, 0.0913592473384501, 0.07427581084426839, 0.05149789551869274, 0.0319385986630354, 0.015350334241148799, 0.009408269373607328, 0.006684822975984155, 0.0049517207229512255, 0.0019806882891804903, 0.0014855162168853676, 0.0009903441445902451, 0.0002475860361475613, 0.0, 0.0, 0.0]
list_num_orange = [0.0, 0.0, 0.0, 0.0, 0.0, 0.0002475860361475613, 0.0007427581084426838, 0.004456548650656103, 0.020054468927952464, 0.07130477841049765, 0.16588264421886606, 0.2129239910869027, 0.23545432037633077, 0.24436741767764297, 0.24981431047288932, 0.25229017083436495, 0.25278534290666005, 0.25278534290666005, 0.2530329289428076, 0.2532805149789552, 0.25476603119584057, 0.2564991334488735, 0.2609556820995296, 0.28150532309977716, 0.3062639267145333, 0.3287942560039614, 0.3458776924981431, 0.3523149294379797, 0.35578113394404554, 0.35776182223322606, 0.3607328546669968, 0.3612280267392919, 0.36172319881158704, 0.3624659569200297, 0.36271354295617725, 0.36271354295617725, 0.36271354295617725]
list_num_green = [0.0, 0.0, 0.0, 0.0, 0.0, 0.0, 0.0, 0.0, 0.0, 0.0, 0.0, 0.0, 0.0, 0.0, 0.0, 0.0, 0.0, 0.0, 0.0, 0.0, 0.0, 0.0, 0.0, 0.0, 0.0, 0.0, 0.0, 0.0, 0.0, 0.0, 0.0, 0.0, 0.0, 0.0, 0.0, 0.0, 0.0]
------------------------------------------- 
list_num_white = [0.9997524139638524, 0.9992572418915573, 0.9955434513493439, 0.9799455310720475, 0.9286952215895024, 0.834117355781134, 0.7870760089130973, 0.7645456796236693, 0.755632582322357, 0.7501856895271106, 0.7477098291656351, 0.7472146570933399, 0.7472146570933399, 0.7469670710571924, 0.7467194850210448, 0.7452339688041595, 0.7435008665511266, 0.7390443179004704, 0.7184946769002228, 0.6937360732854667, 0.6712057439960386, 0.6541223075018568, 0.6476850705620203, 0.6442188660559545, 0.6422381777667739, 0.6392671453330032, 0.6387719732607081, 0.638276801188413, 0.6375340430799703, 0.6372864570438227, 0.6372864570438227, 0.6372864570438227, 0.6372864570438227, 0.6372864570438227, 0.6372864570438227, 0.6372864570438227, 0.6372864570438227]
list_num_red = [0.0002475860361475613, 0.0007427581084426838, 0.004456548650656103, 0.020054468927952464, 0.07130477841049765, 0.16563505818271848, 0.21218123297846, 0.23099777172567468, 0.22431294874969052, 0.17850953206239167, 0.08640752661549889, 0.03986135181975736, 0.01733102253032929, 0.008665511265164644, 0.0034662045060658577, 0.0024758603614756128, 0.0037137905422134194, 0.008170339192869523, 0.028472394156969547, 0.05298341173557811, 0.07402822480812082, 0.08937855904926963, 0.0913592473384501, 0.07427581084426839, 0.05149789551869274, 0.0319385986630354, 0.015350334241148799, 0.009408269373607328, 0.006684822975984155, 0.0049517207229512255, 0.0019806882891804903, 0.0014855162168853676, 0.0009903441445902451, 0.0002475860361475613, 0.0, 0.0, 0.0]
list_num_orange = [0.0, 0.0, 0.0, 0.0, 0.0, 0.0002475860361475613, 0.0007427581084426838, 0.004456548650656103, 0.020054468927952464, 0.07130477841049765, 0.16588264421886606, 0.2129239910869027, 0.23545432037633077, 0.24436741767764297, 0.24981431047288932, 0.25229017083436495, 0.25278534290666005, 0.25278534290666005, 0.2530329289428076, 0.2532805149789552, 0.25476603119584057, 0.2564991334488735, 0.2609556820995296, 0.28150532309977716, 0.3062639267145333, 0.3287942560039614, 0.3458776924981431, 0.3523149294379797, 0.35578113394404554, 0.35776182223322606, 0.3607328546669968, 0.3612280267392919, 0.36172319881158704, 0.3624659569200297, 0.36271354295617725, 0.36271354295617725, 0.36271354295617725]
list_num_green = [0.0, 0.0, 0.0, 0.0, 0.0, 0.0, 0.0, 0.0, 0.0, 0.0, 0.0, 0.0, 0.0, 0.0, 0.0, 0.0, 0.0, 0.0, 0.0, 0.0, 0.0, 0.0, 0.0, 0.0, 0.0, 0.0, 0.0, 0.0, 0.0, 0.0, 0.0, 0.0, 0.0, 0.0, 0.0, 0.0, 0.0]
------------------------------------------- 
avg_list_num_white = [0.9997524139638524, 0.9992572418915574, 0.9955434513493439, 0.9799455310720475, 0.9286952215895025, 0.834117355781134, 0.7870760089130973, 0.7645456796236693, 0.755632582322357, 0.7501856895271106, 0.7477098291656351, 0.7472146570933399, 0.7472146570933399, 0.7469670710571924, 0.7467194850210448, 0.7452339688041595, 0.7435008665511266, 0.7390443179004703, 0.7184946769002228, 0.6937360732854668, 0.6712057439960386, 0.6541223075018568, 0.6476850705620203, 0.6442188660559545, 0.6422381777667739, 0.6392671453330032, 0.6387719732607081, 0.6382768011884129, 0.6375340430799703, 0.6372864570438227, 0.6372864570438227, 0.6372864570438227, 0.6372864570438227, 0.6372864570438227, 0.6372864570438227, 0.6372864570438227, 0.6372864570438227]
avg_list_num_red = [0.0002475860361475613, 0.0007427581084426838, 0.004456548650656103, 0.02005446892795246, 0.07130477841049765, 0.16563505818271848, 0.21218123297846, 0.23099777172567468, 0.22431294874969052, 0.1785095320623917, 0.08640752661549889, 0.03986135181975736, 0.017331022530329285, 0.008665511265164643, 0.0034662045060658577, 0.0024758603614756128, 0.0037137905422134194, 0.008170339192869523, 0.02847239415696955, 0.05298341173557811, 0.07402822480812082, 0.08937855904926963, 0.09135924733845012, 0.07427581084426839, 0.05149789551869275, 0.031938598663035396, 0.0153503342411488, 0.009408269373607328, 0.006684822975984155, 0.0049517207229512255, 0.0019806882891804903, 0.0014855162168853676, 0.0009903441445902451, 0.0002475860361475613, 0.0, 0.0, 0.0]
avg_list_num_orange = [0.0, 0.0, 0.0, 0.0, 0.0, 0.0002475860361475613, 0.0007427581084426838, 0.004456548650656103, 0.02005446892795246, 0.07130477841049765, 0.1658826442188661, 0.21292399108690271, 0.23545432037633077, 0.24436741767764295, 0.24981431047288935, 0.25229017083436495, 0.25278534290666005, 0.25278534290666005, 0.25303292894280766, 0.2532805149789552, 0.25476603119584057, 0.2564991334488735, 0.2609556820995296, 0.2815053230997772, 0.3062639267145333, 0.3287942560039614, 0.3458776924981431, 0.3523149294379797, 0.35578113394404554, 0.357761822233226, 0.3607328546669968, 0.36122802673929183, 0.36172319881158704, 0.3624659569200297, 0.36271354295617725, 0.36271354295617725, 0.36271354295617725]
avg_list_num_green = [0.0, 0.0, 0.0, 0.0, 0.0, 0.0, 0.0, 0.0, 0.0, 0.0, 0.0, 0.0, 0.0, 0.0, 0.0, 0.0, 0.0, 0.0, 0.0, 0.0, 0.0, 0.0, 0.0, 0.0, 0.0, 0.0, 0.0, 0.0, 0.0, 0.0, 0.0, 0.0, 0.0, 0.0, 0.0, 0.0, 0.0]
------------------------------------------- 
