list_num_white = [0.9997524139638524, 0.9992572418915573, 0.9955434513493439, 0.9799455310720475, 0.9306759098786829, 0.8217380539737559, 0.7742015350334241, 0.7541470661054717, 0.7459767269126021, 0.7407774201535033, 0.7385491458281753, 0.7365684575389948, 0.7345877692498143, 0.7323594949244863, 0.729636048526863, 0.7256746719485021, 0.7222084674424363, 0.7142857142857143, 0.7011636543698936, 0.682842287694974, 0.6328299083931667, 0.5295865313196336, 0.4392176281257737, 0.4077742015350334, 0.38375835602872, 0.35899975241396387, 0.33473632087150285, 0.31245357761822234, 0.30081703391928694, 0.2953701411240406, 0.29239910869026986, 0.2904184204010894, 0.29017083436494184, 0.29017083436494184, 0.29017083436494184, 0.29017083436494184, 0.29017083436494184, 0.29017083436494184, 0.29017083436494184, 0.29017083436494184, 0.29017083436494184, 0.29017083436494184, 0.29017083436494184]
list_num_red = [0.0002475860361475613, 0.0007427581084426838, 0.004456548650656103, 0.020054468927952464, 0.06932409012131716, 0.17801435999009657, 0.2250557068581332, 0.24139638524387225, 0.2339688041594454, 0.1898984897251795, 0.0831889081455806, 0.03763307749442931, 0.01955929685565734, 0.01361723198811587, 0.011141371626640258, 0.012874473879673186, 0.014359990096558554, 0.020302054964100025, 0.03119584055459272, 0.04679376083188908, 0.09284476355533548, 0.19262193612280268, 0.2750680861599406, 0.2933894528348601, 0.299083931666254, 0.2738301559792028, 0.19485021044813072, 0.12676405050755138, 0.10695716761574647, 0.08838821490467938, 0.06660064372369398, 0.044317900470413465, 0.022282743253280515, 0.010646199554345134, 0.005199306759098787, 0.0022282743253280515, 0.0002475860361475613, 0.0, 0.0, 0.0, 0.0, 0.0, 0.0]
list_num_orange = [0.0, 0.0, 0.0, 0.0, 0.0, 0.0002475860361475613, 0.0007427581084426838, 0.004456548650656103, 0.020054468927952464, 0.06932409012131716, 0.17826194602624412, 0.22579846496657588, 0.24585293389452834, 0.25402327308739786, 0.25922257984649666, 0.26145085417182473, 0.2634315424610052, 0.26541223075018566, 0.26764050507551373, 0.2703639514731369, 0.2743253280514979, 0.2777915325575638, 0.2857142857142857, 0.29883634563010647, 0.317157712305026, 0.3671700916068334, 0.47041346868036643, 0.5607823718742263, 0.5922257984649666, 0.61624164397128, 0.6410002475860361, 0.6652636791284972, 0.6875464223817777, 0.6991829660807131, 0.7046298588759594, 0.7076008913097301, 0.7095815795989107, 0.7098291656350582, 0.7098291656350582, 0.7098291656350582, 0.7098291656350582, 0.7098291656350582, 0.7098291656350582]
list_num_green = [0.0, 0.0, 0.0, 0.0, 0.0, 0.0, 0.0, 0.0, 0.0, 0.0, 0.0, 0.0, 0.0, 0.0, 0.0, 0.0, 0.0, 0.0, 0.0, 0.0, 0.0, 0.0, 0.0, 0.0, 0.0, 0.0, 0.0, 0.0, 0.0, 0.0, 0.0, 0.0, 0.0, 0.0, 0.0, 0.0, 0.0, 0.0, 0.0, 0.0, 0.0, 0.0, 0.0]
------------------------------------------- 
list_num_white = [0.9997524139638524, 0.9992572418915573, 0.9955434513493439, 0.9799455310720475, 0.9306759098786829, 0.8217380539737559, 0.7742015350334241, 0.7541470661054717, 0.7459767269126021, 0.7407774201535033, 0.7385491458281753, 0.7365684575389948, 0.7345877692498143, 0.7323594949244863, 0.729636048526863, 0.7256746719485021, 0.7222084674424363, 0.7142857142857143, 0.7011636543698936, 0.682842287694974, 0.6328299083931667, 0.5295865313196336, 0.4392176281257737, 0.4077742015350334, 0.38375835602872, 0.35899975241396387, 0.33473632087150285, 0.31245357761822234, 0.30081703391928694, 0.2953701411240406, 0.29239910869026986, 0.2904184204010894, 0.29017083436494184, 0.29017083436494184, 0.29017083436494184, 0.29017083436494184, 0.29017083436494184, 0.29017083436494184, 0.29017083436494184, 0.29017083436494184, 0.29017083436494184, 0.29017083436494184, 0.29017083436494184]
list_num_red = [0.0002475860361475613, 0.0007427581084426838, 0.004456548650656103, 0.020054468927952464, 0.06932409012131716, 0.17801435999009657, 0.2250557068581332, 0.24139638524387225, 0.2339688041594454, 0.1898984897251795, 0.0831889081455806, 0.03763307749442931, 0.01955929685565734, 0.01361723198811587, 0.011141371626640258, 0.012874473879673186, 0.014359990096558554, 0.020302054964100025, 0.03119584055459272, 0.04679376083188908, 0.09284476355533548, 0.19262193612280268, 0.2750680861599406, 0.2933894528348601, 0.299083931666254, 0.2738301559792028, 0.19485021044813072, 0.12676405050755138, 0.10695716761574647, 0.08838821490467938, 0.06660064372369398, 0.044317900470413465, 0.022282743253280515, 0.010646199554345134, 0.005199306759098787, 0.0022282743253280515, 0.0002475860361475613, 0.0, 0.0, 0.0, 0.0, 0.0, 0.0]
list_num_orange = [0.0, 0.0, 0.0, 0.0, 0.0, 0.0002475860361475613, 0.0007427581084426838, 0.004456548650656103, 0.020054468927952464, 0.06932409012131716, 0.17826194602624412, 0.22579846496657588, 0.24585293389452834, 0.25402327308739786, 0.25922257984649666, 0.26145085417182473, 0.2634315424610052, 0.26541223075018566, 0.26764050507551373, 0.2703639514731369, 0.2743253280514979, 0.2777915325575638, 0.2857142857142857, 0.29883634563010647, 0.317157712305026, 0.3671700916068334, 0.47041346868036643, 0.5607823718742263, 0.5922257984649666, 0.61624164397128, 0.6410002475860361, 0.6652636791284972, 0.6875464223817777, 0.6991829660807131, 0.7046298588759594, 0.7076008913097301, 0.7095815795989107, 0.7098291656350582, 0.7098291656350582, 0.7098291656350582, 0.7098291656350582, 0.7098291656350582, 0.7098291656350582]
list_num_green = [0.0, 0.0, 0.0, 0.0, 0.0, 0.0, 0.0, 0.0, 0.0, 0.0, 0.0, 0.0, 0.0, 0.0, 0.0, 0.0, 0.0, 0.0, 0.0, 0.0, 0.0, 0.0, 0.0, 0.0, 0.0, 0.0, 0.0, 0.0, 0.0, 0.0, 0.0, 0.0, 0.0, 0.0, 0.0, 0.0, 0.0, 0.0, 0.0, 0.0, 0.0, 0.0, 0.0]
------------------------------------------- 
list_num_white = [0.9997524139638524, 0.9992572418915573, 0.9955434513493439, 0.9799455310720475, 0.9306759098786829, 0.8217380539737559, 0.7742015350334241, 0.7541470661054717, 0.7459767269126021, 0.7407774201535033, 0.7385491458281753, 0.7365684575389948, 0.7345877692498143, 0.7323594949244863, 0.729636048526863, 0.7256746719485021, 0.7222084674424363, 0.7142857142857143, 0.7011636543698936, 0.682842287694974, 0.6328299083931667, 0.5295865313196336, 0.4392176281257737, 0.4077742015350334, 0.38375835602872, 0.35899975241396387, 0.33473632087150285, 0.31245357761822234, 0.30081703391928694, 0.2953701411240406, 0.29239910869026986, 0.2904184204010894, 0.29017083436494184, 0.29017083436494184, 0.29017083436494184, 0.29017083436494184, 0.29017083436494184, 0.29017083436494184, 0.29017083436494184, 0.29017083436494184, 0.29017083436494184, 0.29017083436494184, 0.29017083436494184]
list_num_red = [0.0002475860361475613, 0.0007427581084426838, 0.004456548650656103, 0.020054468927952464, 0.06932409012131716, 0.17801435999009657, 0.2250557068581332, 0.24139638524387225, 0.2339688041594454, 0.1898984897251795, 0.0831889081455806, 0.03763307749442931, 0.01955929685565734, 0.01361723198811587, 0.011141371626640258, 0.012874473879673186, 0.014359990096558554, 0.020302054964100025, 0.03119584055459272, 0.04679376083188908, 0.09284476355533548, 0.19262193612280268, 0.2750680861599406, 0.2933894528348601, 0.299083931666254, 0.2738301559792028, 0.19485021044813072, 0.12676405050755138, 0.10695716761574647, 0.08838821490467938, 0.06660064372369398, 0.044317900470413465, 0.022282743253280515, 0.010646199554345134, 0.005199306759098787, 0.0022282743253280515, 0.0002475860361475613, 0.0, 0.0, 0.0, 0.0, 0.0, 0.0]
list_num_orange = [0.0, 0.0, 0.0, 0.0, 0.0, 0.0002475860361475613, 0.0007427581084426838, 0.004456548650656103, 0.020054468927952464, 0.06932409012131716, 0.17826194602624412, 0.22579846496657588, 0.24585293389452834, 0.25402327308739786, 0.25922257984649666, 0.26145085417182473, 0.2634315424610052, 0.26541223075018566, 0.26764050507551373, 0.2703639514731369, 0.2743253280514979, 0.2777915325575638, 0.2857142857142857, 0.29883634563010647, 0.317157712305026, 0.3671700916068334, 0.47041346868036643, 0.5607823718742263, 0.5922257984649666, 0.61624164397128, 0.6410002475860361, 0.6652636791284972, 0.6875464223817777, 0.6991829660807131, 0.7046298588759594, 0.7076008913097301, 0.7095815795989107, 0.7098291656350582, 0.7098291656350582, 0.7098291656350582, 0.7098291656350582, 0.7098291656350582, 0.7098291656350582]
list_num_green = [0.0, 0.0, 0.0, 0.0, 0.0, 0.0, 0.0, 0.0, 0.0, 0.0, 0.0, 0.0, 0.0, 0.0, 0.0, 0.0, 0.0, 0.0, 0.0, 0.0, 0.0, 0.0, 0.0, 0.0, 0.0, 0.0, 0.0, 0.0, 0.0, 0.0, 0.0, 0.0, 0.0, 0.0, 0.0, 0.0, 0.0, 0.0, 0.0, 0.0, 0.0, 0.0, 0.0]
------------------------------------------- 
list_num_white = [0.9997524139638524, 0.9992572418915573, 0.9955434513493439, 0.9799455310720475, 0.9306759098786829, 0.8217380539737559, 0.7742015350334241, 0.7541470661054717, 0.7459767269126021, 0.7407774201535033, 0.7385491458281753, 0.7365684575389948, 0.7345877692498143, 0.7323594949244863, 0.729636048526863, 0.7256746719485021, 0.7222084674424363, 0.7142857142857143, 0.7011636543698936, 0.682842287694974, 0.6328299083931667, 0.5295865313196336, 0.4392176281257737, 0.4077742015350334, 0.38375835602872, 0.35899975241396387, 0.33473632087150285, 0.31245357761822234, 0.30081703391928694, 0.2953701411240406, 0.29239910869026986, 0.2904184204010894, 0.29017083436494184, 0.29017083436494184, 0.29017083436494184, 0.29017083436494184, 0.29017083436494184, 0.29017083436494184, 0.29017083436494184, 0.29017083436494184, 0.29017083436494184, 0.29017083436494184, 0.29017083436494184]
list_num_red = [0.0002475860361475613, 0.0007427581084426838, 0.004456548650656103, 0.020054468927952464, 0.06932409012131716, 0.17801435999009657, 0.2250557068581332, 0.24139638524387225, 0.2339688041594454, 0.1898984897251795, 0.0831889081455806, 0.03763307749442931, 0.01955929685565734, 0.01361723198811587, 0.011141371626640258, 0.012874473879673186, 0.014359990096558554, 0.020302054964100025, 0.03119584055459272, 0.04679376083188908, 0.09284476355533548, 0.19262193612280268, 0.2750680861599406, 0.2933894528348601, 0.299083931666254, 0.2738301559792028, 0.19485021044813072, 0.12676405050755138, 0.10695716761574647, 0.08838821490467938, 0.06660064372369398, 0.044317900470413465, 0.022282743253280515, 0.010646199554345134, 0.005199306759098787, 0.0022282743253280515, 0.0002475860361475613, 0.0, 0.0, 0.0, 0.0, 0.0, 0.0]
list_num_orange = [0.0, 0.0, 0.0, 0.0, 0.0, 0.0002475860361475613, 0.0007427581084426838, 0.004456548650656103, 0.020054468927952464, 0.06932409012131716, 0.17826194602624412, 0.22579846496657588, 0.24585293389452834, 0.25402327308739786, 0.25922257984649666, 0.26145085417182473, 0.2634315424610052, 0.26541223075018566, 0.26764050507551373, 0.2703639514731369, 0.2743253280514979, 0.2777915325575638, 0.2857142857142857, 0.29883634563010647, 0.317157712305026, 0.3671700916068334, 0.47041346868036643, 0.5607823718742263, 0.5922257984649666, 0.61624164397128, 0.6410002475860361, 0.6652636791284972, 0.6875464223817777, 0.6991829660807131, 0.7046298588759594, 0.7076008913097301, 0.7095815795989107, 0.7098291656350582, 0.7098291656350582, 0.7098291656350582, 0.7098291656350582, 0.7098291656350582, 0.7098291656350582]
list_num_green = [0.0, 0.0, 0.0, 0.0, 0.0, 0.0, 0.0, 0.0, 0.0, 0.0, 0.0, 0.0, 0.0, 0.0, 0.0, 0.0, 0.0, 0.0, 0.0, 0.0, 0.0, 0.0, 0.0, 0.0, 0.0, 0.0, 0.0, 0.0, 0.0, 0.0, 0.0, 0.0, 0.0, 0.0, 0.0, 0.0, 0.0, 0.0, 0.0, 0.0, 0.0, 0.0, 0.0]
------------------------------------------- 
list_num_white = [0.9997524139638524, 0.9992572418915573, 0.9955434513493439, 0.9799455310720475, 0.9306759098786829, 0.8217380539737559, 0.7742015350334241, 0.7541470661054717, 0.7459767269126021, 0.7407774201535033, 0.7385491458281753, 0.7365684575389948, 0.7345877692498143, 0.7323594949244863, 0.729636048526863, 0.7256746719485021, 0.7222084674424363, 0.7142857142857143, 0.7011636543698936, 0.682842287694974, 0.6328299083931667, 0.5295865313196336, 0.4392176281257737, 0.4077742015350334, 0.38375835602872, 0.35899975241396387, 0.33473632087150285, 0.31245357761822234, 0.30081703391928694, 0.2953701411240406, 0.29239910869026986, 0.2904184204010894, 0.29017083436494184, 0.29017083436494184, 0.29017083436494184, 0.29017083436494184, 0.29017083436494184, 0.29017083436494184, 0.29017083436494184, 0.29017083436494184, 0.29017083436494184, 0.29017083436494184, 0.29017083436494184]
list_num_red = [0.0002475860361475613, 0.0007427581084426838, 0.004456548650656103, 0.020054468927952464, 0.06932409012131716, 0.17801435999009657, 0.2250557068581332, 0.24139638524387225, 0.2339688041594454, 0.1898984897251795, 0.0831889081455806, 0.03763307749442931, 0.01955929685565734, 0.01361723198811587, 0.011141371626640258, 0.012874473879673186, 0.014359990096558554, 0.020302054964100025, 0.03119584055459272, 0.04679376083188908, 0.09284476355533548, 0.19262193612280268, 0.2750680861599406, 0.2933894528348601, 0.299083931666254, 0.2738301559792028, 0.19485021044813072, 0.12676405050755138, 0.10695716761574647, 0.08838821490467938, 0.06660064372369398, 0.044317900470413465, 0.022282743253280515, 0.010646199554345134, 0.005199306759098787, 0.0022282743253280515, 0.0002475860361475613, 0.0, 0.0, 0.0, 0.0, 0.0, 0.0]
list_num_orange = [0.0, 0.0, 0.0, 0.0, 0.0, 0.0002475860361475613, 0.0007427581084426838, 0.004456548650656103, 0.020054468927952464, 0.06932409012131716, 0.17826194602624412, 0.22579846496657588, 0.24585293389452834, 0.25402327308739786, 0.25922257984649666, 0.26145085417182473, 0.2634315424610052, 0.26541223075018566, 0.26764050507551373, 0.2703639514731369, 0.2743253280514979, 0.2777915325575638, 0.2857142857142857, 0.29883634563010647, 0.317157712305026, 0.3671700916068334, 0.47041346868036643, 0.5607823718742263, 0.5922257984649666, 0.61624164397128, 0.6410002475860361, 0.6652636791284972, 0.6875464223817777, 0.6991829660807131, 0.7046298588759594, 0.7076008913097301, 0.7095815795989107, 0.7098291656350582, 0.7098291656350582, 0.7098291656350582, 0.7098291656350582, 0.7098291656350582, 0.7098291656350582]
list_num_green = [0.0, 0.0, 0.0, 0.0, 0.0, 0.0, 0.0, 0.0, 0.0, 0.0, 0.0, 0.0, 0.0, 0.0, 0.0, 0.0, 0.0, 0.0, 0.0, 0.0, 0.0, 0.0, 0.0, 0.0, 0.0, 0.0, 0.0, 0.0, 0.0, 0.0, 0.0, 0.0, 0.0, 0.0, 0.0, 0.0, 0.0, 0.0, 0.0, 0.0, 0.0, 0.0, 0.0]
------------------------------------------- 
list_num_white = [0.9997524139638524, 0.9992572418915573, 0.9955434513493439, 0.9799455310720475, 0.9306759098786829, 0.8217380539737559, 0.7742015350334241, 0.7541470661054717, 0.7459767269126021, 0.7407774201535033, 0.7385491458281753, 0.7365684575389948, 0.7345877692498143, 0.7323594949244863, 0.729636048526863, 0.7256746719485021, 0.7222084674424363, 0.7142857142857143, 0.7011636543698936, 0.682842287694974, 0.6328299083931667, 0.5295865313196336, 0.4392176281257737, 0.4077742015350334, 0.38375835602872, 0.35899975241396387, 0.33473632087150285, 0.31245357761822234, 0.30081703391928694, 0.2953701411240406, 0.29239910869026986, 0.2904184204010894, 0.29017083436494184, 0.29017083436494184, 0.29017083436494184, 0.29017083436494184, 0.29017083436494184, 0.29017083436494184, 0.29017083436494184, 0.29017083436494184, 0.29017083436494184, 0.29017083436494184, 0.29017083436494184]
list_num_red = [0.0002475860361475613, 0.0007427581084426838, 0.004456548650656103, 0.020054468927952464, 0.06932409012131716, 0.17801435999009657, 0.2250557068581332, 0.24139638524387225, 0.2339688041594454, 0.1898984897251795, 0.0831889081455806, 0.03763307749442931, 0.01955929685565734, 0.01361723198811587, 0.011141371626640258, 0.012874473879673186, 0.014359990096558554, 0.020302054964100025, 0.03119584055459272, 0.04679376083188908, 0.09284476355533548, 0.19262193612280268, 0.2750680861599406, 0.2933894528348601, 0.299083931666254, 0.2738301559792028, 0.19485021044813072, 0.12676405050755138, 0.10695716761574647, 0.08838821490467938, 0.06660064372369398, 0.044317900470413465, 0.022282743253280515, 0.010646199554345134, 0.005199306759098787, 0.0022282743253280515, 0.0002475860361475613, 0.0, 0.0, 0.0, 0.0, 0.0, 0.0]
list_num_orange = [0.0, 0.0, 0.0, 0.0, 0.0, 0.0002475860361475613, 0.0007427581084426838, 0.004456548650656103, 0.020054468927952464, 0.06932409012131716, 0.17826194602624412, 0.22579846496657588, 0.24585293389452834, 0.25402327308739786, 0.25922257984649666, 0.26145085417182473, 0.2634315424610052, 0.26541223075018566, 0.26764050507551373, 0.2703639514731369, 0.2743253280514979, 0.2777915325575638, 0.2857142857142857, 0.29883634563010647, 0.317157712305026, 0.3671700916068334, 0.47041346868036643, 0.5607823718742263, 0.5922257984649666, 0.61624164397128, 0.6410002475860361, 0.6652636791284972, 0.6875464223817777, 0.6991829660807131, 0.7046298588759594, 0.7076008913097301, 0.7095815795989107, 0.7098291656350582, 0.7098291656350582, 0.7098291656350582, 0.7098291656350582, 0.7098291656350582, 0.7098291656350582]
list_num_green = [0.0, 0.0, 0.0, 0.0, 0.0, 0.0, 0.0, 0.0, 0.0, 0.0, 0.0, 0.0, 0.0, 0.0, 0.0, 0.0, 0.0, 0.0, 0.0, 0.0, 0.0, 0.0, 0.0, 0.0, 0.0, 0.0, 0.0, 0.0, 0.0, 0.0, 0.0, 0.0, 0.0, 0.0, 0.0, 0.0, 0.0, 0.0, 0.0, 0.0, 0.0, 0.0, 0.0]
------------------------------------------- 
avg_list_num_white = [0.9997524139638524, 0.9992572418915574, 0.9955434513493439, 0.9799455310720475, 0.9306759098786829, 0.8217380539737559, 0.7742015350334243, 0.7541470661054718, 0.745976726912602, 0.7407774201535035, 0.7385491458281753, 0.7365684575389948, 0.7345877692498143, 0.7323594949244862, 0.729636048526863, 0.725674671948502, 0.7222084674424362, 0.7142857142857143, 0.7011636543698936, 0.682842287694974, 0.6328299083931667, 0.5295865313196336, 0.43921762812577375, 0.4077742015350334, 0.38375835602872005, 0.35899975241396387, 0.33473632087150285, 0.3124535776182223, 0.3008170339192869, 0.2953701411240406, 0.2923991086902698, 0.2904184204010894, 0.29017083436494184, 0.29017083436494184, 0.29017083436494184, 0.29017083436494184, 0.29017083436494184, 0.29017083436494184, 0.29017083436494184, 0.29017083436494184, 0.29017083436494184, 0.29017083436494184, 0.29017083436494184]
avg_list_num_red = [0.0002475860361475613, 0.0007427581084426838, 0.004456548650656103, 0.02005446892795246, 0.06932409012131714, 0.17801435999009654, 0.22505570685813317, 0.24139638524387227, 0.2339688041594454, 0.1898984897251795, 0.0831889081455806, 0.03763307749442931, 0.01955929685565734, 0.013617231988115873, 0.011141371626640258, 0.012874473879673188, 0.014359990096558554, 0.020302054964100025, 0.031195840554592725, 0.04679376083188908, 0.09284476355533548, 0.19262193612280268, 0.2750680861599406, 0.2933894528348601, 0.29908393166625397, 0.27383015597920274, 0.1948502104481307, 0.12676405050755138, 0.10695716761574647, 0.0883882149046794, 0.066600643723694, 0.04431790047041346, 0.022282743253280515, 0.010646199554345134, 0.005199306759098787, 0.0022282743253280515, 0.0002475860361475613, 0.0, 0.0, 0.0, 0.0, 0.0, 0.0]
avg_list_num_orange = [0.0, 0.0, 0.0, 0.0, 0.0, 0.0002475860361475613, 0.0007427581084426838, 0.004456548650656103, 0.02005446892795246, 0.06932409012131714, 0.17826194602624412, 0.22579846496657588, 0.24585293389452834, 0.25402327308739786, 0.25922257984649666, 0.26145085417182473, 0.2634315424610052, 0.26541223075018566, 0.26764050507551373, 0.2703639514731369, 0.2743253280514979, 0.2777915325575638, 0.28571428571428564, 0.29883634563010647, 0.317157712305026, 0.3671700916068334, 0.47041346868036643, 0.5607823718742263, 0.5922257984649666, 0.61624164397128, 0.6410002475860361, 0.665263679128497, 0.6875464223817777, 0.6991829660807131, 0.7046298588759594, 0.7076008913097301, 0.7095815795989107, 0.7098291656350582, 0.7098291656350582, 0.7098291656350582, 0.7098291656350582, 0.7098291656350582, 0.7098291656350582]
avg_list_num_green = [0.0, 0.0, 0.0, 0.0, 0.0, 0.0, 0.0, 0.0, 0.0, 0.0, 0.0, 0.0, 0.0, 0.0, 0.0, 0.0, 0.0, 0.0, 0.0, 0.0, 0.0, 0.0, 0.0, 0.0, 0.0, 0.0, 0.0, 0.0, 0.0, 0.0, 0.0, 0.0, 0.0, 0.0, 0.0, 0.0, 0.0, 0.0, 0.0, 0.0, 0.0, 0.0, 0.0]
------------------------------------------- 
