list_num_white = [0.9997524139638524, 0.9992572418915573, 0.9955434513493439, 0.9799455310720475, 0.9286952215895024, 0.834117355781134, 0.7870760089130973, 0.7645456796236693, 0.755632582322357, 0.7501856895271106, 0.7477098291656351, 0.7472146570933399, 0.7472146570933399, 0.7472146570933399, 0.7472146570933399, 0.7472146570933399, 0.7472146570933399, 0.7472146570933399, 0.7472146570933399]
list_num_red = [0.0002475860361475613, 0.0007427581084426838, 0.004456548650656103, 0.020054468927952464, 0.07130477841049765, 0.16563505818271848, 0.21218123297846, 0.23099777172567468, 0.22431294874969052, 0.17850953206239167, 0.08640752661549889, 0.03986135181975736, 0.01733102253032929, 0.008417925229017083, 0.0029710324337707352, 0.0004951720722951226, 0.0, 0.0, 0.0]
list_num_orange = [0.0, 0.0, 0.0, 0.0, 0.0, 0.0002475860361475613, 0.0007427581084426838, 0.004456548650656103, 0.020054468927952464, 0.07130477841049765, 0.16588264421886606, 0.2129239910869027, 0.23545432037633077, 0.24436741767764297, 0.24981431047288932, 0.25229017083436495, 0.25278534290666005, 0.25278534290666005, 0.25278534290666005]
list_num_green = [0.0, 0.0, 0.0, 0.0, 0.0, 0.0, 0.0, 0.0, 0.0, 0.0, 0.0, 0.0, 0.0, 0.0, 0.0, 0.0, 0.0, 0.0, 0.0]
------------------------------------------- 
list_num_white = [0.9997524139638524, 0.9992572418915573, 0.9955434513493439, 0.9799455310720475, 0.9286952215895024, 0.834117355781134, 0.7870760089130973, 0.7645456796236693, 0.755632582322357, 0.7501856895271106, 0.7477098291656351, 0.7472146570933399, 0.7472146570933399, 0.7472146570933399, 0.7472146570933399, 0.7472146570933399, 0.7472146570933399, 0.7472146570933399, 0.7472146570933399]
list_num_red = [0.0002475860361475613, 0.0007427581084426838, 0.004456548650656103, 0.020054468927952464, 0.07130477841049765, 0.16563505818271848, 0.21218123297846, 0.23099777172567468, 0.22431294874969052, 0.17850953206239167, 0.08640752661549889, 0.03986135181975736, 0.01733102253032929, 0.008417925229017083, 0.0029710324337707352, 0.0004951720722951226, 0.0, 0.0, 0.0]
list_num_orange = [0.0, 0.0, 0.0, 0.0, 0.0, 0.0002475860361475613, 0.0007427581084426838, 0.004456548650656103, 0.020054468927952464, 0.07130477841049765, 0.16588264421886606, 0.2129239910869027, 0.23545432037633077, 0.24436741767764297, 0.24981431047288932, 0.25229017083436495, 0.25278534290666005, 0.25278534290666005, 0.25278534290666005]
list_num_green = [0.0, 0.0, 0.0, 0.0, 0.0, 0.0, 0.0, 0.0, 0.0, 0.0, 0.0, 0.0, 0.0, 0.0, 0.0, 0.0, 0.0, 0.0, 0.0]
------------------------------------------- 
list_num_white = [0.9997524139638524, 0.9992572418915573, 0.9955434513493439, 0.9799455310720475, 0.9286952215895024, 0.834117355781134, 0.7870760089130973, 0.7645456796236693, 0.755632582322357, 0.7501856895271106, 0.7477098291656351, 0.7472146570933399, 0.7472146570933399, 0.7472146570933399, 0.7472146570933399, 0.7472146570933399, 0.7472146570933399, 0.7472146570933399, 0.7472146570933399]
list_num_red = [0.0002475860361475613, 0.0007427581084426838, 0.004456548650656103, 0.020054468927952464, 0.07130477841049765, 0.16563505818271848, 0.21218123297846, 0.23099777172567468, 0.22431294874969052, 0.17850953206239167, 0.08640752661549889, 0.03986135181975736, 0.01733102253032929, 0.008417925229017083, 0.0029710324337707352, 0.0004951720722951226, 0.0, 0.0, 0.0]
list_num_orange = [0.0, 0.0, 0.0, 0.0, 0.0, 0.0002475860361475613, 0.0007427581084426838, 0.004456548650656103, 0.020054468927952464, 0.07130477841049765, 0.16588264421886606, 0.2129239910869027, 0.23545432037633077, 0.24436741767764297, 0.24981431047288932, 0.25229017083436495, 0.25278534290666005, 0.25278534290666005, 0.25278534290666005]
list_num_green = [0.0, 0.0, 0.0, 0.0, 0.0, 0.0, 0.0, 0.0, 0.0, 0.0, 0.0, 0.0, 0.0, 0.0, 0.0, 0.0, 0.0, 0.0, 0.0]
------------------------------------------- 
list_num_white = [0.9997524139638524, 0.9992572418915573, 0.9955434513493439, 0.9799455310720475, 0.9286952215895024, 0.834117355781134, 0.7870760089130973, 0.7645456796236693, 0.755632582322357, 0.7501856895271106, 0.7477098291656351, 0.7472146570933399, 0.7472146570933399, 0.7472146570933399, 0.7472146570933399, 0.7472146570933399, 0.7472146570933399, 0.7472146570933399, 0.7472146570933399]
list_num_red = [0.0002475860361475613, 0.0007427581084426838, 0.004456548650656103, 0.020054468927952464, 0.07130477841049765, 0.16563505818271848, 0.21218123297846, 0.23099777172567468, 0.22431294874969052, 0.17850953206239167, 0.08640752661549889, 0.03986135181975736, 0.01733102253032929, 0.008417925229017083, 0.0029710324337707352, 0.0004951720722951226, 0.0, 0.0, 0.0]
list_num_orange = [0.0, 0.0, 0.0, 0.0, 0.0, 0.0002475860361475613, 0.0007427581084426838, 0.004456548650656103, 0.020054468927952464, 0.07130477841049765, 0.16588264421886606, 0.2129239910869027, 0.23545432037633077, 0.24436741767764297, 0.24981431047288932, 0.25229017083436495, 0.25278534290666005, 0.25278534290666005, 0.25278534290666005]
list_num_green = [0.0, 0.0, 0.0, 0.0, 0.0, 0.0, 0.0, 0.0, 0.0, 0.0, 0.0, 0.0, 0.0, 0.0, 0.0, 0.0, 0.0, 0.0, 0.0]
------------------------------------------- 
list_num_white = [0.9997524139638524, 0.9992572418915573, 0.9955434513493439, 0.9799455310720475, 0.9286952215895024, 0.834117355781134, 0.7870760089130973, 0.7645456796236693, 0.755632582322357, 0.7501856895271106, 0.7477098291656351, 0.7472146570933399, 0.7472146570933399, 0.7472146570933399, 0.7472146570933399, 0.7472146570933399, 0.7472146570933399, 0.7472146570933399, 0.7472146570933399]
list_num_red = [0.0002475860361475613, 0.0007427581084426838, 0.004456548650656103, 0.020054468927952464, 0.07130477841049765, 0.16563505818271848, 0.21218123297846, 0.23099777172567468, 0.22431294874969052, 0.17850953206239167, 0.08640752661549889, 0.03986135181975736, 0.01733102253032929, 0.008417925229017083, 0.0029710324337707352, 0.0004951720722951226, 0.0, 0.0, 0.0]
list_num_orange = [0.0, 0.0, 0.0, 0.0, 0.0, 0.0002475860361475613, 0.0007427581084426838, 0.004456548650656103, 0.020054468927952464, 0.07130477841049765, 0.16588264421886606, 0.2129239910869027, 0.23545432037633077, 0.24436741767764297, 0.24981431047288932, 0.25229017083436495, 0.25278534290666005, 0.25278534290666005, 0.25278534290666005]
list_num_green = [0.0, 0.0, 0.0, 0.0, 0.0, 0.0, 0.0, 0.0, 0.0, 0.0, 0.0, 0.0, 0.0, 0.0, 0.0, 0.0, 0.0, 0.0, 0.0]
------------------------------------------- 
list_num_white = [0.9997524139638524, 0.9992572418915573, 0.9955434513493439, 0.9799455310720475, 0.9286952215895024, 0.834117355781134, 0.7870760089130973, 0.7645456796236693, 0.755632582322357, 0.7501856895271106, 0.7477098291656351, 0.7472146570933399, 0.7472146570933399, 0.7472146570933399, 0.7472146570933399, 0.7472146570933399, 0.7472146570933399, 0.7472146570933399, 0.7472146570933399]
list_num_red = [0.0002475860361475613, 0.0007427581084426838, 0.004456548650656103, 0.020054468927952464, 0.07130477841049765, 0.16563505818271848, 0.21218123297846, 0.23099777172567468, 0.22431294874969052, 0.17850953206239167, 0.08640752661549889, 0.03986135181975736, 0.01733102253032929, 0.008417925229017083, 0.0029710324337707352, 0.0004951720722951226, 0.0, 0.0, 0.0]
list_num_orange = [0.0, 0.0, 0.0, 0.0, 0.0, 0.0002475860361475613, 0.0007427581084426838, 0.004456548650656103, 0.020054468927952464, 0.07130477841049765, 0.16588264421886606, 0.2129239910869027, 0.23545432037633077, 0.24436741767764297, 0.24981431047288932, 0.25229017083436495, 0.25278534290666005, 0.25278534290666005, 0.25278534290666005]
list_num_green = [0.0, 0.0, 0.0, 0.0, 0.0, 0.0, 0.0, 0.0, 0.0, 0.0, 0.0, 0.0, 0.0, 0.0, 0.0, 0.0, 0.0, 0.0, 0.0]
------------------------------------------- 
avg_list_num_white = [0.9997524139638524, 0.9992572418915574, 0.9955434513493439, 0.9799455310720475, 0.9286952215895025, 0.834117355781134, 0.7870760089130973, 0.7645456796236693, 0.755632582322357, 0.7501856895271106, 0.7477098291656351, 0.7472146570933399, 0.7472146570933399, 0.7472146570933399, 0.7472146570933399, 0.7472146570933399, 0.7472146570933399, 0.7472146570933399, 0.7472146570933399]
avg_list_num_red = [0.0002475860361475613, 0.0007427581084426838, 0.004456548650656103, 0.02005446892795246, 0.07130477841049765, 0.16563505818271848, 0.21218123297846, 0.23099777172567468, 0.22431294874969052, 0.1785095320623917, 0.08640752661549889, 0.03986135181975736, 0.017331022530329285, 0.008417925229017083, 0.0029710324337707352, 0.0004951720722951226, 0.0, 0.0, 0.0]
avg_list_num_orange = [0.0, 0.0, 0.0, 0.0, 0.0, 0.0002475860361475613, 0.0007427581084426838, 0.004456548650656103, 0.02005446892795246, 0.07130477841049765, 0.1658826442188661, 0.21292399108690271, 0.23545432037633077, 0.24436741767764295, 0.24981431047288935, 0.25229017083436495, 0.25278534290666005, 0.25278534290666005, 0.25278534290666005]
avg_list_num_green = [0.0, 0.0, 0.0, 0.0, 0.0, 0.0, 0.0, 0.0, 0.0, 0.0, 0.0, 0.0, 0.0, 0.0, 0.0, 0.0, 0.0, 0.0, 0.0]
------------------------------------------- 
