outputs[ 0 ]=[0.0, 0.0, 0.0, 0.0, 0.0, 1.2299215310063217e-05, 0.00011069293779056896, 0.0009716380094949942, 0.0039111504686001036, 0.016591641453275283, 0.060598233832681474, 0.15575726268664059, 0.2729441861609229, 0.3750153740191376, 0.44958551644405087, 0.49992620470813964, 0.5325437237104272, 0.5542887363786191, 0.5683344402627113, 0.5766610090276241, 0.5813470100607582, 0.5848891840700563, 0.586967751457457, 0.5889602243376872, 0.5911863823088087, 0.5927360834378766, 0.594347280643495, 0.5961306668634541, 0.5983199271886454, 0.6002755024229454, 0.6017760066907731, 0.6030059282217795, 0.6041620544609254, 0.6048139128723587, 0.6051213932551103, 0.6052689838388311, 0.6054165744225518, 0.6054780704991022, 0.6055272673603425, 0.6055518657909625, 0.6055887634368927, 0.6056502595134431, 0.6057855508818537, 0.6058470469584041, 0.6058470469584041, 0.6058839446043343, 0.6058839446043343, 0.6058839446043343, 0.6058839446043343, 0.6058839446043343, 0.6058839446043343, 0.6058839446043343, 0.6058839446043343, 0.6058839446043343, 0.6058839446043343]
outputs_edges[ 0 ]=[0, 0, 0, 0, 0, 0, 0, 301722, 613056, 954713, 1296413, 1639551, 1981590, 2320090, 2656313, 2911612, 2911612, 2911612, 2911612, 2911612, 2911612, 2911612, 2911612, 2911612, 2911612, 2911612, 2911612, 2911612, 2911612, 2911612, 2911612, 2911612, 2911612, 2911612, 2911612, 2911612, 2911612, 2911612, 2911612, 2911612, 2911612, 2911612, 2911612, 2911612, 2911612, 2911612, 2911612, 2911612, 2911612, 2911612, 2911612, 2911612, 2911612, 2911612, 2911612]
--------------------------------------------
outputs[ 1 ]=[0.0, 0.0, 0.0, 0.0, 0.0, 1.2299215310063217e-05, 4.919686124025287e-05, 0.00029518116744151724, 0.0013652128994170172, 0.006002017071310851, 0.024782918849777385, 0.07758345017587878, 0.16439131183430497, 0.25701670233439106, 0.3608220795513246, 0.43809804934445185, 0.4889553046515632, 0.5236390918259415, 0.5457776793840553, 0.5607212259857821, 0.570240818635771, 0.5756647725875089, 0.5800063955919612, 0.5830934986347871, 0.5850613730843972, 0.586574176567535, 0.5879147910363319, 0.5892800039357489, 0.5905591223279955, 0.5918628391508621, 0.5931542567584188, 0.5940275010454333, 0.5945317688731458, 0.594949942193688, 0.5956509974663616, 0.5967579268442673, 0.5972498954566698, 0.5975819742700416, 0.5980001475905837, 0.5988856910929082, 0.5995006518584114, 0.5997343369493027, 0.5998696283177133, 0.5999680220401938, 0.6000172189014341, 0.6000541165473643, 0.6000910141932945, 0.6001402110545347, 0.6001648094851548, 0.6002140063463951, 0.6002140063463951, 0.6002140063463951, 0.6002140063463951, 0.6002140063463951, 0.6002140063463951]
outputs_edges[ 1 ]=[0, 0, 0, 0, 0, 0, 0, 0, 265508, 596025, 943907, 1292420, 1641824, 1991228, 2340632, 2621021, 2870397, 2870397, 2870397, 2870397, 2870397, 2870397, 2870397, 2870397, 2870397, 2870397, 2870397, 2870397, 2870397, 2870397, 2870397, 2870397, 2870397, 2870397, 2870397, 2870397, 2870397, 2870397, 2870397, 2870397, 2870397, 2870397, 2870397, 2870397, 2870397, 2870397, 2870397, 2870397, 2870397, 2870397, 2870397, 2870397, 2870397, 2870397, 2870397]
--------------------------------------------
outputs[ 2 ]=[0.0, 0.0, 0.0, 0.0, 0.0, 1.2299215310063217e-05, 0.00024598430620126436, 0.0009101419329446782, 0.0022384571864315058, 0.006678473913364328, 0.016370255577694143, 0.049405947900523946, 0.14069072393181314, 0.2732885641896047, 0.3905861806016776, 0.465180921457211, 0.5140949007453325, 0.5437237104272747, 0.5625661082822916, 0.574127370673751, 0.5807812461564952, 0.5845202076107544, 0.587164538902418, 0.5893415000122992, 0.5905714215433056, 0.5921211226723735, 0.5941381939832239, 0.5961798637246943, 0.5983937224805057, 0.6010134553415493, 0.6025877549012373, 0.6045802277814676, 0.6061053304799153, 0.6082453939438663, 0.6094876146901828, 0.6100656778097557, 0.6103731581925074, 0.6105453472068482, 0.6106437409293287, 0.6107421346518093, 0.6107790322977394, 0.6108036307283595, 0.6108036307283595, 0.6108036307283595, 0.6108036307283595, 0.6108036307283595, 0.6108036307283595, 0.6108036307283595, 0.6108036307283595, 0.6108036307283595, 0.6108036307283595, 0.6108036307283595, 0.6108036307283595, 0.6108036307283595, 0.6108036307283595]
outputs_edges[ 2 ]=[0, 0, 0, 0, 0, 0, 0, 0, 284056, 615805, 948089, 1281223, 1615692, 1950161, 2281530, 2612822, 2924281, 2924281, 2924281, 2924281, 2924281, 2924281, 2924281, 2924281, 2924281, 2924281, 2924281, 2924281, 2924281, 2924281, 2924281, 2924281, 2924281, 2924281, 2924281, 2924281, 2924281, 2924281, 2924281, 2924281, 2924281, 2924281, 2924281, 2924281, 2924281, 2924281, 2924281, 2924281, 2924281, 2924281, 2924281, 2924281, 2924281, 2924281, 2924281]
--------------------------------------------
outputs[ 3 ]=[0.0, 0.0, 0.0, 0.0, 0.0, 1.2299215310063217e-05, 0.0001352913684106954, 0.0012299215310063217, 0.006407891176542936, 0.026824588591247877, 0.06736280225321624, 0.12745676825818514, 0.20084618601333235, 0.3093375642634, 0.409342483949524, 0.47800900302560695, 0.5223599734336949, 0.5477701522642855, 0.5625661082822916, 0.57197500799449, 0.5782230093720021, 0.5825277347305242, 0.5859592158020318, 0.5884067596487345, 0.5899441615624923, 0.5908789019260571, 0.5922072171795439, 0.5934617371411703, 0.5941873908444641, 0.5945317688731458, 0.5947162571027969, 0.5950483359161686, 0.5957985880500825, 0.5967456276289572, 0.5971269033035692, 0.5972006985954296, 0.5972867931026, 0.5972990923179101, 0.5973236907485302, 0.5973236907485302, 0.5973482891791504, 0.5973605883944604, 0.5973728876097705, 0.5973851868250806, 0.5973851868250806, 0.5973851868250806, 0.5973851868250806, 0.5973851868250806, 0.5973851868250806, 0.5973851868250806, 0.5973851868250806, 0.5973851868250806, 0.5973851868250806, 0.5973851868250806, 0.5973851868250806]
outputs_edges[ 3 ]=[0, 0, 0, 0, 0, 0, 0, 241802, 549887, 894474, 1239271, 1584546, 1929821, 2273999, 2598654, 2823344, 3038927, 3038927, 3038927, 3038927, 3038927, 3038927, 3038927, 3038927, 3038927, 3038927, 3038927, 3038927, 3038927, 3038927, 3038927, 3038927, 3038927, 3038927, 3038927, 3038927, 3038927, 3038927, 3038927, 3038927, 3038927, 3038927, 3038927, 3038927, 3038927, 3038927, 3038927, 3038927, 3038927, 3038927, 3038927, 3038927, 3038927, 3038927, 3038927]
--------------------------------------------
outputs[ 4 ]=[0.0, 0.0, 0.0, 0.0, 0.0, 1.2299215310063217e-05, 2.4598430620126434e-05, 2.4598430620126434e-05, 2.4598430620126434e-05, 2.4598430620126434e-05, 2.4598430620126434e-05, 2.4598430620126434e-05, 2.4598430620126434e-05, 2.4598430620126434e-05, 2.4598430620126434e-05, 2.4598430620126434e-05, 2.4598430620126434e-05, 2.4598430620126434e-05, 2.4598430620126434e-05, 2.4598430620126434e-05, 2.4598430620126434e-05, 2.4598430620126434e-05, 2.4598430620126434e-05, 2.4598430620126434e-05, 2.4598430620126434e-05, 2.4598430620126434e-05, 2.4598430620126434e-05, 2.4598430620126434e-05, 2.4598430620126434e-05, 2.4598430620126434e-05, 2.4598430620126434e-05, 2.4598430620126434e-05, 2.4598430620126434e-05, 2.4598430620126434e-05, 2.4598430620126434e-05, 2.4598430620126434e-05, 2.4598430620126434e-05, 2.4598430620126434e-05, 2.4598430620126434e-05, 2.4598430620126434e-05, 2.4598430620126434e-05, 2.4598430620126434e-05, 2.4598430620126434e-05, 2.4598430620126434e-05, 2.4598430620126434e-05, 2.4598430620126434e-05, 2.4598430620126434e-05, 2.4598430620126434e-05, 2.4598430620126434e-05, 2.4598430620126434e-05, 2.4598430620126434e-05, 2.4598430620126434e-05, 2.4598430620126434e-05, 2.4598430620126434e-05, 2.4598430620126434e-05]
outputs_edges[ 4 ]=[0, 0, 0, 0, 0, 0, 0, 0, 0, 0, 0, 0, 0, 0, 0, 0, 0, 0, 0, 0, 0, 0, 0, 0, 0, 0, 0, 0, 0, 0, 0, 0, 0, 0, 0, 0, 0, 0, 0, 0, 0, 0, 0, 0, 0, 0, 0, 0, 0, 0, 0, 0, 0, 0, 0]
--------------------------------------------
outputs[ 5 ]=[0.0, 0.0, 0.0, 0.0, 0.0, 1.2299215310063217e-05, 0.00014759058372075862, 0.0006272599808132242, 0.0016111972056182815, 0.004071040267630925, 0.01115538828622734, 0.028878557548028434, 0.06584999877007847, 0.1369271640469338, 0.24715273165572035, 0.35505374757090497, 0.4387376085405751, 0.49397338449806905, 0.5295304159594618, 0.55252994858928, 0.567879369296239, 0.5779401274198707, 0.5841266327208324, 0.5885420510171451, 0.59143236661501, 0.594544068088456, 0.597065407227019, 0.5997835338105428, 0.6023171721644159, 0.6045925269967776, 0.6059085430349543, 0.6064251100779771, 0.6066833935994883, 0.6068063857525889, 0.6069170786903796, 0.6069785747669298, 0.6070400708434802, 0.6070769684894104, 0.6070892677047205, 0.6071138661353406, 0.6071138661353406, 0.6071138661353406, 0.6071138661353406, 0.6071138661353406, 0.6071138661353406, 0.6071138661353406, 0.6071138661353406, 0.6071138661353406, 0.6071138661353406, 0.6071138661353406, 0.6071138661353406, 0.6071138661353406, 0.6071138661353406, 0.6071138661353406, 0.6071138661353406]
outputs_edges[ 5 ]=[0, 0, 0, 0, 0, 0, 0, 0, 0, 287395, 592530, 926642, 1262854, 1599066, 1927473, 2255880, 2571930, 2860459, 2860459, 2860459, 2860459, 2860459, 2860459, 2860459, 2860459, 2860459, 2860459, 2860459, 2860459, 2860459, 2860459, 2860459, 2860459, 2860459, 2860459, 2860459, 2860459, 2860459, 2860459, 2860459, 2860459, 2860459, 2860459, 2860459, 2860459, 2860459, 2860459, 2860459, 2860459, 2860459, 2860459, 2860459, 2860459, 2860459, 2860459]
--------------------------------------------
outputs[ 6 ]=[0.0, 0.0, 0.0, 0.0, 0.0, 1.2299215310063217e-05, 6.149607655031609e-05, 0.00012299215310063218, 0.00030748038275158043, 0.0007010552726736034, 0.0025090399232528967, 0.011610459252699677, 0.0306619437679876, 0.05144761764199444, 0.0907190121270263, 0.17526381816840086, 0.3022778146754237, 0.41868988758517206, 0.4931370378569847, 0.5380660713846457, 0.5674488967603867, 0.5852458613140482, 0.5956632966816717, 0.6021326839347649, 0.605834747743094, 0.6083314884510368, 0.6100410793791357, 0.6111726071876614, 0.6119597569675055, 0.6127223083167294, 0.6131650800678917, 0.6135217573118835, 0.6137923400487049, 0.6139153322018055, 0.6140260251395961, 0.6140875212161464, 0.6140998204314565, 0.6141244188620766, 0.6141244188620766, 0.6141244188620766, 0.6141367180773867, 0.6141367180773867, 0.6141367180773867, 0.6141367180773867, 0.6141367180773867, 0.6141367180773867, 0.6141367180773867, 0.6141367180773867, 0.6141367180773867, 0.6141367180773867, 0.6141367180773867, 0.6141367180773867, 0.6141367180773867, 0.6141367180773867, 0.6141367180773867]
outputs_edges[ 6 ]=[0, 0, 0, 0, 0, 0, 0, 0, 0, 0, 0, 308425, 657373, 1012772, 1368517, 1724262, 2080007, 2423027, 2759889, 3066319, 3066319, 3066319, 3066319, 3066319, 3066319, 3066319, 3066319, 3066319, 3066319, 3066319, 3066319, 3066319, 3066319, 3066319, 3066319, 3066319, 3066319, 3066319, 3066319, 3066319, 3066319, 3066319, 3066319, 3066319, 3066319, 3066319, 3066319, 3066319, 3066319, 3066319, 3066319, 3066319, 3066319, 3066319, 3066319]
--------------------------------------------
outputs[ 7 ]=[0.0, 0.0, 0.0, 0.0, 0.0, 1.2299215310063217e-05, 0.00011069293779056896, 0.0006518584114333506, 0.002914914028484983, 0.012914176075566379, 0.041374560303052664, 0.10370698349445305, 0.21058716453890242, 0.3362113497158881, 0.42739773202469683, 0.4834452561926549, 0.5194450594052099, 0.5457530809534352, 0.5625415098516715, 0.5724054805303421, 0.5793176395345977, 0.5845202076107544, 0.5877057043760608, 0.5895997835338106, 0.5919489336580326, 0.5953066194376799, 0.5977295648537624, 0.5991562738297297, 0.6006321796669373, 0.6017268098295329, 0.6024524635328266, 0.6029444321452291, 0.6031658180208103, 0.6038299756475537, 0.604863109733599, 0.605637960298133, 0.606019235972745, 0.606437409293287, 0.6065849998770079, 0.6066956928147984, 0.6068063857525889, 0.6068432833985192, 0.6068924802597594, 0.6069047794750695, 0.6069170786903796, 0.6069293779056896, 0.6069416771209997, 0.6069416771209997, 0.6069416771209997, 0.6069416771209997, 0.6069416771209997, 0.6069416771209997, 0.6069416771209997, 0.6069416771209997, 0.6069416771209997]
outputs_edges[ 7 ]=[0, 0, 0, 0, 0, 0, 0, 233266, 557447, 901557, 1249444, 1597331, 1945635, 2294740, 2637576, 2957201, 2957201, 2957201, 2957201, 2957201, 2957201, 2957201, 2957201, 2957201, 2957201, 2957201, 2957201, 2957201, 2957201, 2957201, 2957201, 2957201, 2957201, 2957201, 2957201, 2957201, 2957201, 2957201, 2957201, 2957201, 2957201, 2957201, 2957201, 2957201, 2957201, 2957201, 2957201, 2957201, 2957201, 2957201, 2957201, 2957201, 2957201, 2957201, 2957201]
--------------------------------------------
outputs[ 8 ]=[0.0, 0.0, 0.0, 0.0, 0.0, 1.2299215310063217e-05, 6.149607655031609e-05, 0.00038127567461195976, 0.002250756401741569, 0.012668191769365114, 0.048016136570486805, 0.12329963348338376, 0.2227264900499348, 0.3301970334292672, 0.4195631318721866, 0.476459301896539, 0.5134553415492091, 0.5377831894325142, 0.5554202641871449, 0.5668831328561238, 0.5746808353627039, 0.5802400806828525, 0.5850490738690871, 0.5894275945194697, 0.5913831697537697, 0.5930927606818684, 0.5952574225764397, 0.5975204781934913, 0.5987135020785674, 0.5997220377339926, 0.6003369984994957, 0.6009150616190687, 0.6012717388630605, 0.6016038176764322, 0.6017760066907731, 0.6018989988438738, 0.6019235972744938, 0.6019235972744938, 0.6019235972744938, 0.6019235972744938, 0.6019235972744938, 0.6019235972744938, 0.6019235972744938, 0.6019235972744938, 0.6019235972744938, 0.6019235972744938, 0.6019235972744938, 0.6019235972744938, 0.6019235972744938, 0.6019235972744938, 0.6019235972744938, 0.6019235972744938, 0.6019235972744938, 0.6019235972744938, 0.6019235972744938]
outputs_edges[ 8 ]=[0, 0, 0, 0, 0, 0, 0, 242928, 562648, 905110, 1247983, 1590856, 1935396, 2279936, 2562937, 2823262, 2823262, 2823262, 2823262, 2823262, 2823262, 2823262, 2823262, 2823262, 2823262, 2823262, 2823262, 2823262, 2823262, 2823262, 2823262, 2823262, 2823262, 2823262, 2823262, 2823262, 2823262, 2823262, 2823262, 2823262, 2823262, 2823262, 2823262, 2823262, 2823262, 2823262, 2823262, 2823262, 2823262, 2823262, 2823262, 2823262, 2823262, 2823262, 2823262]
--------------------------------------------
outputs[ 9 ]=[0.0, 0.0, 0.0, 0.0, 0.0, 1.2299215310063217e-05, 7.379529186037931e-05, 0.0004058741052320862, 0.0005534646889528448, 0.0007010552726736034, 0.0008363466410842988, 0.0010700317319755, 0.0013283152534868275, 0.0019063783730597988, 0.00527636336801712, 0.025459375691830863, 0.08204806533343173, 0.1954837281381448, 0.33533810542887366, 0.44101296337293683, 0.5041202371288712, 0.5450766241113817, 0.5691953853344157, 0.5833640813716084, 0.591838240720242, 0.5979755491599636, 0.6028706368533687, 0.6059700391115047, 0.608356086881657, 0.6100656778097557, 0.6108405283742897, 0.6111972056182815, 0.6116399773694439, 0.6121073475512262, 0.6130051902688608, 0.6145179937519987, 0.6149115686419206, 0.6150591592256414, 0.6151944505940521, 0.6152559466706025, 0.6152928443165326, 0.6153297419624628, 0.6153789388237031, 0.6154896317614936, 0.6155388286227339, 0.615563427053354, 0.6155880254839742, 0.6155880254839742, 0.6155880254839742, 0.6155880254839742, 0.6155880254839742, 0.6155880254839742, 0.6155880254839742, 0.6155880254839742, 0.6155880254839742]
outputs_edges[ 9 ]=[0, 0, 0, 0, 0, 0, 0, 0, 0, 0, 0, 0, 0, 296322, 617336, 941114, 1265368, 1589622, 1913436, 2237521, 2560430, 2560430, 2560430, 2560430, 2560430, 2560430, 2560430, 2560430, 2560430, 2560430, 2560430, 2560430, 2560430, 2560430, 2560430, 2560430, 2560430, 2560430, 2560430, 2560430, 2560430, 2560430, 2560430, 2560430, 2560430, 2560430, 2560430, 2560430, 2560430, 2560430, 2560430, 2560430, 2560430, 2560430, 2560430]
--------------------------------------------
avg_output=[0.0, 0.0, 0.0, 0.0, 0.0, 1.2299215310063217e-05, 0.0001020834870735247, 0.0005620741396698892, 0.002158512286916095, 0.008717683811772809, 0.027303028066809336, 0.0678793692962389, 0.13100509187513837, 0.2071372346444297, 0.28004698300248443, 0.339692027648636, 0.3913942390475488, 0.4361129559934076, 0.4715236267926106, 0.49544068088455956, 0.5104063660738445, 0.5200649398568371, 0.5261862593166556, 0.5302892775440927, 0.5329225395419772, 0.5351585368853466, 0.537159619216294, 0.5388679802228616, 0.5403463459031314, 0.5416537524905911, 0.5424962487393304, 0.5431690158167909, 0.5437175608196197, 0.5443042333899097, 0.5447998917669052, 0.5452438934395986, 0.5454345312769046, 0.5455550635869432, 0.5456436179371756, 0.5457641502472141, 0.5458514746759157, 0.5458920620864389, 0.5459301896539002, 0.5459597077706444, 0.5459707770644233, 0.5459818463582023, 0.5459892258873884, 0.5459941455735124, 0.5459966054165745, 0.5460015251026984, 0.5460015251026984, 0.5460015251026984, 0.5460015251026984, 0.5460015251026984, 0.5460015251026984]
avg_output_edges=[0.0, 0.0, 0.0, 0.0, 0.0, 0.0, 0.0, 101971.8, 283260.2, 515507.9, 751763.7, 1022099.4, 1297018.5, 1601831.4, 1899096.8, 2167051.8, 2344298.5, 2439878.8, 2505946.4, 2568997.9, 2601288.8, 2601288.8, 2601288.8, 2601288.8, 2601288.8, 2601288.8, 2601288.8, 2601288.8, 2601288.8, 2601288.8, 2601288.8, 2601288.8, 2601288.8, 2601288.8, 2601288.8, 2601288.8, 2601288.8, 2601288.8, 2601288.8, 2601288.8, 2601288.8, 2601288.8, 2601288.8, 2601288.8, 2601288.8, 2601288.8, 2601288.8, 2601288.8, 2601288.8, 2601288.8, 2601288.8, 2601288.8, 2601288.8, 2601288.8, 2601288.8]
