outputs[ 0 ]=[0.0, 0.0, 0.0, 0.0, 0.0, 1.2299215310063217e-05, 1.2299215310063217e-05, 1.2299215310063217e-05, 2.4598430620126434e-05, 9.839372248050574e-05, 0.0009716380094949942, 0.0024475438467025804, 0.004993481415885666, 0.010749514180995252, 0.027919218753843504, 0.08349937274001919, 0.1938110348559762, 0.3234939610852828, 0.4361055764642216, 0.5124099082478538, 0.5586057609524512, 0.584618601333235, 0.6003369984994957, 0.6090202445084003, 0.6142597102304873, 0.6172484195508326, 0.6191424987085824, 0.6207536959142007, 0.6221681056748579, 0.6228937593781517, 0.6233980272058642, 0.6236809091579957, 0.6239883895407473, 0.6242466730622587, 0.6244065628612895, 0.6245787518756304, 0.6246402479521806, 0.6246894448134209, 0.624701744028731, 0.624701744028731, 0.624701744028731, 0.624701744028731, 0.624701744028731, 0.624701744028731, 0.624701744028731, 0.624701744028731, 0.624701744028731, 0.624701744028731, 0.624701744028731]
outputs_edges[ 0 ]=[0, 0, 0, 0, 0, 0, 0, 0, 0, 0, 0, 0, 0, 344894, 694979, 1046024, 1397069, 1745026, 2092560, 2092560, 2092560, 2092560, 2092560, 2092560, 2092560, 2092560, 2092560, 2092560, 2092560, 2092560, 2092560, 2092560, 2092560, 2092560, 2092560, 2092560, 2092560, 2092560, 2092560, 2092560, 2092560, 2092560, 2092560, 2092560, 2092560, 2092560, 2092560, 2092560, 2092560]
--------------------------------------------
outputs[ 1 ]=[0.0, 0.0, 0.0, 0.0, 0.0, 1.2299215310063217e-05, 1.2299215310063217e-05, 2.4598430620126434e-05, 2.4598430620126434e-05, 2.4598430620126434e-05, 2.4598430620126434e-05, 2.4598430620126434e-05, 2.4598430620126434e-05, 2.4598430620126434e-05, 2.4598430620126434e-05, 2.4598430620126434e-05, 2.4598430620126434e-05, 2.4598430620126434e-05, 2.4598430620126434e-05, 2.4598430620126434e-05, 2.4598430620126434e-05, 2.4598430620126434e-05, 2.4598430620126434e-05, 2.4598430620126434e-05, 2.4598430620126434e-05, 2.4598430620126434e-05, 2.4598430620126434e-05, 2.4598430620126434e-05, 2.4598430620126434e-05, 2.4598430620126434e-05, 2.4598430620126434e-05, 2.4598430620126434e-05, 2.4598430620126434e-05, 2.4598430620126434e-05, 2.4598430620126434e-05, 2.4598430620126434e-05, 2.4598430620126434e-05, 2.4598430620126434e-05, 2.4598430620126434e-05, 2.4598430620126434e-05, 2.4598430620126434e-05, 2.4598430620126434e-05, 2.4598430620126434e-05, 2.4598430620126434e-05, 2.4598430620126434e-05, 2.4598430620126434e-05, 2.4598430620126434e-05, 2.4598430620126434e-05, 2.4598430620126434e-05]
outputs_edges[ 1 ]=[0, 0, 0, 0, 0, 0, 0, 0, 0, 0, 0, 0, 0, 0, 0, 0, 0, 0, 0, 0, 0, 0, 0, 0, 0, 0, 0, 0, 0, 0, 0, 0, 0, 0, 0, 0, 0, 0, 0, 0, 0, 0, 0, 0, 0, 0, 0, 0, 0]
--------------------------------------------
outputs[ 2 ]=[0.0, 0.0, 0.0, 0.0, 0.0, 1.2299215310063217e-05, 7.379529186037931e-05, 0.0006641576267434137, 0.004132536344181241, 0.01329545175017834, 0.028657171672447298, 0.05692076845497257, 0.1092416303839815, 0.21446141736157234, 0.34057757115096055, 0.43213292991907115, 0.4964332275600817, 0.5398002607433646, 0.5663296681671709, 0.5827122229601751, 0.5923179101173345, 0.5988979903082183, 0.6042358497527858, 0.6073106535803016, 0.6094015201830123, 0.6109635205273903, 0.6122057412737067, 0.6127592059626595, 0.6131404816372715, 0.6133126706516124, 0.6135340565271936, 0.613632450249674, 0.613829237694635, 0.6140506235702162, 0.6142228125845571, 0.6143704031682778, 0.6144196000295181, 0.6145056945366886, 0.6145179937519987, 0.6145179937519987, 0.6145179937519987, 0.6145179937519987, 0.6145179937519987, 0.6145179937519987, 0.6145179937519987, 0.6145179937519987, 0.6145179937519987, 0.6145179937519987, 0.6145179937519987]
outputs_edges[ 2 ]=[0, 0, 0, 0, 0, 0, 0, 0, 0, 329652, 675053, 1022186, 1369897, 1717862, 2051836, 2374606, 2374606, 2374606, 2374606, 2374606, 2374606, 2374606, 2374606, 2374606, 2374606, 2374606, 2374606, 2374606, 2374606, 2374606, 2374606, 2374606, 2374606, 2374606, 2374606, 2374606, 2374606, 2374606, 2374606, 2374606, 2374606, 2374606, 2374606, 2374606, 2374606, 2374606, 2374606, 2374606, 2374606]
--------------------------------------------
outputs[ 3 ]=[0.0, 0.0, 0.0, 0.0, 0.0, 1.2299215310063217e-05, 2.4598430620126434e-05, 8.609450717044253e-05, 0.0006395591961232874, 0.0031240006887560574, 0.01418099525250289, 0.042026418714486015, 0.08894792512237719, 0.15955772021745013, 0.2581113324969867, 0.3709935306127469, 0.4655990947777532, 0.5251887929550094, 0.5606351314786117, 0.5823432465008732, 0.5942980837822547, 0.6020834870735247, 0.6063021179248764, 0.6090448429390205, 0.6107913315130494, 0.6122180404890168, 0.6132511745750621, 0.614185914938627, 0.6152067498093622, 0.615760214498315, 0.6164120729097483, 0.6169532383833911, 0.6173345140580031, 0.6178756795316459, 0.6189826089095516, 0.6195483728138145, 0.6198189555506358, 0.6198804516271862, 0.6198927508424963, 0.6199050500578063, 0.6199050500578063, 0.6199050500578063, 0.6199050500578063, 0.6199050500578063, 0.6199050500578063, 0.6199050500578063, 0.6199050500578063, 0.6199050500578063, 0.6199050500578063]
outputs_edges[ 3 ]=[0, 0, 0, 0, 0, 0, 0, 0, 0, 0, 332033, 684892, 1038700, 1393197, 1747694, 2085933, 2356962, 2356962, 2356962, 2356962, 2356962, 2356962, 2356962, 2356962, 2356962, 2356962, 2356962, 2356962, 2356962, 2356962, 2356962, 2356962, 2356962, 2356962, 2356962, 2356962, 2356962, 2356962, 2356962, 2356962, 2356962, 2356962, 2356962, 2356962, 2356962, 2356962, 2356962, 2356962, 2356962]
--------------------------------------------
outputs[ 4 ]=[0.0, 0.0, 0.0, 0.0, 0.0, 1.2299215310063217e-05, 3.6897645930189655e-05, 0.0001352913684106954, 0.0006887560573635402, 0.0032469928418566896, 0.009494994219368804, 0.027267360342410153, 0.08210956140998205, 0.1945735862052001, 0.3301355373527169, 0.4401766167318525, 0.5105281283054142, 0.5528620274026517, 0.5804860649890538, 0.5969055174279881, 0.6066341967382481, 0.6133618675128527, 0.6183307504981183, 0.6217130347083856, 0.6245541534450102, 0.6268787051386121, 0.6285759968514009, 0.6295599340762059, 0.6301256979804688, 0.6303839815019802, 0.630531572085701, 0.6306668634541116, 0.6307652571765922, 0.6308021548225223, 0.6308144540378324, 0.6308390524684525, 0.6308636508990726, 0.6308759501143827, 0.6308882493296928, 0.6309374461909331, 0.630949745406243, 0.6309620446215531, 0.6309743438368632, 0.6309743438368632, 0.6309743438368632, 0.6309743438368632, 0.6309743438368632, 0.6309743438368632, 0.6309743438368632]
outputs_edges[ 4 ]=[0, 0, 0, 0, 0, 0, 0, 0, 0, 0, 338632, 682247, 1025862, 1369858, 1713167, 2056476, 2056476, 2056476, 2056476, 2056476, 2056476, 2056476, 2056476, 2056476, 2056476, 2056476, 2056476, 2056476, 2056476, 2056476, 2056476, 2056476, 2056476, 2056476, 2056476, 2056476, 2056476, 2056476, 2056476, 2056476, 2056476, 2056476, 2056476, 2056476, 2056476, 2056476, 2056476, 2056476, 2056476]
--------------------------------------------
outputs[ 5 ]=[0.0, 0.0, 0.0, 0.0, 0.0, 1.2299215310063217e-05, 6.149607655031609e-05, 0.0002090866602710747, 0.0007379529186037931, 0.001746488574028977, 0.0026935281529038447, 0.0035175755786780805, 0.007231938602317172, 0.0259144466583032, 0.07366000049196861, 0.1490664895579662, 0.2540033945834256, 0.36971441222050033, 0.4596954714289228, 0.5167638304676162, 0.550205396895678, 0.5700686296214301, 0.5829213096204462, 0.5915553587681106, 0.5974220844710108, 0.6011979435712002, 0.6041497552456153, 0.6075443386711927, 0.6115661820775834, 0.614407300814208, 0.6174452069957936, 0.6197697586893957, 0.6215285464787347, 0.6229921531006322, 0.6249846259808625, 0.625894767913807, 0.6263375396649694, 0.6268295082773719, 0.6272968784591543, 0.6275428627653555, 0.6276412564878361, 0.6277519494256266, 0.6278011462868669, 0.6278503431481072, 0.6278995400093474, 0.6279241384399675, 0.6279487368705876, 0.6279487368705876, 0.6279487368705876]
outputs_edges[ 5 ]=[0, 0, 0, 0, 0, 0, 0, 0, 0, 0, 0, 0, 321472, 656196, 992624, 1331183, 1669742, 2008742, 2280191, 2280191, 2280191, 2280191, 2280191, 2280191, 2280191, 2280191, 2280191, 2280191, 2280191, 2280191, 2280191, 2280191, 2280191, 2280191, 2280191, 2280191, 2280191, 2280191, 2280191, 2280191, 2280191, 2280191, 2280191, 2280191, 2280191, 2280191, 2280191, 2280191, 2280191]
--------------------------------------------
outputs[ 6 ]=[0.0, 0.0, 0.0, 0.0, 0.0, 1.2299215310063217e-05, 3.6897645930189655e-05, 0.00044277175116227583, 0.005116473568986299, 0.027316557203650407, 0.08036307283595306, 0.16212825621725335, 0.27397732024696825, 0.38939315671660146, 0.4771603571692126, 0.5308710304282587, 0.5639559196123287, 0.5838314515533909, 0.594150493198534, 0.600976557695619, 0.6059331414655745, 0.6093646225370821, 0.6111849064029715, 0.6122795365655671, 0.6130666863454112, 0.6142351117998671, 0.6155511278380439, 0.616547364278159, 0.6172484195508326, 0.618084766191917, 0.6189334120483113, 0.6194376798760239, 0.6197451602587755, 0.619843553981256, 0.6198558531965661, 0.6198681524118761, 0.6198681524118761, 0.6198681524118761, 0.6198681524118761, 0.6198681524118761, 0.6198681524118761, 0.6198681524118761, 0.6198681524118761, 0.6198681524118761, 0.6198681524118761, 0.6198681524118761, 0.6198681524118761, 0.6198681524118761, 0.6198681524118761]
outputs_edges[ 6 ]=[0, 0, 0, 0, 0, 0, 0, 0, 352046, 706481, 1061765, 1417681, 1773597, 2128922, 2401153, 2401153, 2401153, 2401153, 2401153, 2401153, 2401153, 2401153, 2401153, 2401153, 2401153, 2401153, 2401153, 2401153, 2401153, 2401153, 2401153, 2401153, 2401153, 2401153, 2401153, 2401153, 2401153, 2401153, 2401153, 2401153, 2401153, 2401153, 2401153, 2401153, 2401153, 2401153, 2401153, 2401153, 2401153]
--------------------------------------------
outputs[ 7 ]=[0.0, 0.0, 0.0, 0.0, 0.0, 1.2299215310063217e-05, 7.379529186037931e-05, 0.0005903623348830345, 0.0016234964209283448, 0.0021523626792610633, 0.0024106462007723907, 0.003726662238949155, 0.007514820554448626, 0.02148672914668044, 0.06498905369837404, 0.13323739945391483, 0.23753474528325094, 0.35392221976237914, 0.4592281012471404, 0.5252010921703195, 0.5603891471724104, 0.5801170885297519, 0.5927237842225666, 0.600582982805697, 0.605637960298133, 0.6092662288146016, 0.6122303397043268, 0.6148500725653703, 0.6167072540771898, 0.618084766191917, 0.6189703096942415, 0.619462278306644, 0.6197943571200157, 0.6199173492731164, 0.6200280422109069, 0.6201018375027674, 0.6201510343640075, 0.6202002312252478, 0.6202617273017982, 0.6202740265171082, 0.6202863257324183, 0.6202863257324183, 0.6202986249477284, 0.6202986249477284, 0.6202986249477284, 0.6202986249477284, 0.6202986249477284, 0.6202986249477284, 0.6202986249477284]
outputs_edges[ 7 ]=[0, 0, 0, 0, 0, 0, 0, 0, 0, 0, 0, 0, 314793, 654324, 995655, 1336986, 1678317, 2019741, 2360014, 2360014, 2360014, 2360014, 2360014, 2360014, 2360014, 2360014, 2360014, 2360014, 2360014, 2360014, 2360014, 2360014, 2360014, 2360014, 2360014, 2360014, 2360014, 2360014, 2360014, 2360014, 2360014, 2360014, 2360014, 2360014, 2360014, 2360014, 2360014, 2360014, 2360014]
--------------------------------------------
outputs[ 8 ]=[0.0, 0.0, 0.0, 0.0, 0.0, 1.2299215310063217e-05, 1.2299215310063217e-05, 2.4598430620126434e-05, 4.919686124025287e-05, 0.0005165670430226551, 0.005583843750768701, 0.01849801982633508, 0.032949597815659364, 0.05328020072319386, 0.08710304282586771, 0.16963077755639192, 0.3103706983494453, 0.4343959855361228, 0.5072934346788674, 0.5491845620249428, 0.577029985486926, 0.5932772489115195, 0.6026246525471675, 0.6083806853122771, 0.6117998671684747, 0.6139768282783559, 0.6156618207758345, 0.6174206085651736, 0.6183799473593585, 0.6189949081248617, 0.6194745775219541, 0.6198681524118761, 0.6201264359333875, 0.6203601210242786, 0.6205077116079994, 0.6205938061151699, 0.6206676014070303, 0.6207044990529604, 0.6207167982682705, 0.6207167982682705, 0.6207167982682705, 0.6207167982682705, 0.6207167982682705, 0.6207167982682705, 0.6207167982682705, 0.6207167982682705, 0.6207167982682705, 0.6207167982682705, 0.6207167982682705]
outputs_edges[ 8 ]=[0, 0, 0, 0, 0, 0, 0, 0, 0, 0, 0, 0, 353083, 707019, 1061263, 1415833, 1770403, 2108109, 2108109, 2108109, 2108109, 2108109, 2108109, 2108109, 2108109, 2108109, 2108109, 2108109, 2108109, 2108109, 2108109, 2108109, 2108109, 2108109, 2108109, 2108109, 2108109, 2108109, 2108109, 2108109, 2108109, 2108109, 2108109, 2108109, 2108109, 2108109, 2108109, 2108109, 2108109]
--------------------------------------------
outputs[ 9 ]=[0.0, 0.0, 0.0, 0.0, 0.0, 1.2299215310063217e-05, 1.2299215310063217e-05, 1.2299215310063217e-05, 1.2299215310063217e-05, 1.2299215310063217e-05, 1.2299215310063217e-05, 1.2299215310063217e-05, 1.2299215310063217e-05, 1.2299215310063217e-05, 1.2299215310063217e-05, 1.2299215310063217e-05, 1.2299215310063217e-05, 1.2299215310063217e-05, 1.2299215310063217e-05, 1.2299215310063217e-05, 1.2299215310063217e-05, 1.2299215310063217e-05, 1.2299215310063217e-05, 1.2299215310063217e-05, 1.2299215310063217e-05, 1.2299215310063217e-05, 1.2299215310063217e-05, 1.2299215310063217e-05, 1.2299215310063217e-05, 1.2299215310063217e-05, 1.2299215310063217e-05, 1.2299215310063217e-05, 1.2299215310063217e-05, 1.2299215310063217e-05, 1.2299215310063217e-05, 1.2299215310063217e-05, 1.2299215310063217e-05, 1.2299215310063217e-05, 1.2299215310063217e-05, 1.2299215310063217e-05, 1.2299215310063217e-05, 1.2299215310063217e-05, 1.2299215310063217e-05, 1.2299215310063217e-05, 1.2299215310063217e-05, 1.2299215310063217e-05, 1.2299215310063217e-05, 1.2299215310063217e-05, 1.2299215310063217e-05]
outputs_edges[ 9 ]=[0, 0, 0, 0, 0, 0, 0, 0, 0, 0, 0, 0, 0, 0, 0, 0, 0, 0, 0, 0, 0, 0, 0, 0, 0, 0, 0, 0, 0, 0, 0, 0, 0, 0, 0, 0, 0, 0, 0, 0, 0, 0, 0, 0, 0, 0, 0, 0, 0]
--------------------------------------------
avg_output=[0.0, 0.0, 0.0, 0.0, 0.0, 1.2299215310063217e-05, 3.566772439918333e-05, 0.0002201559540501316, 0.0013049467443977075, 0.005153371214916489, 0.014439278774014219, 0.031656950286571714, 0.06070031731975499, 0.10694536688559268, 0.16596930115858607, 0.2309645044646152, 0.3032273140973606, 0.3683246008904632, 0.41639608392984534, 0.4466533835141317, 0.46454505202568075, 0.47518264334735444, 0.48186972671143574, 0.485992423683369, 0.4886970211300518, 0.49060216958158076, 0.4920805352618503, 0.4933658032617519, 0.4944579735812855, 0.49519592649988936, 0.4958736132634738, 0.49635082281750426, 0.4967148795906821, 0.49701252060118567, 0.4973839569035496, 0.49758320419157254, 0.497680367992522, 0.4977590829705065, 0.4978181192039949, 0.49785009716380096, 0.497862396379111, 0.4978746955944211, 0.49788207512360716, 0.4978869948097312, 0.49789191449585524, 0.49789437433891726, 0.4978968341819792, 0.4978968341819792, 0.4978968341819792]
avg_output_edges=[0.0, 0.0, 0.0, 0.0, 0.0, 0.0, 0.0, 0.0, 35204.6, 103613.3, 240748.3, 380700.6, 619740.4, 897227.2, 1165837.1, 1404819.4, 1570472.8, 1707081.5, 1803007.1, 1803007.1, 1803007.1, 1803007.1, 1803007.1, 1803007.1, 1803007.1, 1803007.1, 1803007.1, 1803007.1, 1803007.1, 1803007.1, 1803007.1, 1803007.1, 1803007.1, 1803007.1, 1803007.1, 1803007.1, 1803007.1, 1803007.1, 1803007.1, 1803007.1, 1803007.1, 1803007.1, 1803007.1, 1803007.1, 1803007.1, 1803007.1, 1803007.1, 1803007.1, 1803007.1]
