outputs[ 0 ]=[0.0, 0.0, 0.0, 0.0, 0.0, 1.2299215310063217e-05, 3.6897645930189655e-05, 0.0005534646889528448, 0.004599906525963643, 0.017059011635057682, 0.04941824711583401, 0.10464172385801786, 0.18376257594765455, 0.2956485376232996, 0.39839618232356777, 0.46641084298821733, 0.5109463016259562, 0.5403168277863872, 0.5591100287801638, 0.5710279684156151, 0.577251371362507, 0.5813962069219983, 0.584040538213662, 0.5859100189407915, 0.5875089169310997, 0.5887880353233463, 0.5897473741175313, 0.5909157995719873, 0.5919735320886528, 0.5925638944235357, 0.5929205716675277, 0.5933510442033798, 0.5937077214473716, 0.5939168081076427, 0.5939906033995032, 0.5940275010454333, 0.5940766979066735, 0.5941873908444641, 0.5946178633803163, 0.5950852335620987, 0.5954296115907806, 0.5956263990357415, 0.5957985880500825, 0.5959830762797333, 0.5964627456768258, 0.5969055174279881, 0.5970162103657787, 0.597090005657639, 0.5971638009494994, 0.5972498954566698, 0.5973482891791504, 0.5973728876097705, 0.5973851868250806, 0.5973851868250806, 0.5973851868250806]
outputs_edges[ 0 ]=[0, 0, 0, 0, 0, 0, 0, 243004, 566599, 922937, 1282185, 1643691, 2004904, 2352408, 2699912, 2974855, 3202223, 3408629, 3408629, 3408629, 3408629, 3408629, 3408629, 3408629, 3408629, 3408629, 3408629, 3408629, 3408629, 3408629, 3408629, 3408629, 3408629, 3408629, 3408629, 3408629, 3408629, 3408629, 3408629, 3408629, 3408629, 3408629, 3408629, 3408629, 3408629, 3408629, 3408629, 3408629, 3408629, 3408629, 3408629, 3408629, 3408629, 3408629, 3408629]
--------------------------------------------
outputs[ 1 ]=[0.0, 0.0, 0.0, 0.0, 0.0, 1.2299215310063217e-05, 9.839372248050574e-05, 0.0010700317319755, 0.005202568076156741, 0.02121614640985905, 0.0644355890094212, 0.12985511524364746, 0.21582663026098936, 0.3205298501955575, 0.4060708926770472, 0.46600496888298526, 0.506432489607163, 0.5298747939881435, 0.5468600103313409, 0.5571298551152436, 0.5644847858706614, 0.570634393525693, 0.5751359063291762, 0.5780385211423511, 0.5803261751900228, 0.5814331045679285, 0.5822571519937028, 0.5831057978500972, 0.5839790421371116, 0.5849383809312966, 0.586377389122574, 0.5873490271320689, 0.5882714682803237, 0.5886035470936954, 0.5887511376774162, 0.5888372321845866, 0.5888864290458269, 0.588898728261137, 0.588911027476447, 0.588911027476447, 0.588911027476447, 0.588911027476447, 0.588911027476447, 0.588911027476447, 0.588911027476447, 0.588911027476447, 0.588911027476447, 0.588911027476447, 0.588911027476447, 0.588911027476447, 0.588911027476447, 0.588911027476447, 0.588911027476447, 0.588911027476447, 0.588911027476447]
outputs_edges[ 1 ]=[0, 0, 0, 0, 0, 0, 111865, 363144, 677433, 1013244, 1352753, 1692262, 2031771, 2371155, 2629554, 2861449, 3079845, 3244385, 3244385, 3244385, 3244385, 3244385, 3244385, 3244385, 3244385, 3244385, 3244385, 3244385, 3244385, 3244385, 3244385, 3244385, 3244385, 3244385, 3244385, 3244385, 3244385, 3244385, 3244385, 3244385, 3244385, 3244385, 3244385, 3244385, 3244385, 3244385, 3244385, 3244385, 3244385, 3244385, 3244385, 3244385, 3244385, 3244385, 3244385]
--------------------------------------------
outputs[ 2 ]=[0.0, 0.0, 0.0, 0.0, 0.0, 1.2299215310063217e-05, 7.379529186037931e-05, 0.00018448822965094828, 0.0005534646889528448, 0.002656630506973655, 0.012163923941652523, 0.04720438836002263, 0.13767741618084767, 0.2518510319041645, 0.3563451651784616, 0.43032494526849185, 0.48493346124517256, 0.5245615329741963, 0.5510786411826926, 0.5680269598799597, 0.5790593560130863, 0.5868939561655966, 0.5909403980026074, 0.5936216269402013, 0.5959584778491133, 0.5977418640690724, 0.5996728408727523, 0.6020834870735247, 0.6041989521068556, 0.6054042752072418, 0.6059208422502644, 0.6064743069392172, 0.606794086537279, 0.6069785747669298, 0.6071384645659607, 0.6072245590731311, 0.6073106535803016, 0.6073475512262317, 0.6073598504415418, 0.6073721496568519, 0.6073844488721619, 0.6073844488721619, 0.6073844488721619, 0.6073844488721619, 0.6073844488721619, 0.6073844488721619, 0.6073844488721619, 0.6073844488721619, 0.6073844488721619, 0.6073844488721619, 0.6073844488721619, 0.6073844488721619, 0.6073844488721619, 0.6073844488721619, 0.6073844488721619]
outputs_edges[ 2 ]=[0, 0, 0, 0, 0, 0, 0, 0, 278622, 585684, 918348, 1254718, 1592977, 1931236, 2269174, 2599474, 2925822, 3133937, 3258140, 3258140, 3258140, 3258140, 3258140, 3258140, 3258140, 3258140, 3258140, 3258140, 3258140, 3258140, 3258140, 3258140, 3258140, 3258140, 3258140, 3258140, 3258140, 3258140, 3258140, 3258140, 3258140, 3258140, 3258140, 3258140, 3258140, 3258140, 3258140, 3258140, 3258140, 3258140, 3258140, 3258140, 3258140, 3258140, 3258140]
--------------------------------------------
outputs[ 3 ]=[0.0, 0.0, 0.0, 0.0, 0.0, 1.2299215310063217e-05, 1.2299215310063217e-05, 1.2299215310063217e-05, 1.2299215310063217e-05, 1.2299215310063217e-05, 1.2299215310063217e-05, 1.2299215310063217e-05, 1.2299215310063217e-05, 1.2299215310063217e-05, 1.2299215310063217e-05, 1.2299215310063217e-05, 1.2299215310063217e-05, 1.2299215310063217e-05, 1.2299215310063217e-05, 1.2299215310063217e-05, 1.2299215310063217e-05, 1.2299215310063217e-05, 1.2299215310063217e-05, 1.2299215310063217e-05, 1.2299215310063217e-05, 1.2299215310063217e-05, 1.2299215310063217e-05, 1.2299215310063217e-05, 1.2299215310063217e-05, 1.2299215310063217e-05, 1.2299215310063217e-05, 1.2299215310063217e-05, 1.2299215310063217e-05, 1.2299215310063217e-05, 1.2299215310063217e-05, 1.2299215310063217e-05, 1.2299215310063217e-05, 1.2299215310063217e-05, 1.2299215310063217e-05, 1.2299215310063217e-05, 1.2299215310063217e-05, 1.2299215310063217e-05, 1.2299215310063217e-05, 1.2299215310063217e-05, 1.2299215310063217e-05, 1.2299215310063217e-05, 1.2299215310063217e-05, 1.2299215310063217e-05, 1.2299215310063217e-05, 1.2299215310063217e-05, 1.2299215310063217e-05, 1.2299215310063217e-05, 1.2299215310063217e-05, 1.2299215310063217e-05, 1.2299215310063217e-05]
outputs_edges[ 3 ]=[0, 0, 0, 0, 0, 0, 0, 0, 0, 0, 0, 0, 0, 0, 0, 0, 0, 0, 0, 0, 0, 0, 0, 0, 0, 0, 0, 0, 0, 0, 0, 0, 0, 0, 0, 0, 0, 0, 0, 0, 0, 0, 0, 0, 0, 0, 0, 0, 0, 0, 0, 0, 0, 0, 0]
--------------------------------------------
outputs[ 4 ]=[0.0, 0.0, 0.0, 0.0, 0.0, 1.2299215310063217e-05, 4.919686124025287e-05, 0.00029518116744151724, 0.0012791183922465747, 0.004009544191080609, 0.012582097262194673, 0.03825055961429661, 0.1038545740781738, 0.22115219049024673, 0.3477849113226576, 0.43296927656015544, 0.48704892627850344, 0.5238112808402824, 0.5483236169532384, 0.5626891004353922, 0.5727129609130938, 0.5798465057929304, 0.5845571052566846, 0.587754901237301, 0.590079452930903, 0.5916783509212112, 0.5931788551890389, 0.5945809657343861, 0.5953927139448503, 0.5960322731409736, 0.5970531080117089, 0.5979140530834133, 0.5984552185570561, 0.5988118958010479, 0.599045580891939, 0.5992915651981403, 0.5995375495043416, 0.5996482424421322, 0.5997097385186825, 0.5997097385186825, 0.5997097385186825, 0.5997220377339926, 0.5997220377339926, 0.5997220377339926, 0.5997220377339926, 0.5997220377339926, 0.5997220377339926, 0.5997220377339926, 0.5997220377339926, 0.5997220377339926, 0.5997220377339926, 0.5997220377339926, 0.5997220377339926, 0.5997220377339926, 0.5997220377339926]
outputs_edges[ 4 ]=[0, 0, 0, 0, 0, 0, 0, 0, 255554, 561664, 892292, 1222920, 1554661, 1887849, 2218064, 2547824, 2872842, 3069455, 3182521, 3182521, 3182521, 3182521, 3182521, 3182521, 3182521, 3182521, 3182521, 3182521, 3182521, 3182521, 3182521, 3182521, 3182521, 3182521, 3182521, 3182521, 3182521, 3182521, 3182521, 3182521, 3182521, 3182521, 3182521, 3182521, 3182521, 3182521, 3182521, 3182521, 3182521, 3182521, 3182521, 3182521, 3182521, 3182521, 3182521]
--------------------------------------------
outputs[ 5 ]=[0.0, 0.0, 0.0, 0.0, 0.0, 1.2299215310063217e-05, 3.6897645930189655e-05, 4.919686124025287e-05, 4.919686124025287e-05, 4.919686124025287e-05, 4.919686124025287e-05, 4.919686124025287e-05, 4.919686124025287e-05, 4.919686124025287e-05, 4.919686124025287e-05, 4.919686124025287e-05, 4.919686124025287e-05, 4.919686124025287e-05, 4.919686124025287e-05, 4.919686124025287e-05, 4.919686124025287e-05, 4.919686124025287e-05, 4.919686124025287e-05, 4.919686124025287e-05, 4.919686124025287e-05, 4.919686124025287e-05, 4.919686124025287e-05, 4.919686124025287e-05, 4.919686124025287e-05, 4.919686124025287e-05, 4.919686124025287e-05, 4.919686124025287e-05, 4.919686124025287e-05, 4.919686124025287e-05, 4.919686124025287e-05, 4.919686124025287e-05, 4.919686124025287e-05, 4.919686124025287e-05, 4.919686124025287e-05, 4.919686124025287e-05, 4.919686124025287e-05, 4.919686124025287e-05, 4.919686124025287e-05, 4.919686124025287e-05, 4.919686124025287e-05, 4.919686124025287e-05, 4.919686124025287e-05, 4.919686124025287e-05, 4.919686124025287e-05, 4.919686124025287e-05, 4.919686124025287e-05, 4.919686124025287e-05, 4.919686124025287e-05, 4.919686124025287e-05, 4.919686124025287e-05]
outputs_edges[ 5 ]=[0, 0, 0, 0, 0, 0, 0, 0, 0, 0, 0, 0, 0, 0, 0, 0, 0, 0, 0, 0, 0, 0, 0, 0, 0, 0, 0, 0, 0, 0, 0, 0, 0, 0, 0, 0, 0, 0, 0, 0, 0, 0, 0, 0, 0, 0, 0, 0, 0, 0, 0, 0, 0, 0, 0]
--------------------------------------------
outputs[ 6 ]=[0.0, 0.0, 0.0, 0.0, 0.0, 1.2299215310063217e-05, 0.00014759058372075862, 0.0011561262391459426, 0.003615969301158586, 0.010134553415492091, 0.024832115711017635, 0.05318180700071336, 0.09528202100705975, 0.16290310678178732, 0.26454382210414973, 0.37294910584704694, 0.448048114530293, 0.5000122992153101, 0.532482227633877, 0.5531695077854033, 0.5660836838609696, 0.5741027722431309, 0.5791577497355669, 0.5819742700415713, 0.5842250264433129, 0.5861560032469928, 0.5877057043760608, 0.5891447125673382, 0.5907805082035766, 0.5921334218876836, 0.593584729294271, 0.5952943202223698, 0.597852557006863, 0.6002632032076354, 0.6013947310161611, 0.6020711878582147, 0.6026123533318575, 0.6028583376380587, 0.6030920227289499, 0.6031781172361204, 0.6032642117432908, 0.603301109389221, 0.6033257078198411, 0.6033257078198411, 0.6033380070351512, 0.6033503062504613, 0.6033503062504613, 0.6033503062504613, 0.6033503062504613, 0.6033503062504613, 0.6033503062504613, 0.6033503062504613, 0.6033503062504613, 0.6033503062504613, 0.6033503062504613]
outputs_edges[ 6 ]=[0, 0, 0, 0, 0, 0, 0, 44764, 129316, 399376, 723492, 1056242, 1389981, 1723720, 2049777, 2354849, 2645995, 2934338, 3116801, 3116801, 3116801, 3116801, 3116801, 3116801, 3116801, 3116801, 3116801, 3116801, 3116801, 3116801, 3116801, 3116801, 3116801, 3116801, 3116801, 3116801, 3116801, 3116801, 3116801, 3116801, 3116801, 3116801, 3116801, 3116801, 3116801, 3116801, 3116801, 3116801, 3116801, 3116801, 3116801, 3116801, 3116801, 3116801, 3116801]
--------------------------------------------
outputs[ 7 ]=[0.0, 0.0, 0.0, 0.0, 0.0, 1.2299215310063217e-05, 7.379529186037931e-05, 0.00014759058372075862, 0.00036897645930189656, 0.0018448822965094827, 0.010860207118785822, 0.025237989816249723, 0.040329127001697294, 0.06319336826310482, 0.11045925269967775, 0.21048877081642192, 0.3327060733525201, 0.4271763461491157, 0.4877253831205569, 0.5241802572995843, 0.5474257742356038, 0.5638944235357785, 0.574693134578014, 0.5820480653334317, 0.5859223181561016, 0.5887880353233463, 0.5902639411605539, 0.591247878385359, 0.5925884928541559, 0.5950852335620987, 0.5960691707869038, 0.5970531080117089, 0.5976188719159717, 0.5980001475905837, 0.5981477381743044, 0.5982584311120951, 0.5983691240498856, 0.5984306201264359, 0.598442919341746, 0.5984552185570561, 0.5984552185570561, 0.5984552185570561, 0.5984552185570561, 0.5984552185570561, 0.5984552185570561, 0.5984552185570561, 0.5984552185570561, 0.5984552185570561, 0.5984552185570561, 0.5984552185570561, 0.5984552185570561, 0.5984552185570561, 0.5984552185570561, 0.5984552185570561, 0.5984552185570561]
outputs_edges[ 7 ]=[0, 0, 0, 0, 0, 0, 0, 0, 0, 23970, 184001, 508955, 858785, 1212893, 1568178, 1923463, 2260916, 2597946, 2933654, 3258957, 3414772, 3414772, 3414772, 3414772, 3414772, 3414772, 3414772, 3414772, 3414772, 3414772, 3414772, 3414772, 3414772, 3414772, 3414772, 3414772, 3414772, 3414772, 3414772, 3414772, 3414772, 3414772, 3414772, 3414772, 3414772, 3414772, 3414772, 3414772, 3414772, 3414772, 3414772, 3414772, 3414772, 3414772, 3414772]
--------------------------------------------
outputs[ 8 ]=[0.0, 0.0, 0.0, 0.0, 0.0, 1.2299215310063217e-05, 0.00012299215310063218, 0.0005903623348830345, 0.001980173664920178, 0.003997244975770546, 0.007121245664526603, 0.015386318352889086, 0.03682385063832928, 0.08533195582121861, 0.16072614567190613, 0.2693774137210046, 0.3813371706885101, 0.45876073106535803, 0.5063832927459229, 0.5382505596142966, 0.5610287063685336, 0.5744840479177429, 0.5834255774481588, 0.5898580670553218, 0.5937077214473716, 0.5961552652940743, 0.5981723366049246, 0.6000541165473643, 0.6014931247386417, 0.6026984478390278, 0.6035839913413524, 0.6046417238580178, 0.6061545273411556, 0.6078149214080142, 0.6089833468624701, 0.6092662288146016, 0.6094630162595627, 0.6095860084126633, 0.6097458982116941, 0.6098442919341746, 0.6099426856566551, 0.6100041817332055, 0.6100410793791357, 0.6100410793791357, 0.6100410793791357, 0.6100533785944456, 0.6100656778097557, 0.6100656778097557, 0.6100656778097557, 0.6100779770250658, 0.6100902762403758, 0.6101271738863061, 0.6101517723169262, 0.6101517723169262, 0.6101517723169262]
outputs_edges[ 8 ]=[0, 0, 0, 0, 0, 0, 0, 0, 0, 100441, 342241, 667776, 1001540, 1337325, 1673789, 2007303, 2340817, 2655437, 2938185, 3156534, 3294101, 3294101, 3294101, 3294101, 3294101, 3294101, 3294101, 3294101, 3294101, 3294101, 3294101, 3294101, 3294101, 3294101, 3294101, 3294101, 3294101, 3294101, 3294101, 3294101, 3294101, 3294101, 3294101, 3294101, 3294101, 3294101, 3294101, 3294101, 3294101, 3294101, 3294101, 3294101, 3294101, 3294101, 3294101]
--------------------------------------------
outputs[ 9 ]=[0.0, 0.0, 0.0, 0.0, 0.0, 1.2299215310063217e-05, 4.919686124025287e-05, 0.0005042678277125919, 0.005792930411039776, 0.0335399601505424, 0.08923080707450864, 0.16559663493469118, 0.2651218852237227, 0.3665166162398839, 0.44660910633901557, 0.49826581064128106, 0.5322239441123656, 0.5530219172016825, 0.5665018571815118, 0.5753695914200674, 0.5807689469411852, 0.5840651366442821, 0.5866602710747054, 0.5886773423855558, 0.591051090940398, 0.5927114850072566, 0.5951959264998893, 0.5976557695619019, 0.5995990455808919, 0.6018006051213932, 0.6036331882025927, 0.6053427791306915, 0.6068555826138292, 0.6081592994366959, 0.609536811551423, 0.6104469534843677, 0.6107175362211891, 0.6109881189580105, 0.6112464024795218, 0.6115169852163432, 0.6122057412737067, 0.6130666863454112, 0.6135217573118835, 0.6137308439721546, 0.6138169384793251, 0.613829237694635, 0.6138415369099451, 0.6138538361252552, 0.6138538361252552, 0.6138538361252552, 0.6138538361252552, 0.6138538361252552, 0.6138538361252552, 0.6138538361252552, 0.6138538361252552]
outputs_edges[ 9 ]=[0, 0, 0, 0, 0, 0, 128432, 408577, 730069, 1066832, 1404206, 1742390, 2080316, 2418242, 2675319, 2885030, 3067014, 3178985, 3178985, 3178985, 3178985, 3178985, 3178985, 3178985, 3178985, 3178985, 3178985, 3178985, 3178985, 3178985, 3178985, 3178985, 3178985, 3178985, 3178985, 3178985, 3178985, 3178985, 3178985, 3178985, 3178985, 3178985, 3178985, 3178985, 3178985, 3178985, 3178985, 3178985, 3178985, 3178985, 3178985, 3178985, 3178985, 3178985, 3178985]
--------------------------------------------
avg_output=[0.0, 0.0, 0.0, 0.0, 0.0, 1.2299215310063217e-05, 7.010552726736033e-05, 0.00045630088800334537, 0.0023454603596290554, 0.009451946965783584, 0.02707057289744914, 0.057941603325707816, 0.10787395764150247, 0.1767188153395813, 0.24909969743930332, 0.3146852630802155, 0.3683737977517034, 0.40575972252970266, 0.42985265540058554, 0.44499052960421126, 0.4548877081642191, 0.4615378938823703, 0.4658672176715125, 0.46879443091530754, 0.47088406759648727, 0.4723513639829779, 0.4736255626891004, 0.4748850023368508, 0.47600669077312857, 0.4770718028189801, 0.4779204486753745, 0.47874818586574175, 0.4795771529776401, 0.4802609893488795, 0.48070499102157277, 0.4809485154847121, 0.4811034855976189, 0.4812006493985684, 0.48131872186554514, 0.4814134258234325, 0.4815364179765331, 0.48165326052197865, 0.48172213612771503, 0.4817614936167073, 0.4818192999286645, 0.4818672668683737, 0.48188079600521483, 0.4818894054559319, 0.48189678498511795, 0.4819066243573659, 0.481917693651145, 0.48192384325880006, 0.4819275330233931, 0.4819275330233931, 0.4819275330233931]
avg_output_edges=[0.0, 0.0, 0.0, 0.0, 0.0, 0.0, 24029.7, 105948.9, 263759.3, 467414.8, 709951.8, 978895.4, 1251493.5, 1523482.8, 1778376.7, 2015424.7, 2239547.4, 2422311.2, 2526130.0, 2580495.2, 2609833.4, 2609833.4, 2609833.4, 2609833.4, 2609833.4, 2609833.4, 2609833.4, 2609833.4, 2609833.4, 2609833.4, 2609833.4, 2609833.4, 2609833.4, 2609833.4, 2609833.4, 2609833.4, 2609833.4, 2609833.4, 2609833.4, 2609833.4, 2609833.4, 2609833.4, 2609833.4, 2609833.4, 2609833.4, 2609833.4, 2609833.4, 2609833.4, 2609833.4, 2609833.4, 2609833.4, 2609833.4, 2609833.4, 2609833.4, 2609833.4]
