outputs[ 0 ]=[0.0, 0.0, 0.0, 0.0, 0.0, 1.2299215310063217e-05, 4.919686124025287e-05, 7.379529186037931e-05, 7.379529186037931e-05, 7.379529186037931e-05, 7.379529186037931e-05, 7.379529186037931e-05, 7.379529186037931e-05, 7.379529186037931e-05, 7.379529186037931e-05, 7.379529186037931e-05, 7.379529186037931e-05, 7.379529186037931e-05, 7.379529186037931e-05, 7.379529186037931e-05, 7.379529186037931e-05, 7.379529186037931e-05, 7.379529186037931e-05, 7.379529186037931e-05, 7.379529186037931e-05, 7.379529186037931e-05, 7.379529186037931e-05, 7.379529186037931e-05, 7.379529186037931e-05, 7.379529186037931e-05, 7.379529186037931e-05, 7.379529186037931e-05, 7.379529186037931e-05, 7.379529186037931e-05, 7.379529186037931e-05, 7.379529186037931e-05, 7.379529186037931e-05, 7.379529186037931e-05, 7.379529186037931e-05, 7.379529186037931e-05, 7.379529186037931e-05, 7.379529186037931e-05, 7.379529186037931e-05, 7.379529186037931e-05, 7.379529186037931e-05, 7.379529186037931e-05, 7.379529186037931e-05, 7.379529186037931e-05, 7.379529186037931e-05, 7.379529186037931e-05, 7.379529186037931e-05, 7.379529186037931e-05, 7.379529186037931e-05, 7.379529186037931e-05, 7.379529186037931e-05]
outputs_edges[ 0 ]=[0, 0, 0, 0, 0, 0, 0, 0, 0, 0, 0, 0, 0, 0, 0, 0, 0, 0, 0, 0, 0, 0, 0, 0, 0, 0, 0, 0, 0, 0, 0, 0, 0, 0, 0, 0, 0, 0, 0, 0, 0, 0, 0, 0, 0, 0, 0, 0, 0, 0, 0, 0, 0, 0, 0]
--------------------------------------------
outputs[ 1 ]=[0.0, 0.0, 0.0, 0.0, 0.0, 1.2299215310063217e-05, 2.4598430620126434e-05, 3.6897645930189655e-05, 0.0001352913684106954, 0.0007871497798440459, 0.005731434334489459, 0.018817799424396722, 0.02927213243795046, 0.04451086020711879, 0.07754655252994859, 0.150776080486065, 0.2684303741421297, 0.38067301306176665, 0.4512459105109094, 0.49386269156027846, 0.5238235800555925, 0.5437237104272747, 0.556613288072221, 0.5649398568371338, 0.5708680786165843, 0.5740043785206503, 0.57587385924778, 0.577054583917546, 0.5782845054485524, 0.5793299387499078, 0.5802400806828525, 0.5805106634196738, 0.580744348510565, 0.5807689469411852, 0.5808550414483556, 0.580941135955526, 0.5809657343861462, 0.5809903328167663, 0.5810149312473865, 0.5810272304626964, 0.5810272304626964, 0.5810272304626964, 0.5810395296780065, 0.5810395296780065, 0.5810395296780065, 0.5810395296780065, 0.5810395296780065, 0.5810395296780065, 0.5810395296780065, 0.5810395296780065, 0.5810395296780065, 0.5810395296780065, 0.5810395296780065, 0.5810395296780065, 0.5810395296780065]
outputs_edges[ 1 ]=[0, 0, 0, 0, 0, 0, 0, 12597, 25194, 48452, 152342, 456385, 806843, 1163075, 1521748, 1880421, 2239094, 2585653, 2920201, 3239516, 3440036, 3521287, 3547926, 3560082, 3565836, 3565836, 3565836, 3565836, 3565836, 3565836, 3565836, 3565836, 3565836, 3565836, 3565836, 3565836, 3565836, 3565836, 3565836, 3565836, 3565836, 3565836, 3565836, 3565836, 3565836, 3565836, 3565836, 3565836, 3565836, 3565836, 3565836, 3565836, 3565836, 3565836, 3565836]
--------------------------------------------
outputs[ 2 ]=[0.0, 0.0, 0.0, 0.0, 0.0, 1.2299215310063217e-05, 2.4598430620126434e-05, 3.6897645930189655e-05, 3.6897645930189655e-05, 6.149607655031609e-05, 0.0001352913684106954, 0.0009839372248050574, 0.0036774653777089023, 0.007625513492239195, 0.017366492017809265, 0.041706639116424374, 0.09482695004058742, 0.18763682877032445, 0.2938405529727203, 0.38328044670750006, 0.4428947433153765, 0.48024746021203846, 0.5050918751383662, 0.5193835633286596, 0.5282389983519051, 0.5340073303323248, 0.5373896145425922, 0.5399232528964653, 0.5428381669249502, 0.5442402774702974, 0.5459990652596365, 0.5485081051828893, 0.5506358694315303, 0.5519149878237768, 0.5533785944456744, 0.5550266892972229, 0.5570806582540034, 0.558175288416599, 0.5587902491821022, 0.5591961232873343, 0.5593806115169853, 0.5595159028853959, 0.559921776990628, 0.5604629424642708, 0.560893415000123, 0.5612131945981846, 0.5615083757656262, 0.5616928639952771, 0.5617666592871374, 0.5618281553636878, 0.5619019506555482, 0.5619019506555482, 0.5619019506555482, 0.5619019506555482, 0.5619019506555482]
outputs_edges[ 2 ]=[0, 0, 0, 0, 0, 0, 0, 0, 0, 0, 69369, 192440, 424147, 729130, 1069359, 1409588, 1747141, 2087505, 2427675, 2767845, 3102798, 3419140, 3552838, 3595587, 3616954, 3629877, 3634780, 3639952, 3645124, 3645124, 3645124, 3645124, 3645124, 3645124, 3645124, 3645124, 3645124, 3645124, 3645124, 3645124, 3645124, 3645124, 3645124, 3645124, 3645124, 3645124, 3645124, 3645124, 3645124, 3645124, 3645124, 3645124, 3645124, 3645124, 3645124]
--------------------------------------------
outputs[ 3 ]=[0.0, 0.0, 0.0, 0.0, 0.0, 1.2299215310063217e-05, 0.0003197795980616437, 0.0022384571864315058, 0.004981182200575604, 0.01654244459203503, 0.05074656236932084, 0.12322583819152338, 0.22770767225051042, 0.3332472388261629, 0.4094162792413844, 0.4596954714289228, 0.49783533810542885, 0.523737485548422, 0.5407718987528596, 0.5525914446658303, 0.5610533047991538, 0.566341967382481, 0.5705114013725924, 0.573537008338868, 0.5758369616018498, 0.577608048606499, 0.5787518756303348, 0.5797481120704499, 0.5804614665584336, 0.5808550414483556, 0.5812117186923474, 0.581519199075099, 0.5817405849506802, 0.5818881755344009, 0.5819988684721915, 0.582084962979362, 0.5821464590559122, 0.5822079551324626, 0.5822202543477726, 0.5822325535630827, 0.5822571519937028, 0.5822571519937028, 0.5822571519937028, 0.5822571519937028, 0.5822571519937028, 0.5822571519937028, 0.5822571519937028, 0.5822571519937028, 0.5822571519937028, 0.5822571519937028, 0.5822571519937028, 0.5822571519937028, 0.5822571519937028, 0.5822571519937028, 0.5822571519937028]
outputs_edges[ 3 ]=[0, 0, 0, 0, 0, 43922, 137695, 381468, 703153, 1045464, 1396358, 1747106, 2098320, 2450736, 2797006, 3101611, 3403342, 3574608, 3623337, 3651071, 3678540, 3690261, 3701298, 3701298, 3701298, 3701298, 3701298, 3701298, 3701298, 3701298, 3701298, 3701298, 3701298, 3701298, 3701298, 3701298, 3701298, 3701298, 3701298, 3701298, 3701298, 3701298, 3701298, 3701298, 3701298, 3701298, 3701298, 3701298, 3701298, 3701298, 3701298, 3701298, 3701298, 3701298, 3701298]
--------------------------------------------
outputs[ 4 ]=[0.0, 0.0, 0.0, 0.0, 0.0, 1.2299215310063217e-05, 0.00012299215310063218, 0.0007748505645339827, 0.005288662583327184, 0.024635328266056626, 0.072762157774334, 0.15025951344304234, 0.23935502914914028, 0.3367894128354611, 0.4156765798342066, 0.4716626079256143, 0.5139104125156815, 0.5399355521117752, 0.5571790519764839, 0.5691215900425552, 0.576255134922392, 0.5810641281086266, 0.584446412318894, 0.5876196098688904, 0.589120114136718, 0.5900425552849728, 0.5907436105576465, 0.591813642289622, 0.5929451700981477, 0.5935355324330308, 0.5939045088923327, 0.594150493198534, 0.594371879074115, 0.5945932649496962, 0.5948146508252774, 0.5952943202223698, 0.5960691707869038, 0.5965242417533761, 0.5966595331217869, 0.5966964307677171, 0.596708729983027, 0.596708729983027, 0.596708729983027, 0.596708729983027, 0.596708729983027, 0.596708729983027, 0.596708729983027, 0.596708729983027, 0.596708729983027, 0.596708729983027, 0.596708729983027, 0.596708729983027, 0.596708729983027, 0.596708729983027, 0.596708729983027]
outputs_edges[ 4 ]=[0, 0, 0, 0, 0, 60636, 196451, 475992, 790137, 1128851, 1475329, 1825263, 2175572, 2525881, 2815180, 3073751, 3275926, 3414912, 3480230, 3510647, 3529831, 3540657, 3540657, 3540657, 3540657, 3540657, 3540657, 3540657, 3540657, 3540657, 3540657, 3540657, 3540657, 3540657, 3540657, 3540657, 3540657, 3540657, 3540657, 3540657, 3540657, 3540657, 3540657, 3540657, 3540657, 3540657, 3540657, 3540657, 3540657, 3540657, 3540657, 3540657, 3540657, 3540657, 3540657]
--------------------------------------------
outputs[ 5 ]=[0.0, 0.0, 0.0, 0.0, 0.0, 1.2299215310063217e-05, 8.609450717044253e-05, 0.0007871497798440459, 0.004944284554645414, 0.017550980247460213, 0.04582687624529555, 0.0826261284530047, 0.13316360416205447, 0.20261727301798146, 0.29572233291516004, 0.3868718175780385, 0.4543822104149755, 0.49965562197131824, 0.5276363368017121, 0.5463926401495585, 0.5582490837084594, 0.5660836838609696, 0.5716429291811183, 0.5749268196689051, 0.577029985486926, 0.578210710156692, 0.5793545371805279, 0.5806828524340147, 0.5819619708262613, 0.5832410892185078, 0.5842127272280029, 0.5848645856394362, 0.58560253855804, 0.5868939561655966, 0.5883575627874942, 0.5895628858878803, 0.5906083191892357, 0.5910018940791577, 0.5913585713231496, 0.5917029493518313, 0.5918874375814823, 0.5920719258111332, 0.5921826187489239, 0.5922564140407842, 0.5923179101173345, 0.5923548077632647, 0.5923671069785748, 0.5923671069785748, 0.5923671069785748, 0.5923671069785748, 0.5923671069785748, 0.5923671069785748, 0.5923671069785748, 0.5923671069785748, 0.5923671069785748]
outputs_edges[ 5 ]=[0, 0, 0, 0, 0, 30730, 123248, 234740, 394921, 677888, 998239, 1322370, 1651420, 1980968, 2308445, 2545475, 2771396, 2986942, 3172010, 3330337, 3370776, 3385768, 3390448, 3390448, 3390448, 3390448, 3390448, 3390448, 3390448, 3390448, 3390448, 3390448, 3390448, 3390448, 3390448, 3390448, 3390448, 3390448, 3390448, 3390448, 3390448, 3390448, 3390448, 3390448, 3390448, 3390448, 3390448, 3390448, 3390448, 3390448, 3390448, 3390448, 3390448, 3390448, 3390448]
--------------------------------------------
outputs[ 6 ]=[0.0, 0.0, 0.0, 0.0, 0.0, 1.2299215310063217e-05, 1.2299215310063217e-05, 1.2299215310063217e-05, 2.4598430620126434e-05, 3.6897645930189655e-05, 3.6897645930189655e-05, 6.149607655031609e-05, 0.00017218901434088506, 0.0003566772439918333, 0.0008732442870144885, 0.0022876540476717585, 0.008400364056773179, 0.026135832533884337, 0.05562935084741594, 0.12008953828745726, 0.23682139079526726, 0.3567879369296239, 0.4409760657270066, 0.4931370378569847, 0.527427250141441, 0.5494920424076943, 0.5639313211817086, 0.5729835436499151, 0.5776572454677391, 0.5804368681278135, 0.5822325535630827, 0.5832779868644381, 0.5839544437064915, 0.5848030895628858, 0.5862543969694733, 0.587939389466952, 0.5889848227683074, 0.5897842717634615, 0.5917767446436918, 0.5928590755909773, 0.5932895481268295, 0.5940643986913635, 0.5945932649496962, 0.5949253437630679, 0.5950729343467887, 0.595134430423339, 0.5951590288539591, 0.5951590288539591, 0.5951590288539591, 0.5951590288539591, 0.5951590288539591, 0.5951590288539591, 0.5951590288539591, 0.5951590288539591, 0.5951590288539591]
outputs_edges[ 6 ]=[0, 0, 0, 0, 0, 0, 0, 0, 0, 0, 0, 0, 0, 17602, 45583, 277245, 613518, 956415, 1299829, 1643942, 1988055, 2331699, 2675343, 3001335, 3250438, 3393895, 3416453, 3434404, 3443963, 3443963, 3443963, 3443963, 3443963, 3443963, 3443963, 3443963, 3443963, 3443963, 3443963, 3443963, 3443963, 3443963, 3443963, 3443963, 3443963, 3443963, 3443963, 3443963, 3443963, 3443963, 3443963, 3443963, 3443963, 3443963, 3443963]
--------------------------------------------
outputs[ 7 ]=[0.0, 0.0, 0.0, 0.0, 0.0, 1.2299215310063217e-05, 1.2299215310063217e-05, 1.2299215310063217e-05, 1.2299215310063217e-05, 1.2299215310063217e-05, 1.2299215310063217e-05, 1.2299215310063217e-05, 1.2299215310063217e-05, 1.2299215310063217e-05, 1.2299215310063217e-05, 1.2299215310063217e-05, 1.2299215310063217e-05, 1.2299215310063217e-05, 1.2299215310063217e-05, 1.2299215310063217e-05, 1.2299215310063217e-05, 1.2299215310063217e-05, 1.2299215310063217e-05, 1.2299215310063217e-05, 1.2299215310063217e-05, 1.2299215310063217e-05, 1.2299215310063217e-05, 1.2299215310063217e-05, 1.2299215310063217e-05, 1.2299215310063217e-05, 1.2299215310063217e-05, 1.2299215310063217e-05, 1.2299215310063217e-05, 1.2299215310063217e-05, 1.2299215310063217e-05, 1.2299215310063217e-05, 1.2299215310063217e-05, 1.2299215310063217e-05, 1.2299215310063217e-05, 1.2299215310063217e-05, 1.2299215310063217e-05, 1.2299215310063217e-05, 1.2299215310063217e-05, 1.2299215310063217e-05, 1.2299215310063217e-05, 1.2299215310063217e-05, 1.2299215310063217e-05, 1.2299215310063217e-05, 1.2299215310063217e-05, 1.2299215310063217e-05, 1.2299215310063217e-05, 1.2299215310063217e-05, 1.2299215310063217e-05, 1.2299215310063217e-05, 1.2299215310063217e-05]
outputs_edges[ 7 ]=[0, 0, 0, 0, 0, 0, 0, 0, 0, 0, 0, 0, 0, 0, 0, 0, 0, 0, 0, 0, 0, 0, 0, 0, 0, 0, 0, 0, 0, 0, 0, 0, 0, 0, 0, 0, 0, 0, 0, 0, 0, 0, 0, 0, 0, 0, 0, 0, 0, 0, 0, 0, 0, 0, 0]
--------------------------------------------
outputs[ 8 ]=[0.0, 0.0, 0.0, 0.0, 0.0, 1.2299215310063217e-05, 1.2299215310063217e-05, 1.2299215310063217e-05, 1.2299215310063217e-05, 1.2299215310063217e-05, 1.2299215310063217e-05, 1.2299215310063217e-05, 1.2299215310063217e-05, 1.2299215310063217e-05, 1.2299215310063217e-05, 1.2299215310063217e-05, 1.2299215310063217e-05, 1.2299215310063217e-05, 1.2299215310063217e-05, 1.2299215310063217e-05, 1.2299215310063217e-05, 1.2299215310063217e-05, 1.2299215310063217e-05, 1.2299215310063217e-05, 1.2299215310063217e-05, 1.2299215310063217e-05, 1.2299215310063217e-05, 1.2299215310063217e-05, 1.2299215310063217e-05, 1.2299215310063217e-05, 1.2299215310063217e-05, 1.2299215310063217e-05, 1.2299215310063217e-05, 1.2299215310063217e-05, 1.2299215310063217e-05, 1.2299215310063217e-05, 1.2299215310063217e-05, 1.2299215310063217e-05, 1.2299215310063217e-05, 1.2299215310063217e-05, 1.2299215310063217e-05, 1.2299215310063217e-05, 1.2299215310063217e-05, 1.2299215310063217e-05, 1.2299215310063217e-05, 1.2299215310063217e-05, 1.2299215310063217e-05, 1.2299215310063217e-05, 1.2299215310063217e-05, 1.2299215310063217e-05, 1.2299215310063217e-05, 1.2299215310063217e-05, 1.2299215310063217e-05, 1.2299215310063217e-05, 1.2299215310063217e-05]
outputs_edges[ 8 ]=[0, 0, 0, 0, 0, 0, 0, 0, 0, 0, 0, 0, 0, 0, 0, 0, 0, 0, 0, 0, 0, 0, 0, 0, 0, 0, 0, 0, 0, 0, 0, 0, 0, 0, 0, 0, 0, 0, 0, 0, 0, 0, 0, 0, 0, 0, 0, 0, 0, 0, 0, 0, 0, 0, 0]
--------------------------------------------
outputs[ 9 ]=[0.0, 0.0, 0.0, 0.0, 0.0, 1.2299215310063217e-05, 3.6897645930189655e-05, 8.609450717044253e-05, 0.00029518116744151724, 0.0019555752343000518, 0.012127026295722333, 0.027316557203650407, 0.04024303249452685, 0.052825129756721524, 0.0676456842053477, 0.10074287260472782, 0.166346887068605, 0.25224460679408656, 0.33910166531375296, 0.4142498708582392, 0.4685755048827885, 0.5047843947556145, 0.5278577226772931, 0.5426413794799891, 0.552726736034241, 0.5595650997466362, 0.5644478882247312, 0.5687034167220132, 0.5715322362433277, 0.5739182840134799, 0.5764273239367328, 0.5787764740609549, 0.5799203010847908, 0.5805844587115342, 0.5808796398789757, 0.5810395296780065, 0.5811010257545569, 0.5811625218311072, 0.5811994194770373, 0.5812240179076575, 0.5812363171229675, 0.5812609155535877, 0.5812732147688977, 0.5812732147688977, 0.5812732147688977, 0.5812732147688977, 0.5812732147688977, 0.5812732147688977, 0.5812732147688977, 0.5812732147688977, 0.5812732147688977, 0.5812732147688977, 0.5812732147688977, 0.5812732147688977, 0.5812732147688977]
outputs_edges[ 9 ]=[0, 0, 0, 0, 0, 0, 12469, 33855, 55722, 85404, 115086, 307454, 569940, 873641, 1203591, 1535774, 1856184, 2176365, 2500752, 2819657, 3068865, 3261591, 3418741, 3458249, 3485189, 3506216, 3527521, 3534374, 3541227, 3541227, 3541227, 3541227, 3541227, 3541227, 3541227, 3541227, 3541227, 3541227, 3541227, 3541227, 3541227, 3541227, 3541227, 3541227, 3541227, 3541227, 3541227, 3541227, 3541227, 3541227, 3541227, 3541227, 3541227, 3541227, 3541227]
--------------------------------------------
avg_output=[0.0, 0.0, 0.0, 0.0, 0.0, 1.2299215310063217e-05, 7.010552726736034e-05, 0.00040710402676309265, 0.0015804491673431238, 0.0061668265564656976, 0.018746463975598357, 0.04033896637394534, 0.06736895186087129, 0.09780704991021573, 0.12843455587533514, 0.16138415369099451, 0.20042309300666616, 0.24101173345140586, 0.27655031608983344, 0.30796866159938996, 0.33677711362015106, 0.359913167539911, 0.3757238088209972, 0.3856283669101912, 0.39213465180921464, 0.39630285587779496, 0.39905911002878025, 0.4011007797702507, 0.4025779155289893, 0.40356554251838733, 0.4044326371977469, 0.40517059011635065, 0.4057068359038693, 0.4061545273411557, 0.40666371485499236, 0.40719873072098006, 0.40770545839175465, 0.4079944899515411, 0.4083118097065408, 0.4085036774653778, 0.4085885420510172, 0.40870046491033873, 0.4088074680835362, 0.40890217204142376, 0.4089661279610361, 0.40900794529309026, 0.40904115317442746, 0.4090596019973926, 0.40906698152657855, 0.40907313113423366, 0.4090805106634196, 0.4090805106634196, 0.4090805106634196, 0.4090805106634196, 0.4090805106634196]
avg_output_edges=[0.0, 0.0, 0.0, 0.0, 0.0, 13528.8, 46986.3, 113865.2, 196912.7, 298605.9, 420672.3, 585101.8, 772624.2, 974103.3, 1176091.2, 1382386.5, 1590660.1, 1778240.0, 1942403.4, 2096301.5, 2217890.1, 2315040.3, 2382725.1, 2424765.6, 2455082.0, 2472822.7, 2477699.3, 2480696.9, 2482855.3, 2482855.3, 2482855.3, 2482855.3, 2482855.3, 2482855.3, 2482855.3, 2482855.3, 2482855.3, 2482855.3, 2482855.3, 2482855.3, 2482855.3, 2482855.3, 2482855.3, 2482855.3, 2482855.3, 2482855.3, 2482855.3, 2482855.3, 2482855.3, 2482855.3, 2482855.3, 2482855.3, 2482855.3, 2482855.3, 2482855.3]
